trail_a_id,trail_b_id,samples_a,samples_b,ind_a,ind_b,same_individual,fold,pipeline,selection_method,reducer,outlier_method,scaler_method,k_features,n_components,comparison_id,min_observations,max_observations,use_sexmodel_prediction,avg_proba_A_0,avg_proba_A_1,avg_proba_B_0,avg_proba_B_1,avg_proba_R_0,avg_proba_R_1,center_a_x,center_a_y,center_b_x,center_b_y,center_r_x,center_r_y,coords_a_x,coords_a_y,coords_b_x,coords_b_y,coords_r_x,coords_r_y,selected_features,selected_scores,dist_euclidean,mean_euclidean_between,median_euclidean_between,mean_euclidean_within_a,median_euclidean_within_a,mean_euclidean_within_b,median_euclidean_within_b,dist_manhattan,mean_manhattan_between,median_manhattan_between,mean_manhattan_within_a,median_manhattan_within_a,mean_manhattan_within_b,median_manhattan_within_b,dist_cosine,mean_cosine_between,median_cosine_between,mean_cosine_within_a,median_cosine_within_a,mean_cosine_within_b,median_cosine_within_b,dist_chebyshev,mean_chebyshev_between,median_chebyshev_between,mean_chebyshev_within_a,median_chebyshev_within_a,mean_chebyshev_within_b,median_chebyshev_within_b,dist_canberra,mean_canberra_between,median_canberra_between,mean_canberra_within_a,median_canberra_within_a,mean_canberra_within_b,median_canberra_within_b,dist_braycurtis,mean_braycurtis_between,median_braycurtis_between,mean_braycurtis_within_a,median_braycurtis_within_a,mean_braycurtis_within_b,median_braycurtis_within_b,pred
m565_a,m565_b,"['31', '32', '33', '34', '35', '36', '37', '38']","['39', '40', '41', '42', '43', '44', '45']",m565,m565,True,2,forward_no_out_standard_k10_lda_nc2_sex_on,forward,lda,,standard,10,2,0,7,8,True,0.0021438971161842346,0.9978561401367188,0.004974390845745802,0.9950256943702698,0.5381627678871155,0.4618373215198517,-2.2340432939583876,0.6319049448442948,-2.362974715159442,-0.6842235505418337,0.09032327915428671,-0.0006973089369069023,"[-2.788198209381836, -3.4671154287913355, -2.505504093193994, -1.5761387806933436, -2.089616453787402, -3.2531236611015393, -0.37873001538905343, -1.8139197093285953]","[1.9348324578536842, -0.7287374691586769, 0.2914077004821979, 0.9889850902524255, -0.3250364112726888, 0.04301529156416472, 2.1715515483300516, 0.6792213507032]","[-3.2913790067361, -3.1933411045261875, -1.898071285393897, -3.4242921938596202, -1.913479026361502, -1.1418654541927187, -1.678394935046067]","[-0.0909810543705968, -2.2280270421944453, -0.4722181310275441, -1.613818070791091, -0.8917954540103098, 0.8353292263414682, -0.32805432774031773]","[-0.9127459862629297, -1.2574312799378338, 0.5536995902588191, 0.6705724230462212, 1.2624814542172909, 0.42512013754035216, 1.0222072747238244, 0.47953216363111195, 0.6758880254999106, 0.06504611126489752, 0.9345081619129582, 0.9379853370806938, -1.0148873478109213, -0.8824504255181054, 0.43049934567728715, 0.5663072025131899, 1.514123364914447, -0.5825355483212635, 0.35111448780834703, -0.19434477803494615, -0.894547337283854, 0.06995862318854017, 0.4834901492764938, 1.290517611382853, 0.015287969485995725, 0.6959887714122499, 1.072522211959682, 0.2952034988644177, -0.1569761448314615, 1.3083106620209, 0.44102095001261993, 0.20032848039887907, 0.06056068242688665, 0.5263910137576931, -0.8803280781443935, -0.756203521710388, -0.07533659076140306, -0.10340100783942172, 0.290925684945278, -1.0376015698754586, -0.2548939746086711, 1.6649055250020084, 1.2201417858519479, 0.39614515792065724, 0.33304167776528415, 0.1386299454015961, -0.15849112180912442, 0.5739633612770775, -0.5281814778969639, 0.022869532499314234, 1.5357750289373882, 0.6100390128228431, 0.21811856977339444, -1.033187675016651, 0.13948059139494792, 0.30593121329951545, -0.4607417390911213, -0.4126952818342287, 0.624882223522038, 0.5315589246526299, 0.1761739117806024, -0.9332540651110035, 0.6624869782366193, 1.165542972331935, 0.07405814725893027, 1.294483993867848, -0.38694419193654916, 0.47016060592634373, 0.13509637095582816, -0.07121495689331428, 1.5285913498208252, -1.9047879665381022, 0.26377446695180695, -1.3044689245076837, -1.1396032911872853, 0.038909460274644446, 0.3232474939377337, 0.724336911778782, -1.4791683441096808, -0.20540176612748112, -0.32745347580335865, -0.05904154847056907, -0.6018062204796911, -0.1456298396073107, 0.5062117464789831, -1.5105723006230116, 1.349212208090767, -0.30749034042322765, 0.861866839160968, -0.3405295869335649, 0.03259209798647386, 0.4171228359341872, -0.4366449590549045, 1.0473094423487899, 0.36768014084399875, 1.1564916339441746, -0.09804089556067533, 0.6239244381168915, 0.2575478503626113, 0.19972075570396913, 1.1141078946099239, 0.7677808333215234, -0.8497298884515856, 0.15416781851027453, 0.6876324852326553, -0.3959519529848327, -0.04833669759803079, -0.6088783689471677, -0.5986843017677503, 1.0084210880626032, 1.0993825132303396, 0.3030967036399644, -0.5695331522017154, 0.9440847705025384, 0.002390423008054732, -0.5721427079782794, -1.0768706945738036, -2.2055307154330386, 0.8175331153060127, -0.09477246271690014, -1.466093906955122, 0.8395372937309161, -2.0844254417446186, -1.7896897104266327, -1.4861721082139119, 1.1043720134649295, 0.021881442082034748, 0.9949527992321056, -1.508961736232733, -1.7354443892241547, -1.6907321642896633, -0.9838331414098983, 0.567656391346383, -0.5446134076965237, 0.8909032922847429, -0.6194611182408455, -0.22957462046628085, 0.4187066197097338, 1.5862622210296915, 0.6850838880434249, -0.0027763630826434967, 1.0213591149492205, -0.03196443981126051, 0.565417874112357, -0.7925527235674833, 0.07083814925320973, -0.3491567718979554, 1.8377353451726122, 3.2428663499710417, 0.8784997489376117, 1.8143723795613615, 1.7653630273063994, 1.994091631788159, 0.9380528641011318, 2.7012203802243984, 0.38053476754332904, 0.6232097498597409, 0.8321447218367326, 0.779906801605692, 1.0014620074869194, 0.1839141135422122, 1.6369000075946005, 1.2960834037931912, -0.14557314865370682, 1.9495655279327233, -0.356629002722502, 0.2641383918911047, 1.2595727814190791, 0.5904166679412762, 0.6671970460019497, 0.42818654856232946, 1.3701652888354678, 1.109260826909292, -0.2853768716697916, 1.4598291628409326, 1.7527328668357212, 0.44744909121849635, 0.48753854028875176, 0.9618676800423389, 0.6494719124228194, 0.8380998382737603, 0.7368562178123376, 0.6048484727246174, 1.044684026339527, 2.041262251460584, 1.1433551649539722, -0.2499083953837813, -0.37090873323066076, 0.589196412001762, 0.9785551726124688, 0.7477267171424592, 1.7053179004231698, 1.7604953390753801, -0.9478183264859367, -0.5904767791161207, -1.5629249507477687, 0.538920961588833, -1.036740342624864, 0.5579183508905704, -0.657672999608572, -0.001170704885994085, 0.0112673285211395, -0.28900711818446556, -0.5336729959162015, 0.2417866009368649, -0.4669425752859285, -0.6814807525848858, -0.24265849246327428, -0.1776339911643195, -2.1510274513508154, -0.5061088685872187, 0.6798533231085655, -0.12027298299132254, -1.0495463714949973, -0.8593866244393932, -0.5826208489668745, -1.6654301227410482, -0.9638377608694526, 0.3448953474251326, -1.1486643984345317, 0.2540243303146442, -0.43206362775892726, -2.2981086267381916, -1.3901546586779332, -1.4031660681949163, 1.1758065231358457, -0.10279415820098638, 1.122969078406093, 0.4972499931587124, 0.2728360025859244, 1.560350702904091, 2.10592315258506, 0.9964007314826756, 1.4877746923107764, 0.5596264444923031, 1.1101075182041753, -1.4899418667481794, 0.2140437420466692, 0.2885371591699487, 0.01614588352014249, -1.2275456669873344, -0.46871781159489806, -0.6559493731154381, -1.5761839643367892, -0.9945143933364989, 1.4811670044588088, 1.1891784820063047, -0.5479263133950719, 1.2634350389543898, 1.0302592443418304, 1.488002569307176, 3.7113309193566497, 0.7041886006717374, 1.0488464665102069, 0.5492170063984467, -0.5414938898212147, -1.2757706291035178, 0.876115294091848, 0.19381093712353098, -0.06604031052670296, -0.06885241420097213, 0.006094725474353831, 1.1931628773529668, 2.164534873274312, -1.042455524519768, -0.5894607339800344, 1.6477206370551123, 0.95275346233237, 0.03557838760693233, 0.6143044555600454, 0.1511529429931949, -0.5712147638264936, 0.13294761735985927, -0.8061367256552131, -2.139219037373483, -2.6603606690116215, -0.5461704478803467, 0.2551913566340991, 0.6977328338192812, -2.045983995336568, 1.386059283125211, 1.7100742584317057, 0.6900376278778516, 0.43643286908077755, -1.2706763547209163, -0.21203600715622692, -0.7413298011080216, -0.6118496539962861, -0.3068563800556757, -1.4363377681002096, -1.375135874763714, 1.0887988079524522, -1.7506023053783482, -0.18504827717006678, -0.13153291167214154, -1.3336466771418318, -0.555994822178098, -0.7962462387045366, -0.5250734742541979, -0.6654373466001822, -0.596092652876242, -0.8872302466507375, 0.06421017603365639, 1.7794691375433032, 0.30428270127654544, -0.17755622783878938, 0.8135670473792529, 0.7451132635402501, -0.9163589787009309, -0.1015587365877565, -0.8717009081371027, -0.6000500840996158, 1.158615223862033, -1.1357273422854144, 1.4046113471391268, 0.5388474261530652, 1.3597932269751114, 0.637724198274282, -0.4271489344167016, -0.1507404903836463, 0.19890500319266913, -0.3935008385541315, 1.2902878628182597, -0.5710303519986816, -1.1446796365725231, -1.0212655033424383, -1.7681361566751523, -0.17737322513280215, 0.13745898441069773, -1.2042177803822323, -0.6762901416293916, 0.413982691887766, -1.9603977155923604, -0.7019457024418235, 1.058831649507179, 0.8810645769964733, -1.2188216960584952, 0.013009433769600882, 2.007331255781027, -2.5958975791505354, -1.1722689250909355, 0.16976220183784038, -1.2631513002783763, -0.5263109924440736, 0.07774749861978304, -1.0076284193517393, 0.5801285336131413, -0.3799984717629555, -0.2872115728241426, 0.20172698948955317, -0.8742673372680848, 0.8937817252445385, -0.9348456293177638, -0.7413821681476068, -0.9781234710942388, -1.2465677501162757, 0.2900225930147319, 0.6553685728619992, 0.131392690710948, -1.3207996916054905, 0.6128737261848832, -0.12125895029035222, 1.3032185562721081, 0.8598332282272835, 0.5622153581013468, -0.15572586715533634, 0.12820910416361508, -2.2702576492574305, -0.22535954919837667, 0.7428927753442268, -2.6087862898420178, 1.0116784727673458, -0.4215072886131467, -0.18648378529002307, 0.25296464441760486, -0.15158601050459827, 0.5246326496464924, 0.31763003596999306, 0.7090705899420517, 1.5082406475742893, 1.3844543976690915]","[1.3216714266223526, 0.47517819587260696, 1.0519702816201104, 1.0017947749181972, 0.6862962728597596, 0.572602195604326, -0.1720577514652272, 0.27530381397208065, 1.0921191022267487, -1.0296766450503287, 1.1193741814464635, 1.1596327621754507, 0.9943997749568697, -0.48446411376321596, -0.13152138962744508, 1.2317180484045247, 0.8402326392977314, -1.1577687959364282, 0.876239402417931, 0.1326106607375671, 0.11823439255347407, -0.692424930760043, 1.09107853846556, 1.060808746971373, 1.4359778657570537, -0.3199633881440599, 1.2753320186621526, 0.3596562340596304, 1.5492204246644963, 1.3577722567778785, 1.7747939637230883, 1.1088724162706967, 0.010262680169008824, -0.6891528201945432, 0.18756409432713755, -0.6240885931645617, 0.6506073474792043, -0.2431619096344585, -0.6170574534873783, 0.8088129147784165, 0.5164302239954992, 0.12328697410676565, -0.21116782775376, 0.5097728608572906, 0.5919650183286008, -0.5167982018703088, 0.5594468763415882, -1.1495980082868067, -0.663137385698554, 0.8554366286643564, 0.1666651423094848, 1.0773244347406123, 0.3396130905452591, -1.0291135068000328, 0.03800791178865233, -0.012474184773644023, -0.3560691824791398, 0.5250859852465181, -0.3772367281791482, -0.6930399625175288, -0.023994591783587007, 0.4544779575083391, 0.30913288413796086, -0.22971862971535684, 1.454440515545869, 0.7874965697681857, 0.48518274200769146, 0.020238739939386907, -0.09487780932654202, 0.24929263824911935, -0.22655487260975293, -0.05012505711297972, -0.2264325837262842, 0.5531076726151121, -0.7840099808760606, 0.39850334515319374, 0.22049671469135687, -0.2566649360950162, 0.08320574235965271, 0.982269482948257, -0.9667477617970976, 0.007418456005146475, -0.41763531979722324, 0.22158225734606554, -0.13172389993966283, -0.511371268113347, 0.09916366930039189, 0.5399178100086967, -0.7522137649476325, 0.9735915683987971, 0.24150596712257746, -0.6304306319408959, -0.07824988063367924, 0.7619922192976565, 0.3996594261169383, 0.16966269445624152, 0.7061231911085558, -0.23526985652572951, -1.3360144821862163, 0.2789281544149204, -0.07896443916937468, -0.5153289007358395, 0.590933863341845, -0.9956794188880104, -1.0575943500218572, 0.34319623584481784, -0.11933041028558844, -0.35725710811662315, 0.7653900296599055, 0.5676836166228787, -0.40371630612415443, -0.03324093295839765, -0.7603176007572476, 0.16397608980171968, 0.3660075931617892, -1.0116615819186259, 0.1165804300553015, 1.1355030223555258, 0.5191763418543456, -0.23776594375226712, 1.5514635318931465, -1.1591291696843116, 1.256290305103747, 2.2085247850526475, -0.08559693618721924, 0.6224596311880537, 1.0197468298134638, 0.927424279477529, -0.5599036294797441, 0.2145239789113931, -1.267088860750183, 0.5819362693198727, -0.4786841487547607, 1.525878205406091, 0.6822553246177011, 0.19907921746121174, 0.43972625760639045, -1.1741808584082667, 0.5057011800710316, 0.0016048270435605396, 1.4462205040827043, 0.2162704279189115, 0.0791923143957494, 0.07642108144611072, 1.0613112101270379, -1.264104834542702, -0.056281519456277004, 0.7180108600568603, 2.7934256534131587, -0.5948504976563074, 2.085227411964061, 0.8988214571248619, -0.7256796639419859, 1.8186720782718793, -0.36241689360644086, -0.04226926018217119, -0.3118881435694583, 0.8855989374643561, -0.8040367626408239, 0.18649087909866666, -0.6176301623603797, 1.4139171025477049, 0.5557824874211408, 0.5113688341479578, 1.124629105176772, 1.5884888432282294, -0.9283544122341976, -0.5365408030512973, -0.004051637388546988, -0.6387559731144996, 0.13919227754060695, -1.6755977381585054, -0.448857984565742, 0.4885038045315767, -0.07374946366088302, -1.0247566687329226, -1.1669915737375092, 0.37426284300858986, 0.3087538911374652, -1.4270028616719312, -2.9236324507402633, -1.4922983913929424, -0.7716837167232101, -0.4369778035448918, -0.7872223329289773, 0.07022570991374551, 0.16973575449304032, -1.863310222519211, -0.5486022962110354, -2.048312906241305, -0.3902084805446419, -3.1576857669321674, -0.26720723157113285, -1.650286404491196, -0.14249698884476508, -0.2565908308940793, -0.16648716538292727, 0.3256706348613713, 1.652865714968378, -1.9541298706967725, -0.17785787600248282, -0.5535602654445091, 1.381158597553996, 0.17946173277246893, 1.277535356565598, -1.6208874707778984, -2.7611293511631874, -0.02783150691516956, 0.9269480619144311, -0.6343357497091965, 2.3943350830750085, 0.24554990930441645, 0.6555864071588289, 1.5991506666804853, 1.0704068502979938, -0.6187241941637855, 0.7307085467654906, -0.09252532232791752, 0.3890260204072093, 0.05862223486952992, 0.7536503540916942, -0.09813077411661264, 1.363581220015785, -0.7075317231100173, -0.17010178767631817, 0.7791892841533429, 1.2361299639074548, -1.7685223335401137, -1.983609057007662, -1.137486295257358, 0.12650435044690905, -1.850126006454146, -0.06863931188628317, -1.2474495872717963, -1.221906609374664, -0.8321422753181216, 1.3786949269447943, 0.7505882229295908, -0.048281812800838306, -0.031178786464489027, -0.7707202208642535, 0.4439804516933248, 0.43383714935789724, 0.08344993061762129, 0.256454588291744, -1.2642164196394698, -4.510771911589404, -0.29370841045202767, -0.6507553133896267, -1.8174567323876463, -2.293162319236065, -0.6346145779835187, -1.2821032544143087, -0.8857934667054062, -0.1280568889372648, -2.7367458020853643, -1.251502530248905, -0.16353520526905826, -1.5346048497887903, 0.45990551005420727, -1.8749240955078392, -0.43988435048694047, 0.11348204901390488, 0.9635229922735894, 0.15895579212335326, -0.2955157888719444, -0.3908033979821983, 0.2523238024160048, -0.3735705891272993, -1.5342581884484408, -0.5237736807860118, -0.9490666801161445, -3.3773100649708754, 0.1419470361376158, -2.436739284612153, -1.9544724631594965, -0.6364444034737939, -1.5299963272530823, 0.27236163029723354, -0.35893082175322044, 0.12307853417395705, 1.504744665615357, 1.8089216624555138, 0.21811729851371028, -0.6424638337550997, -1.1017681205332674, -0.5533491662405955, 0.7720076888038842, -1.2517628493854636, -0.6315200021199613, 0.8154432304187087, -1.5955399840065374, -0.2383264114859056, -1.2470463101738505, 0.1050762463764276, 1.930072777456501, 0.5814609322361387, 0.38527920771141927, -0.2053503164226109, -0.3635642809924994, -0.26819724909950027, -2.1841294297604636, 0.565448717578111, 0.3563791464665896, -0.6764607247278985, 0.8596495359545868, 0.14225353848811964, 0.9266791478501168, -0.6242527484520259, 0.7722149002347019, 0.3852569561109328, 1.2736831618951923, -0.9026232719724581, 0.5515751671805463, 1.4786127730318728, -0.13874084376421492, 0.2817418668017853, -0.9346012872928665, 1.052528012454824, 0.16011296070954298, 0.07507439552819987, 2.226996471814371, 0.32559309396836233, 0.03932453783696032, 1.9494112038292528, 1.404568623832236, -0.28734493354303997, 1.0660245004244602, 0.6378759723019471, -1.0028523325235843, 0.25324948975967815, 1.1628381952124018, 0.5366894796279343, 1.535285675604954, 0.7823510356494766, -0.1646120988017411, 1.4625443584208861, 0.24095108445318236, 0.07604442616801277, 0.40538705393916685, -0.9463384219981152, 1.0300175156336002, 0.2514334463649365, -1.9010636342125404, 0.6022101057309871, -0.22130488123776026, 0.08533474494523796, -0.9579718049368455, -0.3847536496874021, -1.6463984480064262, -1.018649690952316, -1.7228356780195277, 0.5961898694105553, -0.9915000816030339, 1.4399787133245052, -1.8754547286194854, -0.7096660947119655, 0.4426776384569767, 0.36484654898567687, 0.4536024939683251, 0.238072286390329, 0.012352351536554017, 0.09507676266931397, -0.2734208426475605, 0.0674890516124223, 0.5534469043301644, 0.1281554939152495, 0.3418227447568882, 0.14403550515309424, 1.4659799198950214, -0.8914369275063371, 0.2839629675778923, 1.015700671134013, -1.4401574975710172, 0.6079767003522077, 0.8241010758433615, -1.0823901792481803, 1.1338908714732756, 1.3548179825362214, 0.4137948127342817, 0.6667203190377616]","['v66', 'v93', 'v21', 'v65', 'v29', 'v73', 'v55', 'v53', 'v19', 'v54']","[np.float64(4.938439773960846), np.float64(3.193317188194768), np.float64(5.302481125091048), np.float64(4.4947355663460264), np.float64(7.165878335512236), np.float64(7.91337584993863), np.float64(13.28546885360994), np.float64(9.05416518476911), np.float64(24.218356140345136), np.float64(11.109249598625047)]",1.3224286475043854,1.9812219621190081,1.6659071173060496,1.8257986230762195,1.6284154789541867,1.7407348411949546,1.6744769590020232,1.4450599165871827,2.544879084245354,2.203762212547261,2.4346227124915,2.193898201746738,2.3017144901173126,2.2328357842788993,0.15142152438128087,0.2822072134639984,0.15934341058413232,0.2454382484595259,0.13725944642503068,0.154875360261202,0.0660010843410952,1.3161284953861285,1.78656098420979,1.5728727653844912,1.5435007571638377,1.4083514633884389,1.4998236098691482,1.522837016420494,1.0280467513821632,1.0619441893793224,1.0995296072432441,1.0722490027303377,1.0995204210531584,0.9160669382748733,0.9366528026280436,0.3108099146838324,0.4839516914254438,0.3865524878234977,0.4268147159600958,0.33383036533593136,0.40026158663024924,0.3521077990966345,True
m565_a,f682_a,"['31', '32', '33', '34', '35', '36', '37', '38']","['60', '61', '62', '63', '64', '65']",m565,f682,False,2,forward_no_out_standard_k10_lda_nc2_sex_on,forward,lda,,standard,10,2,1,6,8,True,0.0021438971161842346,0.9978561401367188,0.9747912883758545,0.025208687409758568,0.5381627678871155,0.4618373215198517,-1.4756349375790894,-1.2343089239827965,2.403720543709697,-1.0027478419769957,-0.006869406198492379,0.04170855234573341,"[-0.47783134306523695, -1.112440897879595, -1.3395479416574707, -2.1236230879694564, -1.2057443177710054, -2.9663691386430826, -1.7989765085690745, -0.7805462650777917]","[0.15546289470690977, -2.0085552494931465, -0.8707243698075201, -1.2047866436530612, -1.5431323267826818, -1.3732047922001736, -1.9368535958917343, -1.0926773087409656]","[2.147123550624062, 2.657894613591406, 2.422282961550782, 2.3556417316103335, 2.756497743781028, 2.082882661100573]","[-1.7110251648713606, -1.4092358106170078, -1.0907993603157813, -0.4255418049825746, 0.3573714125829353, -1.737256323658186]","[-1.8525817367088437, -1.185956346263134, -1.4198606021963223, 0.02189768184519795, -1.3907308158712859, 0.34234221732489034, 0.600709069319809, 1.5301617586505536, -0.25501309959357465, -0.2394056035964689, 0.6841100674436422, -1.328039830314054, -0.9584589013525453, -0.6256558918711366, -0.6114768893271526, 0.4275052996716584, 1.2204053554618524, -1.260780965894758, -0.5111101799357385, 0.5644051332848983, 0.1706910179206549, 0.5580952118994443, -0.11443339032530216, 0.8666242869253938, 0.18263979717263779, 0.5893631764850304, 0.447300384684856, 0.12515497455301816, -1.3724781806591173, 1.0521409197783511, -0.6461702251740831, 0.16358181574843883, -0.22691565139950648, -0.25905472884293457, 0.21266237449159628, 0.09108128081946731, -0.23296510120788363, 1.0287057169992027, 0.9436870502313398, 0.5107286038766817, 0.9982372945161821, -0.015548032430690887, 0.1986236687609727, -0.10402607790602125, 0.6587983557330317, 0.37191801947568537, -1.0474816851326048, 0.2547086620971853, 0.37282287378284623, -1.2709942985721003, 0.0018184323294826578, -0.7436067693985056, 0.04583373383180544, 0.2917734119990677, 0.2969145490873596, -1.1570237498142681, 0.3047178247515103, -0.6715984866723604, 1.0129606250257535, 0.0709201305480133, 2.0626948806574936, 1.0967352061827444, 1.6808537796149583, 0.7528350019404081, 0.5368244233216681, 0.9677873260601014, 1.1712749923997403, 0.6866945090489129, -0.25043126131420346, 0.7884734719824471, -0.6173325556525241, 1.5984892322827324, 0.3877091983279672, -0.5268385166329111, -1.5855931448537977, -1.5520431707319757, -0.2331793032987967, -1.0200073035491863, -1.2667961951914783, -0.800538298111176, 0.4062139943752552, -1.2191325922179137, 0.04182672261079368, -0.293898899387697, -0.14130220595598336, -1.3163906773295344, -1.7229916319543728, -0.85906840495745, -0.16782468515771454, -2.515392589417699, -0.9609295232355709, -1.4762653367308998, -0.8850052655082035, 0.1694818601441804, -0.4005094958887747, 0.3300945908412492, -0.47309468632411056, 0.2831789547668563, 0.3521993614592211, -0.7310833397754735, -1.1549572387269276, -0.38242912901227644, 0.132214491310949, -0.5132248586282224, -0.32483024142451977, -0.3462606668602214, -0.8221714484621674, -0.978705379916068, -0.6507100921420947, -1.586476742548371, -0.8777039778756438, 0.4231458141920961, -0.6871519796609635, -0.4103243591364131, -0.3918066720622719, -0.9609366596813762, 0.7332696940672855, -0.39902367288205337, -0.7632678874919769, -0.6451174225254906, -0.8550997373305428, 0.6474802539155148, -0.1983180656887085, -0.550978728990485, 0.8665917292474874, -1.3594133516756495, -1.5051428455903197, 1.2455557367441152, -0.8770105617121432, -0.7392229362157238, -1.0518668635458173, -1.334741578619287, -0.4869212362922609, 0.69772264250022, -0.2911643462215886, -1.2645350638863624, -0.39364555084350683, -0.6792977991306394, 0.6571053461755627, -1.345732527534118, -1.06255938797298, 1.0149317940641176, 0.3992753582523626, 0.22981356259839322, 0.6188239945500611, -1.841736645927467, -0.6180988416877038, 0.7637250547626694, 0.6497020117376991, 0.21676539382984772, 0.6483059250334162, 0.21923388318976816, -1.123901044826864, -0.39854207069810144, 0.7627342190613154, 0.7799103231100728, 0.5862848744894914, -0.7596672828699624, 1.3085739611436806, 0.9745546695110705, 1.6061533692562664, 1.043711734200602, 0.36732114102378693, 0.8264922096309968, 1.0154158730835101, 0.742277072561702, 0.5970127958978431, 2.1054364766620197, 0.7702003828785912, 1.8946605201383946, 1.8813632272059393, 0.8973677052885415, 0.23401223992855844, 0.20004046765620723, 1.0582333698225255, 0.9962468174049447, 1.6237532352470496, 1.162564965529219, 1.3693988295248911, 0.5859152271555731, -0.030753342800341112, 1.3896129099102348, 0.6432321847822189, 0.6563533102706691, 0.12745146502242283, 1.2005240466594458, -0.34649424270021306, 1.094407914407755, 1.5105719017529764, 1.5839713291848332, 0.3368978856478434, -0.06821964276564102, -0.0989239631288318, -0.6548887500806476, -1.220590054558249, -1.8821709449442328, -0.4519205277775243, -2.479751940982565, -0.8766590510320187, -0.6204108518615281, -1.3285654401759182, -1.3146048573912892, -2.084705636764225, -1.0855433790905433, -1.407408402419946, -0.5778992771950184, -0.4289936453057955, -0.600767996018478, -2.0966090605394547, -1.2452875163007, -2.050929664424719, -1.1993053177988435, -0.3676865673553875, 0.4943369840751862, -0.2948348706125925, -0.5370364399944063, -1.0822951656073687, -1.399941586818463, 0.051147249256740884, -0.5033175267180295, 0.415518325016558, 0.30502914877460247, -0.48966129113571905, -1.2012234754872908, 0.06063386152581689, 0.1784588525402038, -0.3545966035728373, -0.0017706912205114281, 1.0000399427766806, 0.948799723642725, 1.7204666782966427, 0.0827473718455096, 0.9920566780631838, 0.4179878331351851, 0.5921034193241267, 0.9154714052934434, -0.003945512356034531, 1.3039179485329022, 2.0781845504299468, -1.1890229809641875, -1.3785897390216069, -0.5256102462075736, 1.436328123641585, 0.9465101441031936, 0.5410204675433182, 1.3480196631887602, 1.8886831220034057, 2.4164252633489536, 0.7759745152067168, 0.7773320678925016, 1.2161772853282564, 1.5436698143628553, 0.7463497726506905, 1.425211079562509, 0.020467357499820156, 0.8533755410405196, -0.3308166630817629, 0.4174657021001904, 0.8105815544248367, 2.3821911965847327, 0.28580562074432897, 0.7611557004107342, -0.09450421467974082, 0.038697690471290076, 1.612777932835987, 1.905730413572915, 2.136366476556918, -1.3433760935206922, 0.10433698931834859, 1.4010836375964921, 0.7024476733132398, 0.15976445013849747, 1.0936806049256882, -0.6327686358756386, 0.7782094256416295, 0.33055557579305994, -1.4699643388219958, -0.18551779440667862, -0.6160206083002044, -1.058299285944951, -0.7288735297484618, -1.0428429962425279, -0.17628709445459717, -1.0429898157690571, -0.6098556781938893, -1.308657724657895, -0.21748106741601564, 0.6309676585581677, -2.1822525661882852, -0.27885638920451905, -1.719607879633173, -2.3899806993448793, -0.6298198685928584, 0.4744204320931039, 0.7620739952485015, -1.0205456368438064, -2.0970961197654105, -1.9405751859516083, 0.026298486448917784, -1.717487303212977, -0.025506184078301405, 0.08260603927379512, -0.8348067762369835, 0.061042691400586685, 0.5927300439591222, -1.6366250301224068, -0.6204089272051679, 0.4136896362702821, -1.130401216649214, -0.2835085570600241, 0.6454719630538499, 0.20000135274263314, 2.8036006389611403, 0.73525445557168, 0.015203098089819306, 0.41983172169563276, 1.2319395281983618, 1.1261092678282858, -1.11226057110163, 1.2574499146553337, 0.7763053751420979, 1.3093236266704895, 0.5192910814045884, -0.7782894375355218, -0.5783135005484514, -1.1298951217366715, -0.013937129865691482, -0.7704819653775127, -2.107200826948231, -0.8872801583594002, -1.5712887233316397, -1.592636035137658, -0.9629332530581902, -0.8775391341868185, -1.4087852554359863, -0.2589220161896091, 0.8931379989258087, -1.1379654106774406, -0.08224411338107568, 1.6108992401531457, -0.593184148523971, 0.44266613638729674, -0.708651494904583, 0.22813530585295727, -0.36694837694452787, -0.9256773000369437, 2.980661886049282, 1.1468875939930334, 2.15805702876824, -0.6842876562981132, 0.30147803479430035, 1.918266293002595, 0.15471198873385159, 1.1719723548873144, -1.7344312014909264, -0.863389348587338, 0.27329879110688465, 0.42399710038492705, 0.21194186687111718, -1.6091353141937923, 1.081731911323049, 0.6286557432484031, 0.7351248403120928, 0.45779706661832026, 0.6322175233571593, 0.20821410394157022, 1.230250006008354, 0.1337153536055535, 1.3347014924946925, 0.8040555698664844, -0.2106185140396276, 0.6362065674064311, -0.189075374417192, 0.8537331145616942, 1.4168905611278793, -0.921660330199768, 0.3500671956774998, -0.6029880123932052, -0.29402573399841075, 0.2613822986749277, 0.5516925680422328]","[-0.07242711068671129, -0.18239861022864776, -0.6334870844310408, 0.40664537252310523, 0.03213903036221326, -0.052092182029078705, 0.41787312418581046, 1.7584782507761578, 1.85002972752624, -0.7523083532760911, 0.7133719301128877, 0.8674195803021294, -2.5289227295018324, -0.3541540237756718, 1.7265373199434244, -0.10679705450744366, 0.8007960844735919, -0.554508112362437, 0.40978285598510905, 0.6340421703831558, -0.554423633885126, 1.532534493917845, 2.3557370944532807, 0.3654291667045261, 0.0039017091892269507, 1.6747236542742512, 1.3183904895243381, -0.02772065408931242, -0.2918826914925934, 0.270007047177977, 2.030453272343011, 1.1659363228648714, 1.135105037729562, 1.3621030814692476, 0.6840639711563029, 0.7003914928676539, 0.22546426940859735, -0.40899056785497967, -0.11381459057154661, 0.5733868232758217, 1.1766783392097886, -0.02075763381282565, 0.807298179953279, 0.3402785735201313, -0.09243695150354528, 0.6531820750858798, 0.7695462072320691, 1.4116812868679185, 0.04288069592011255, 0.06748189249074825, 2.5106996635581313, 0.5582718384577232, -0.21129858457644815, 0.7771624149913164, -0.030383080956629796, 1.4428161750053146, 0.3006729455917457, -0.29583051986571174, 1.1509655799492833, 1.029208567045009, 0.28521489274264106, -0.9540653417295042, -0.0685931803677893, -1.2221312019985298, -0.07420503088890755, -0.7093881402428283, -1.8343070593390876, 0.6368537197823406, 0.3734527213873628, -0.7915048490478119, 1.6146469171975184, -0.6309404689053068, 0.032924128159280155, -1.369739947986288, -0.14679017523790028, 1.081332956690835, -0.36917332740564757, 0.594468296778966, 2.4588308717363114, 0.9871069786549277, -0.3108833182403881, -0.7091517641311323, 1.1540413884860432, 0.9811069828001467, 0.932114480078485, 1.1936461923159982, 1.4401074401538065, 0.10504165978658032, 0.29276193445718, 0.7901846100931839, 1.0439665792429713, 1.1182304818538462, 0.38786877465903397, 2.305618670510485, 0.8212427788002816, 0.4242597337178468, 0.6814194718060419, -0.29823326023663216, 0.9915559192542877, 1.1407231081592488, 0.15199448578516936, 0.8340609056200302, -1.3283709402409123, 0.39830459599929136, -0.8504893511646747, 2.057065070989079, 1.5023919232444634, 0.2544155573357682, 0.56747309450095, 0.9868453851236193, 0.6470213922886517, 0.280444555207544, 2.0083828954696834, -1.1177566602491238, -0.009364173302253483, 0.5229479397925213, 0.79762163721705, -2.022727579291526, -1.3287215990007009, -0.09914379180181727, -0.632921961944482, -1.173311284025838, -1.8233947413941571, -1.4706045571685746, -1.926373083984618, 0.32977508059374894, 0.2612745848015379, 0.4009124095892264, -1.6207212358953977, -1.7685575544933552, 0.3737475507067912, 0.40883222730995405, 1.003588181297612, -1.9458997813215664, -0.45082205003905035, -1.3397612360349505, -2.2133359612652495, 0.46510157800761337, 1.779779210613272, 0.2181244406040338, -0.364096106327539, -1.130558097289237, 0.04338575064584193, -0.323532314902967, 1.1287339716316862, -1.6634338982196293, 0.22186257175913862, 1.3470173928571425, 0.6976655547995316, 0.9342443535669825, 0.056675203098521115, 0.686664326174109, 0.2577155502772659, 0.24278902705070737, 0.4137787765746768, -0.5141872725636414, -0.2890066759988747, 1.1478424961875309, -0.7424404398020291, -0.8626793662171182, -1.1536908342096068, 0.43529319032379055, 0.011418580275445267, 0.49838051261191174, 0.3656248553475777, 0.0077420214353960595, -0.5137706211911806, 1.4050540811602834, -1.4211371134524688, 0.7736827105821352, -0.6532284997977871, -0.12235837661636723, -1.2135163231303776, 0.9084795325951487, 0.14385828612273746, -0.4412590912133807, 0.5946279963485479, -0.3257680762415999, 1.1717782269882149, 0.19687915673847087, -0.26863680822760655, 0.6930905709983607, -0.4373682881062527, -0.30337593489838005, 0.8105787696955395, 0.16161131325539252, -0.5281981228732596, -0.4218213952978479, -1.0885009963226318, -0.26792704995856265, -1.1198385112702518, 0.9416711438635704, -0.5935922271934065, 1.2415211135976238, 1.0753038351256945, -0.006020840933201547, -0.17815043989915003, -0.21913678259869454, 0.8434884863434469, -1.6142965539365495, 2.0540683352611597, -1.232660941327382, -0.21797378005855755, 0.3760215214632453, 0.06734296770923057, 0.35122953656744466, 0.5674818647529328, 0.015187036898958966, 0.400349106711044, -1.309025578800681, 0.6706974971025997, -0.5823876686798495, -0.16502510950479646, -0.7522193544965838, -0.8296589561426133, 0.3195806449662414, 0.3118768512257268, -1.2676614617246278, -0.33183978755631716, -1.3730887225663053, -0.028043562419301844, 2.266738067313477, 0.3960293817258106, -0.6056698679203987, 1.3083808031342654, 0.996385703534753, -0.3378878163083782, 0.11121626189862663, -0.5276720067423505, 0.3124500542736659, 0.5354414429163037, -0.029154255275795692, -0.3508426817879915, 1.1350930142251592, -0.35581501140229554, 0.8813333334020487, -1.3990822023853111, -0.23729899407818458, -0.47446722069167796, 0.031060697896036767, 0.9467597758881945, 0.8647401132465773, 1.054159902844001, 1.184586426320215, -0.044717549836612566, 0.7081275855602063, -0.5525529117004904, 0.7524440252377721, 1.0818038967485968, 0.6416680340795223, -0.9066188711505984, 0.3456351322330657, 2.1895555948773366, 0.44105255200355087, 0.512255657279888, 0.7665185307822897, -1.3529979942763481, 0.6293828139865402, -0.3733651924221337, 0.0353123108024741, -0.3418875957096676, -0.3111557488193806, 0.7763380501810553, -0.39042728171262253, -1.0875354353182853, -1.144498990337503, 0.02764860863642349, -1.7812661255720927, 0.18541547322091725, -0.6684309063006648, 0.5952104642300303, -1.2681928480830855, -0.931069853807438, -1.8260911518007812, -1.4525541722247848, -0.8410539893362108, -1.2036798781878084, -2.0024547430291073, -1.3947085710783538, -0.32559995831084915, 0.6067097124959117, -0.6036541198272795, -0.020299554373886544, -0.30714829986273484, 0.01703988088483418, -0.8462441939692533, 0.36015982900688565, -2.384960927482918, -1.1273692595815916, -1.9839945777613681, -0.18631726237593968, 2.33194540446485, -0.06218513348382036, -1.150721257599335, -0.547777113671004, -0.4502011300574001, 0.0361836805858067, 0.16726462020705235, -1.7551498424471383, 0.6428556530308824, -0.5635464870058275, 1.5034972691365405, 0.6599904808015601, -0.8587077215129185, 0.5431254294113597, 2.1250356382514184, 3.289244791553306, -2.149544784059525, 1.6477294713319115, -1.0558413321149849, -1.258594202261611, 1.4076487093814252, -1.0297001284336251, 0.7444381047578147, -0.07868454451542373, 0.8547510029359118, 1.070933595895786, 0.7017176889612855, -1.3771268711958184, 0.1590628871120527, 0.15866683019025282, 0.159103780461792, 0.12999520304697373, 0.3749026301093482, -0.1689210104255822, -1.8625173282434289, -0.12297048687098776, -1.4150138492616897, -0.0317382822410239, -1.0931824956810978, -0.19933208276676675, -2.14372183428746, -0.1036917528181925, -1.1093017462006476, -0.1914229997387069, 0.265017470582654, -0.9885960193720418, 1.1342039673501016, 0.883486406664435, 1.2926517931508614, -1.0142479086707448, -0.744558675452016, -0.49567965725445096, -2.1237162374480634, -3.8303785539638047, -0.4265896311428288, -0.9174772971911329, 0.42043409473828813, 1.8268628058074587, -1.2066317493335623, -0.2545782744127702, -0.15082251341028832, -0.1664992905529016, -0.9498532535834086, -0.6239198974382612, 0.08141404657004668, -2.226512102087967, -0.3855585494776524, -0.768838002736734, -0.5540191750842687, 0.1064222710922186, -1.0702331025020562, 0.2644749019325364, 0.615229245758934, -0.1614756017815148, -0.06697396092946038, -0.04705721173123326, -0.646895325508681, 0.4702312152402061, -1.0154480859647335, -0.8643420824559868, 0.5209045378240262, -0.6604557069894542, 0.1123454568953186, 0.15127623377547517, 0.46479086653777935, 0.4462703394761914, 0.541828845701594, 0.7270107476442, 2.3042789766854717, 0.9792103618623077]","['v14', 'v81', 'v8', 'v82', 'v7', 'v87', 'v36', 'area9', 'v27', 'v10']","[np.float64(23.31963619213669), np.float64(10.28609740606438), np.float64(10.404890964138618), np.float64(13.742617604185963), np.float64(4.833469170297708), np.float64(3.4074598672860326), np.float64(3.4688559453142753), np.float64(53.11740534472928), np.float64(38.640687640385536), np.float64(36.68198809493768)]",3.886260347030941,4.0128433237496965,3.8202043427297276,1.3471731114259413,1.2880210326432293,1.064059519073426,0.8795673076758659,4.110916563294587,4.675048005662627,4.5136984746629665,1.72596841006971,1.538206459228124,1.3076703362278628,1.1837692297362041,1.460892246264218,1.458197296283262,1.456850791219888,0.17600049849785915,0.07513257238205456,0.09604564885540175,0.046951636536297525,3.8793554812887865,3.879355481288787,3.766083207339627,1.2198045080430455,1.0461582452993219,1.009467206004833,0.7829132175655099,1.1035114913172315,1.415889318947275,1.2578178151606942,0.7039921728644181,0.49953131096599357,0.6000161420899851,0.5964253646642279,1.2988093678009043,1.597775518822634,1.380764670818631,0.3703650911605559,0.26445807167296803,0.20122656685150175,0.18777569121042995,False
m565_a,f682_b,"['31', '32', '33', '34', '35', '36', '37', '38']","['66', '67', '68', '69', '70', '71']",m565,f682,False,2,forward_no_out_standard_k10_lda_nc2_sex_on,forward,lda,,standard,10,2,2,6,8,True,0.0021438971161842346,0.9978561401367188,0.9699882864952087,0.03001171350479126,0.5381627678871155,0.4618373215198517,0.7512237009170781,2.0707987888581627,-2.5766117682422602,0.7710017677502988,0.024802837275897487,-0.055623099520648686,"[0.8702348074263809, -0.13123248128966725, 0.29038995921300625, 1.7209954575091155, 0.6444149554339862, 1.3986952189954365, 0.35218252182029613, 0.8641091682280709]","[2.5485228838334977, 2.820984225601947, 3.0731361768454764, 1.0545447233599174, 1.545629069653122, 3.72598411257583, 0.8000730204752718, 0.9975160985202419]","[-2.3434878234409706, -2.350463276409626, -2.791207921515189, -1.8052101734943493, -2.5152612158145424, -3.6540401987788846]","[2.1470366509880763, 0.13332008360753467, 1.8033842298921614, 0.12291354322464962, -1.12534917434534, 1.5447052731347108]","[0.9996645668537895, -1.0638549312903602, 1.6884551627078783, 0.038967441540755654, -0.09103153220848616, -0.4556933439085969, -0.42572873689133667, -0.7888780567076684, -0.538596003421476, 0.7259002787441924, -0.1551902747685721, 0.10648784069487123, -0.8660774687755303, 0.9267512737206164, 0.8589092305641449, -0.3461400732650094, -0.8789026424248891, 0.9796468000719809, 0.2490762412771851, -0.4717617054069037, -0.8410659925984375, -0.28661635034801547, 0.43781589576762653, 0.6979886649565662, 0.13350214004821348, 0.9356115000192708, -0.6917899450512071, 0.49010212903186223, 0.48872443092846213, 0.5908597875094403, 0.029671327206686398, 0.22455468138791165, 0.3772801359419606, 1.1418285102900303, -1.321949273699055, -1.069396004208881, -0.4129240630207448, -0.3425541594605776, -1.2275990058225772, 1.2379411697756468, 0.292113717462318, -0.6855775684724437, 0.021024869402127066, -0.832293127015911, -0.34534074642723966, -0.22086207067122732, -0.4576323775909524, 0.11554805523727787, -0.8140148518498463, -0.014870686405484944, 1.3052305993853857, -0.27510475946061513, -0.7474159925196958, -1.1645551518363215, -0.6099853177156291, -0.11308339339546382, 0.8879036322496296, 0.02087944964099194, -1.1221585115224606, 0.3966163202519651, -0.6741787142106206, -2.0735821376316013, -1.0699630754931808, -0.870067594997786, -1.046807609656234, -1.050405313441063, -1.7291173735980596, -0.09669671075366337, -1.302553452625156, -0.8788505455269677, -0.2786101902067727, -1.2906883927619694, -1.1480732080851437, -1.185440290730661, 0.15912396393716532, 1.0777781668458657, 0.7045623595038061, 1.175814776583221, 0.361338657535207, 0.566427781849416, 0.3159550349197503, 1.0500286910319412, 0.275220859399051, 0.6096095898382417, 0.7089383395031945, -0.7915973102589404, 0.9625269326331296, -0.16752048476826065, 0.7489610432212235, 0.19504086529715087, 1.006263520852261, 0.49416586038791216, -0.09053530775204632, 0.5216164485066094, 0.7372094662172871, 0.7156192935995456, 0.8232460487719917, 0.12041350787687698, 0.24358777535704018, 0.9984252082293559, -0.8540931119454029, 0.31251953779624897, -1.6755059449151306, 0.47337408432778444, -1.1108597533141615, 0.1375633400523484, -0.7068363174866692, -1.613516637952986, -1.2288767715344948, 0.20933810466836472, -0.26654948336593404, 0.10753913765730452, -0.4855065927918052, -0.03537357069662723, -0.13343520633153647, -1.1889202732261692, 0.4452580128823408, -0.015157819744074862, 1.5087841099808186, 0.8242235205523191, 1.9784418656563765, 0.40506041962930855, -0.23431539941264498, -0.5794814483028499, 0.7333462819142912, 1.659619716735366, 0.19854810066337777, -0.04656793244191581, -0.3406265682826281, 1.1549298192073894, 0.2571405755042312, 1.661737062538564, 1.7346621995496132, 0.1867524183924347, 0.26941369825807826, -0.8813385406051998, -0.20995147943590894, 1.1660312070151444, 1.5675689480365198, -0.012148383309664166, 0.2810038476453967, -0.027442808282201095, -0.019489774065599662, 0.22806007246421803, 1.298475589672639, 0.6392240078072603, 0.016779035157102027, 0.5448845217814693, 1.4888962641972594, -0.0036678234805071477, 0.4173782171992893, 0.8404816908049737, 0.005537896203258231, -0.9555643926988828, 0.9544441814054151, -0.936847627642668, -0.3258050219803347, 0.8497093227096145, -1.590711884045113, -1.766982973143174, -1.7020546469823323, 0.33711178858226615, -0.47716831197479903, -0.024641493619708115, 0.30493629347719764, -0.9180468722970719, -1.0471977571205475, 1.6231060750297481, -1.8417444958002034, -0.09093609234321491, 0.057932042767316165, -1.5451327988724155, -0.17981473416256685, -0.7280980887874964, -1.0125459225804387, -1.4118260145128592, -0.30180790843854766, -0.7368428798199348, 0.7764178437692144, -0.5068859456019065, -1.3290112255190352, -1.5929063217970707, -0.7854065236390119, -0.34004890745230576, -0.27022268858473325, -0.5746114042473172, -1.806283040236256, -1.9148217086220372, -3.013145716273106, -1.2364830748299869, -0.38008901230825903, -0.10170852983610174, -0.1250617694296298, 1.3012561951750712, 1.5952035557166808, 1.416870946139872, 1.2958637661755117, 0.8444278392077418, 2.6561679051568756, 0.4220793319433905, 2.9236087957663686, 1.6069228709122398, 2.7687500187524514, 2.144571355952324, 1.049884018769439, 0.8887907597150799, 1.2026597820875455, 1.2313681798900609, 1.7626702489368062, 0.6520776441680111, 2.407430613924332, 1.1163234011630467, 0.922317200899059, 1.4390307809256986, 1.4074714605790424, 1.1367177414798604, 0.39903273511944237, -1.123278103999482, -0.09500063787315856, 0.5943090611236077, 0.5088541436729039, 0.06307782206105274, 1.9582933394890258, 0.20654942699264253, -0.029544393940156417, 1.3055350347991403, 1.3988153070476577, 0.3778034007717716, -1.3709342870540633, -0.3147982204434824, -0.3058761460703196, 0.13113207099400978, 0.23188015969713593, -0.986906805047271, -0.9534913382212377, -1.10047751362106, 2.3168811636091076, 0.4036429255979211, 1.295592637682054, -0.33221313862703855, 0.3820283735325016, -0.22059862942762784, 0.7271988423846125, 0.3201385874616297, 0.37747648431216163, 0.02283192488009215, -1.476063401439125, -1.914014068492032, -0.009457915907151981, -0.24870128074217193, -1.0356231609699478, 0.5837903810276798, 0.03864220577247285, -1.313845393383579, -0.40546485415366224, 0.2918143783917691, -0.1683626333149255, -1.6827537335883778, -0.5811539295329602, -0.6012086122679342, -1.74946192790955, -1.3543960233899217, 0.3623959876987698, 0.6125342354613744, -0.883834264522951, -1.763054933292939, -0.6611852923214718, 0.19716299724068725, 0.41900495477156396, -1.8123873919312772, -0.0887586900267143, -0.8483455843708284, -0.44689622578762067, -0.7294341829815038, -1.4103604089008226, -1.8717650089494793, -0.6803987707841016, -1.7227397993054703, 0.4036977327533427, 1.2307626225737682, 0.20210116465298675, 1.0474876205727128, 0.6460904117142037, 0.17060501995471983, 1.4993672206899367, 0.5787370411605374, -0.8244739511824117, -0.7914687352686146, 0.0937046325051586, 0.510598321656768, 0.8806788772947656, 1.2606100682375518, -1.5672011188205228, -1.515894156234697, -0.07926815502887338, 1.4056677585047002, 0.9849107540184896, 0.3096564419679068, 0.5181411949424171, -0.4428259236143104, -0.2081478220412482, 0.6658024694186784, 1.0591751716362514, 1.7547825966927935, 0.7272346000252864, 0.2916297950527098, -0.010790864737235928, 1.0271837254372682, 1.546851744304834, 1.353695152562389, 0.5345266022912806, -0.22280471701767388, -0.5636126979109788, 0.2226248900207612, -0.3424089844712656, -0.3900035029404365, 0.9771739603840853, -0.8711647035161006, -0.03491057083380035, -0.0659283415819308, 0.2651683353419852, 0.6210608952138436, 0.34503529932792937, 1.8823713599406044, 1.7776266065686013, 0.4445398813791656, -0.2545291813929209, 0.40705607498202206, 1.6798993548019847, 0.6242056758550844, 1.76907564503216, 0.6695319631205939, 2.0079254058794387, 0.1796643314040182, 0.6062713831665542, -0.3764602212789195, -0.1483755651559888, 1.9885342307756113, 1.9373648157607135, 0.4760849238917785, -0.2695325074565473, 1.8155135433928624, 0.2415858331823137, -0.5352208071538676, -0.6217777254609098, 0.33540929482401916, -0.031186296147518645, -1.648928651940255, -0.6784735825710887, 1.3125585069370354, -1.4443761585491133, -1.3916320412041865, -0.7040033865585641, 0.4454781357058451, 0.6482586553814674, 0.5705292669369263, 0.8321533329009055, -1.792418252800536, -0.4442353382116942, 0.9119996027979103, -2.168167107642497, -1.6536452374476276, -2.1439276239927105, -0.7620982272818395, -1.9475095050025528, -0.943820903494852, -2.024624599026739, -2.3936597504762664, -0.5098801134965777, -0.6571708540261126, 0.709717558047279, 0.2781511497207651, -0.4749038608582156, -1.0711513071712966, -0.6956051438424807, -0.496266470573457, -1.006882086721925, -1.239669961939291, 0.9529202209087444, 1.100071804616334, 0.7818491054599409]","[1.3643743740232293, 2.1948690018076045, -0.07528633043375675, -0.4624046068206554, 0.18188126079461225, -1.0632139327695123, -0.41509634222626335, -0.4638561870900365, 0.46343244195532124, -0.5647070067928662, -0.0216327964180212, -0.4990943379652645, 1.5501183108425263, 1.8465949437483662, 0.48589440911999593, 0.38944875209519697, -1.1039230780421636, 1.6592445334282, -1.2304325786639998, -0.5331267792976877, 0.46284205427679886, -0.784179987021953, -0.3358928337345359, -0.9747893955586296, -0.8991708545592733, -0.33381515492611613, -0.7941260399965125, -1.094735773374388, -1.8111514308225616, -1.5272306957128101, -1.343829224637857, 0.221416708671659, 0.11313791374903968, 0.38121063757546564, 0.8983757679504708, 0.6033711466508994, -0.45935363756496994, 0.2732325118372039, 0.5290812644785267, 1.0193497315255124, 0.4455662075738164, -1.0671545581593427, -0.518448924623129, 0.37001673441105676, 0.6571097415229599, -0.44098036443743116, -0.2506273083882518, 0.21522852053659786, 0.09495488946995548, -0.8044136748491653, -0.7975722726579121, -0.3287799983680123, 1.5517564772612884, 1.7790320065550267, 0.21913679070618747, 0.7397946236011673, 1.0858897248870076, 0.41271192177249183, -1.010441792061441, -0.24898836808095937, -0.012702613340103221, 0.43352891596181126, 0.25618325502120015, -1.0420639702309842, 0.09824870403069842, -1.5205702954535407, -0.043661789036976865, -0.11240080912114253, -0.03451639321962185, 0.23062144810223573, -1.3251120374966967, 0.6286002496811111, 0.10751332545584931, 2.8176771099703335, 1.506012650272779, 0.3326554881664996, -0.04679736862552259, -1.0379407055690129, 1.0778750906877377, -0.11089324395102752, -0.37376593521746254, 0.7184793307973574, 0.038504180893047156, -0.515875097283003, -0.388137240583809, 0.767152934009226, -0.5851870697557964, -0.025188405024895024, -1.464709966634281, -0.4640715047871317, -0.7211556993662024, -1.4705868353525573, 0.5612911497683414, -1.9522755933439924, -0.8364063523267034, 0.44748721108886547, 0.20382221716264518, 0.16781149707921694, 0.2393694284234588, 0.08284299841627898, -0.2467258020729546, -0.15123388890353615, 0.3177658026823593, -0.17179761517657322, 0.46548080715353857, -0.16330088898851555, 0.3601943168608989, 0.4831361321070541, 1.785976843013487, 0.2634639123618474, 0.4229973414984702, 0.2425019665312114, 0.9788094834549507, -0.880318325260779, 0.06671409110485736, 1.3970213519326102, 2.3842707192900923, 0.285570855633439, 0.2903299904119265, -0.22001352936409985, 0.5538219286019679, -1.088265638823336, 1.5408123434908099, 1.9662227444808935, 0.45771358662904893, -1.017552189183828, 0.30543370823541904, -0.9016899535898177, 0.5744597922023378, 1.189968818036924, 1.230848091117733, 1.409280650173735, -0.6922521719178452, 0.12918059923557723, -0.816410032248224, 0.05708164296054646, -0.11999249394347622, -1.1858103581992265, 0.08855280353427814, 0.49281692552451856, -0.49143624774084066, -1.0477648117677674, -0.9261737219546231, -0.7116271380878095, 0.863363082710709, -0.31888285507506964, 0.5898186087556279, -1.1419864751310491, -2.9287289502186993, -1.438335487200055, -2.1468369854512, -1.7757992464359929, -2.217361337842733, -1.422158502895733, -1.8790603151060845, -0.6387837517396858, 0.2778166392970558, -0.6119560495354031, -0.9637054932752847, -1.2512964079801654, -1.4555847860158448, -2.0387385209281863, -1.2744149854747675, -0.9535777907416766, -1.0595048578915343, 0.23388428444841017, -0.5842933258568815, -2.6187820162675663, -1.1866868693513515, -2.1923657177837597, -1.9027134738198566, -1.4175509735429634, -1.0063697740700561, -0.0796248072407681, -2.691098080529516, -0.35827637746382296, -0.6281023780883097, 0.14329131570531936, -1.0744849541094748, -0.7531603115776319, -0.021760071549275183, -0.6605920390981372, -0.9305686800217472, -0.8763802212505967, -1.194626970024289, -1.5481184732502513, 0.009244663159804859, -0.5352953656143117, -0.4205354701543215, -1.9836310003334972, -1.12678693923858, -1.7782472409543162, 0.09516081154140532, 0.29428492027549036, 1.2756124357403238, 1.520513527467032, 0.4928862127061347, 0.08753064698845436, -0.70988504800788, 0.957544006748194, 0.29079250696666364, 0.5509783381880384, 1.1214390370076035, -0.3490188876360685, 0.47832050111909763, 0.13027461487468897, 0.8595792974807913, 0.42234141400685216, 1.2000805966953898, 1.2496426344763412, 0.5834391725736715, 0.33679864454007075, 0.17376449768694885, 0.03482014329599478, -0.14330412786843424, 0.4056719204798313, 1.2491598207311048, 0.9792642161027845, 0.07600714690508689, 0.5428664265518172, -0.09185665718122163, 0.8078618237036568, 0.6288308744127422, 0.7683355959455528, 1.2422265724598476, -1.8673505591602912, -0.14201745859398063, -0.37801116453831574, -1.2272088349411283, 0.28221113546912446, -0.7700543975576425, -0.8365196980095971, -0.8851449474610641, -1.6322396873692786, 0.1076846262845688, -0.11929258767644045, 1.390549497474235, -0.4212511285019939, -0.3220508606315997, 0.9438137492232713, 1.935449177643491, 1.3807195340615541, 1.6208944454997696, 0.9422931299952869, 1.2798315540776637, -2.1884050467055154, -0.21652266884439927, 0.7535194467084378, -1.0482626747632995, -1.214371517451613, -1.2711666236570234, -2.531422792302493, -0.104474602359372, -1.3191644201522972, 0.934594674392408, 0.5323415032353296, 2.1682495555076, -0.3852636389989791, -0.1982061291769069, -0.37004651038825215, 1.2267449723478836, 0.363817462489012, -0.16851071971334386, -0.7736349808048983, 0.25698972127146935, 2.178632264552898, -1.0457360793541244, 0.17550210031906324, 0.04858572033711635, -0.28867806006998087, -0.8033986623537006, -0.6930997529906164, -0.8000414732982043, -0.13031618191993277, 1.4007056956091513, 1.286106304902072, 0.5430971959658554, 0.35481660143036087, 0.8490956745832742, -0.35886293269599495, -0.815044539609258, -1.3042790283533405, 0.23479107727379675, 0.6951623575912469, 0.9804967283529231, 1.0400330349995062, 1.8094226323422942, 1.114843221582892, 0.8374425382130057, 1.1263046559870538, 0.10700474568310156, -0.6456495810757125, 0.6439076012758671, 1.7050499900767158, -0.06953859640182625, 0.5810139608950439, 0.1376975498461778, -0.4813042740753128, -0.04391519979965365, 2.1812209743447184, 0.21283959810414751, 0.2735344277129076, -0.9525218998058759, -1.649588428830877, -0.4452213646792488, 1.1169881676709077, -0.868537515716548, -1.4740131630808704, 0.4061631348354977, 0.3551792793588803, 0.7240562059593814, -0.35880984004530087, -1.4210403421912823, 0.09243737370831492, -1.4441245162075493, -1.5692119243693454, -0.8554587277031381, -0.5961341935021347, 1.1219309337068253, 0.8223315777519664, -0.7198626139099694, -0.3127118462221682, -1.3761954603871414, 0.27286910544282067, -0.4069501291616176, 0.9782534480116815, 1.342569778458808, 0.16832292910514698, 0.8400684964942564, 1.3143331551430417, 0.7220258663412731, -0.7318328966640906, 1.96052567198126, -0.06630135919751577, -0.202577993249947, -0.2343817591959478, 0.8156621236439816, -0.45180347932853393, -0.8343570912460331, 0.9933563168390769, 0.6569396061374735, -0.797540182195154, 0.9708283477415168, 1.2989751969944736, -0.01283772998635339, 1.950680090879061, -0.10091034580719171, 1.7052087340010054, -0.6271619601615606, 0.45953143654150097, 1.5349179809836935, -1.4144513113036679, -0.9532898741782198, -0.7083303463310429, 1.2091364897149155, 0.86191416697898, -0.14857554228268405, -0.4724085635250071, -0.8317116792849765, 0.9058195493877229, -0.5372888036855823, 0.06831850711980134, -0.27868153982519817, -0.9757502776143355, -0.6569917060056526, 0.521132078577965, -0.25508528519514256, 1.2326812835743273, -0.8335019043307432, -0.40286915549007424, 2.3003223094867686, -0.266110126709544, 0.18455733087608633, -0.13921344075799635, -0.3646156653473244, -0.2280688893405078, -0.6215897895503503, 0.7895625340714706, -1.0831242946892912, -1.7170001208389751, -1.3407636096629345]","['area2', 'v84', 'v24', 'v51', 'v38', 'v54', 'v6', 'v112', 'v81', 'v116']","[np.float64(34.7167942711918), np.float64(7.158601259008131), np.float64(9.393712448988328), np.float64(4.992611512191953), np.float64(3.776404671154259), np.float64(4.92408043225162), np.float64(22.12545829276208), np.float64(16.545679835779804), np.float64(43.496643442470116), np.float64(25.016605984673433)]",3.5726686392493536,3.8828000682116155,3.7449847472790454,1.6330171221920249,1.559507473473094,1.8211421362254738,1.9212810689095887,4.627632490267202,4.9938049767902255,4.852990803535413,2.0515236891911606,1.9662673480429065,2.237788982416469,2.11080879139019,1.05722332622342,1.1470330349088,1.1989442049586663,0.10688310766578395,0.05658605485875218,0.1669801836925622,0.11704668872149737,3.3278354691593384,3.4783806483483395,3.4074966304958942,1.5034196622841072,1.5107426338329673,1.6795368819381837,1.6700641462846266,1.4573850258721543,1.5624823950651336,1.585689021141949,0.8468225872640612,0.7674809821062646,0.839957602515545,1.03386914727052,0.9915246335955664,1.3845668235633681,1.0653752296269328,0.3717713703367299,0.35866433443699053,0.33622944586262665,0.3533943277391016,False
m565_a,f682_c,"['31', '32', '33', '34', '35', '36', '37', '38']","['72', '73', '74', '75', '76', '77']",m565,f682,False,2,forward_no_out_standard_k10_lda_nc2_sex_on,forward,lda,,standard,10,2,3,6,8,True,0.0021438971161842346,0.9978561401367188,0.9823946952819824,0.01760532148182392,0.5381627678871155,0.4618373215198517,-1.5679948400230854,1.7733347657856422,-2.6199762092575467,-1.4412071933404513,0.07418324403078755,-0.014539199386463043,"[-1.1547098812365182, -3.3741664233052835, -1.1993868332784745, -0.14916372054170512, -2.943868740487166, -0.8730478881483786, -1.4475913270802154, -1.402023906106943]","[0.4066573118932363, 2.247186705571099, 2.07181779137317, 1.6331810186704308, 1.8215077995222293, 2.881932930305304, 1.412091304914125, 1.7123032640355442]","[-3.5111161090461276, -3.8781084075453784, -1.6909906845575031, -1.8376451926228834, -2.4660562294026716, -2.335940632370716]","[-1.5411143133756333, -2.237921021927898, -1.6302814398467393, -0.514692390052357, -1.0758345826264049, -1.6473994122136746]","[0.9802299116174913, 0.3857820954325701, -0.5609021621321602, -0.8108571230335206, 0.7999599511423506, 1.052077136484445, -0.19152337953624488, 0.13040107497850165, 0.17132229648677155, 0.02862520054563198, -0.3882253226929224, 0.652348053109277, -1.2810086195550554, 0.4786931797300553, 0.9749260291683896, -0.5771529420032917, 0.02492227167993683, -0.28624785972707006, 0.6980654556247586, 1.4109649737011385, -0.4032122306192201, 1.0326662318078292, 0.4432191488177181, 0.4974681308234897, -0.4183975271069813, 1.4665384952275173, 0.5594666110012068, 1.6519321192545608, -0.0511046667002108, 0.54118577783261, 1.540379139909671, 0.08753124877358255, 0.048182173848013654, 1.2997572305715723, -0.5007932531825686, -1.148821434970205, 0.19301768961952165, -0.6767761456090263, -0.3540097380439591, 0.1946920710781026, 0.07669115987612933, 0.055383161178191545, 2.152619822272558, -0.42373863764861686, -1.8736805494950612, 1.383212814794253, 0.08140333961401877, -0.45152932715529387, -0.3090562223219863, 1.1627671061367957, 1.820100880278324, -0.5839190448086695, -0.3671277142687613, -0.9426485031414562, -0.03428409582613734, 0.4103101903244032, 0.1109224357700617, 0.1299966551653494, -0.23440858669473325, 1.2363931675130309, 0.1057690101568194, -2.265187610266653, -0.0858494096345158, -0.6268407221331658, -0.9834447559483844, -0.9514053055064862, -2.9453384735567876, 0.4511864293751567, -0.30763551063278394, -1.0862204893891, 0.5554315689064545, -1.784001846499813, 0.21353763384420535, -1.8581764964326057, -1.0847063479523453, 0.26685928437742273, -1.3193420190793574, 1.383649040266091, 1.6479223329882415, -0.177771686780582, -0.09261767878868306, -0.7452576052644577, 1.148163806241657, -0.02685826238225981, 0.934858212744411, 1.7948254669571249, 0.6012796024080326, 0.6538037928333112, 0.681114520053733, 1.1159397379912324, 1.3030578372183657, 0.6130577590302049, -0.4677102706858899, 2.8178337631121413, -0.35530454695596914, -0.3224859093978326, 0.4870190727878595, 0.2584485223877321, 0.9991308707673353, 0.8286281941169832, 0.2238031935785185, -0.07723275943099517, -0.5300828742526013, -0.4409242866587911, -0.3394365851252581, 0.4509561658973989, 0.6170184223778247, -0.5117936129320378, -1.8461358708721776, 1.2256947019581013, -0.5346352438622648, -0.08343953039942753, 0.8611503150368086, -0.36464213002901574, -2.1266842396660155, -0.3013784444290245, 0.32652118677108277, -0.624249786224727, -0.6440167321819557, 0.9230283665015567, -0.12739158139414267, -0.4784764293982864, -2.1084434600843878, -2.483502275299283, -2.0352969791247513, 0.8010081724750536, -0.6073348776625891, -0.436277474379356, -1.2172540349523295, -1.204557384992735, -0.039568920424288556, -1.1804236982457434, 1.340239052557425, -1.3785123698273338, 0.6996909413810514, 0.622587374714765, -0.7593473201195362, 1.7323186723207917, 0.9124028810436432, -0.6587112448768743, -0.8591606473326032, -0.03442158187774651, 0.5972344134633967, -0.21423898561910698, 0.03870275993997508, 0.24595618379165216, 1.4448882380938934, -0.6778025964248355, 1.0075253111494609, 0.8922366612394411, -0.22868192933363052, -0.45687752765168405, 0.754823665031836, 0.8788620814363844, -0.05451347832270175, 0.538884526872192, -1.1751641826821186, 0.259746398069581, -0.5560137332671985, -0.910417735967188, -0.6086444517132756, -1.2463462235501448, -1.4824729306575142, -1.079966028467265, -1.2009729164451861, -2.8150862841842375, -0.9228318149100992, 0.24952633713077757, -0.7006519777885359, 1.3784199766529133, -1.7755706942771472, -0.5044755749131482, -1.1021958680827042, -0.469350589745939, -0.16055569860101207, 0.6614466701859198, -1.2175653600839063, -1.1251508604213896, -0.27228179224734655, 0.5233768843234177, 1.941986078292628, -0.3093798441587905, -0.4187900935175477, -0.2978822238171111, 0.827640187457234, 0.3674378848956647, -0.9761313749004917, -0.9008873475802388, -0.43366024292873667, 0.7891984897795901, 0.06950963475439152, 2.583284814421915, -0.45249757320601286, 1.15966784873116, 1.1598761483266384, 0.3012186908859499, 0.3977398642088737, 0.7892632385943226, 0.4318242039230658, 0.6879335963653358, 1.0204922553521614, 1.781593918924859, 0.5763493009974096, 1.050466645638913, 1.1539655939471427, 1.0846744262037489, 0.6752847530478426, 0.4351681118460676, 0.25441915540335663, -0.48089025941524144, -0.4332992780515736, 0.9693680986960824, 0.18707236621336298, 0.7278596007989842, -0.829709609962027, -0.10662553547953017, -0.5481758785948136, 0.7026588144373336, 0.5108300227440582, -0.3177732846413128, 0.7659041825336509, 1.1150335629907475, -0.3834579819761681, -0.8243970881055414, 0.2979885978518184, 0.8485529125356481, 0.06435857358661558, 1.9527701119465617, 0.20074409805299254, 0.02402388171683985, 0.7825637958610786, 1.5866356068446064, 0.5849774019000178, 2.5318846540484627, -0.09146385716471761, 0.45470857859372255, -0.1272298789064787, 1.1586241033547786, 1.05606637699884, 0.26946386501536507, 0.5004306585064384, 0.5240613998294614, -0.2787106269966426, 1.345217079536671, -1.4920402663028418, 1.2049676957219804, -0.14751822290043767, -1.5093512889143907, 1.5538895150716783, 1.131445154174299, 0.22090028356277744, 2.1374184030408427, 1.582718411666661, -0.1017805042575177, 0.2413943395201033, 0.629069785440992, -1.6474174662734982, 2.451167214807026, -0.17641243338268178, 0.4872247040195046, -1.4558100620655492, -1.026982859663055, 0.9387943042529789, 0.30067042370735414, -0.9620708438173102, 0.450761196977749, 1.2980087839663876, -1.2127208876278188, 0.4643849168281851, 1.4058649055926937, 0.9555832796976004, 0.49964145401326004, -0.4606485950098951, -0.7131064754444747, -1.5809890855310944, 1.4072496221584534, -0.9161363992947505, 0.6692770313618015, -1.3205651735342614, 1.8739500770611206, 2.2507195859683504, 1.2648761883270074, 0.43776271737984734, 1.2168994987540376, 0.15971876397488124, 0.24044442136058994, 0.8385963095443264, -1.2144561195010635, -0.0069611876952035065, -2.0776949421225788, -0.31004504703777197, 1.4935077557974992, 0.7297141989113498, -0.7251252773023191, 0.6928766715567259, 0.4859562644716379, -0.43346212141269275, 1.3816481602480182, 1.3664741528868694, 0.3598630167758425, -1.299465226507682, -0.10715350841300147, 0.3833932970407945, -0.475332934373128, 1.8159270102924197, 2.270414352066579, 1.8373907506085054, -1.7893969701541501, -0.2874598152262472, -0.47547716702366455, -1.6349361326406158, 0.7427297182825017, -1.1469687084202018, 0.37450139746526473, 0.0795930970083952, 0.5770373573220682, 0.110986709135141, 0.35902159473671286, -2.3303330569223575, -0.49133218852332344, 0.26309731253900187, -0.026452849753846562, 0.17266131088002432, 0.9472937249703623, 0.7072956359041332, -0.8701564206548018, 0.16497131903816872, -0.8078128704695463, -0.5467902231966955, -0.8466629071456088, 1.2075501053457711, -0.2668311688723316, -0.4073745618121995, -0.7915683174456292, 2.3141003274692964, 0.384403551965062, -0.9443913612659975, 0.32937285316406983, 0.4611266857431857, 0.5046279228198615, -0.38237106904489554, 0.5408097135161068, 0.7277055639630324, -2.0084946840502256, -2.7044147700560446, -1.221986057386019, -1.3716269000692818, 0.8350070848390453, 1.6200408344175246, -0.9610293210458876, 0.3159949544742501, 0.8429203606517576, 0.8819396987480141, -0.41831651991301233, 0.6760573816722788, -0.4527744717225838, -0.02014129535157112, -0.5628555423889875, 0.7784941426927249, -0.6172839714425696, -1.2830892538270149, -1.2153128369318775, 0.5466967830547974, -0.5346499225461712, 0.27582091197375885, -0.012860577481360321, 1.1978501102257995, -1.1443993654450255, -0.15687593823819743, -1.9630572450802743, 0.1192575320959224, -0.3786309380117198, -0.7984269394675236, 0.4051430006313014, -0.9009386030826059, 0.18177648479707587, -0.7441805724872105, -0.01840082312747869, 0.24928913376454676, 0.8696743558001839, 1.10090194615973]","[1.957265840338954, 1.8266794549923107, 1.6290586374671563, -0.3046713279010454, -0.05619168960080448, -0.9618635943572978, -0.3761414913294499, -1.7691894533676031, -0.5020620069460628, 0.35239116842313883, -0.34704706590676426, 0.2547684934958041, 2.064257074958935, 0.306065623682308, -1.0852374018152218, -0.5690307453306818, -1.2284497715686888, 1.483613292820347, -0.08532957537279155, -1.3375063803802603, -0.6165882637624562, -1.1137987065134816, -0.7564970682389485, -0.3867459513307043, -0.43057100856187314, -1.6984775927468092, -0.6646745448638061, -0.5841124953067186, 1.649480228711651, -1.0433672861621988, 0.04078526816523024, -0.7003330795144256, 0.1967608096821421, 0.12520951073717723, 0.007435949466458192, -0.0015745455845280142, -1.144780720719468, -0.3480609701228054, -0.684374508155027, 0.022275387419963877, -0.5891600347093584, 0.2921820791525241, -0.31576404560909244, 0.15933804268555357, -0.41056311443851323, -0.2934988513924394, 0.9564156712070143, -0.2095766721246652, 0.0010811345733074578, 0.6243878526956133, -0.16621828735051342, 0.25658616790562877, 0.04198325154288472, -0.5644996863220143, 0.30183355233523057, -0.04091880104564174, -0.2782514513119447, 0.5171191673183504, -1.7776360484527047, -0.8425626247500817, -0.9324870838221315, -0.013321796187452519, -0.9382623445544214, -0.7458406185948802, -0.4279812396795092, -0.7062211537074137, -0.20683563459996085, -1.3146165493007427, 0.18233048718935707, -0.8175254786580047, 0.5201206749404134, -0.5936384941680809, 0.044335492797441374, 0.3027333030967044, 1.0624410246814953, 0.48722731019811855, 0.9210592150556691, 0.6947460784104993, 0.7539260088997608, 1.1005021839050102, -0.6736300205058551, 0.593050935536926, -1.040637108806416, -0.15259394586852898, 0.5531952885789903, 0.7002835468310549, 2.2833016992488466, 1.868733994788326, 0.914430154590478, 2.6424293192725727, 0.7618974598933874, 1.1396754443968142, 0.3965397507560966, 0.010989150399567297, 0.3741905393430389, -0.591432838527266, 0.7837378348035619, 0.4008966783535762, -0.7000493378098548, 0.09159076152547914, 0.047755292325035906, 0.033496192234175395, 0.0001632515321841002, -0.23358785032272758, 0.08744617060076668, -0.08401503734453511, -0.49504905211529604, -0.24297886716391942, -0.029471194553149564, 1.315326302568435, 0.7557520142928643, -0.2128753999883135, 0.38516515690616043, -0.07453679265671087, -0.6645892846667785, -0.06270017453707201, -0.5619164193668714, 0.46393673694828275, 1.5675234199885337, -0.08638177823938369, 1.8949627489452134, -0.7861762365503727, 1.6023343740251657, 1.249131676241906, -0.179841610415111, 1.2757610062000628, 1.1263956920533782, -0.4538130661962655, 0.4554406075606574, 2.0958038386686146, 0.4340929814731017, 1.3555980304479838, 0.9261857172721252, 0.7524579309477566, 0.3817670254701942, 1.626723713472732, 1.205399828120368, 0.4757128662119043, -1.2680624144269934, 0.9540036971621373, 1.5225831485040815, 0.03359036622800675, 0.2666389692670472, -0.15746080993093997, -0.42434523198805185, 1.4620065779526892, 0.42949701170830534, -1.6670842697154606, -1.441707547713433, -0.6780344221500118, -0.2053250743210086, 0.22462696069929458, 0.8112055332659217, -0.36313619530796054, -1.0157959659723028, -0.8380584854097581, -0.6049227500790109, -0.17890224908964342, -0.5477715706092791, -1.2814431226595453, -1.9070459160081794, -1.0236404144670175, -1.3962084105803416, -0.3503944149968725, -0.7115337738037638, -0.5326360830257729, -0.4051830268645235, -1.2064739193865617, -1.3769592309952157, -2.185720500352278, -1.213630821476393, -0.1831988020431995, -0.18880806533509145, -0.9536460192433085, -1.174385144075691, -1.7217643384938692, -1.369509486924908, -0.6521958413578901, -1.3605578702807584, -1.3493222217617005, -1.298575807992611, -1.1456680880349621, -1.0744760491430594, -0.12709763535774402, -1.2938251368748415, -1.288844956485281, 0.19859776995422623, -1.3024705540405448, -1.6523942111968972, -0.35945578298204234, 0.13533806920116428, -0.6092248691307591, -0.09018004464144376, 0.4553520738612577, 0.6185298637066952, 1.724747303908748, 0.25144578089923514, 1.5743004489021104, 0.6418407574978795, 0.014084709427651849, 0.9782698890774196, 1.3595087861712503, 2.1158370739507446, 0.9206074212449383, 1.5620112486325057, 0.5180893385452583, 0.9841289985118021, 0.7704498955520998, 1.1198335684778626, 1.1629681770980365, 1.357799754103023, 0.5589576847639134, 0.4662853003471822, -0.2786722678218035, 0.4940771044857257, -0.013849104245800672, 1.6635550366423584, 1.1874751773810837, 1.9897193900680281, 1.0974499402589468, -0.09075485716637266, -0.0352246979974232, 1.3162422220667271, 1.6454176131213498, 0.7687915184788559, 0.26486403036786194, 0.5342181879022382, 0.49490944245288115, -1.1530778198418252, -1.1964013066339025, -0.41380342765531974, -0.27398333821156645, -0.12158109836479775, -1.1956835173996732, -0.22622432260405176, -1.7872923093243378, 0.030848804160691502, -0.5473677395473912, -0.010683840643964647, 0.5047964166191866, -0.30845066706508495, 0.4672450435616382, -0.8270080591161907, -0.19072906720104577, 1.1944562267582792, -1.2957234596559604, -0.8047252924875509, -1.921290821695923, -2.07047914803784, -0.796930404027775, -1.3278903440706749, -0.8938224055257984, -0.8825449204995929, -1.7070647520017126, 0.1264829643988515, -1.2996222883901842, -0.3265269227149577, -1.2318782219328355, -1.1589974706683845, -0.9437137000327943, -1.3970303681068725, -0.21100553163115257, -0.365203480829457, -0.13530862765121446, -1.6958187590105471, -1.1155629291710618, -3.0623576140379316, 0.2950147812927899, -0.12546572133004438, -1.055996195552775, -0.5041263535859135, -1.2941270720955598, -1.9127354598119701, 2.5155400623835034, -0.6457226462727576, -0.7886447585338549, 1.8466544343640585, -0.7049292095449039, 0.5587900657282051, 1.9579546128179086, -0.05495024294905388, 1.1878698397709537, 0.11550111537370482, -0.49892987798994565, 0.42578192081026783, 0.7155727073383357, 0.22894006159782057, 0.6732784364765201, 0.9074527502624635, -0.36415717911400386, 1.437633543175826, 1.5069275893983178, 0.8315840396806885, 0.2535513041618483, -0.1789957024347421, 1.3445063775691624, 1.291993650742522, 1.6638700970214162, 2.064606151968006, 0.47303503184489776, -0.40411183183078997, 0.03485452181272266, 0.13113439872637497, 0.5121843541406016, -0.4905778036978084, 1.1231099110469729, 0.9022658721821164, 0.6960713093944568, 1.4764271811621015, 1.0442333957965724, 0.629493268632189, 0.31058722542205885, -1.121658719199596, 0.4233227835542401, -0.8964148717322733, -0.6434902465670375, -0.8537333134514887, -1.4671455829358566, 1.056267300455673, -0.8684481259768357, -0.8042472072240404, -1.006559508941678, 0.3379691410534691, 1.443905002561855, 0.48907276559411395, 1.4453561766128884, 1.911119419876684, 1.2521674564667318, 1.440140273156745, 0.358895545661151, 1.5847096551572537, 1.029337631635351, 1.395223314463209, 1.1791008274466654, 1.5868078039851876, 0.31802742038487003, 0.027080016721973188, 0.8318097494450429, -0.06330003376484396, 0.06636842744825097, 0.17761481789676015, 0.9330598438239, 1.3491118397516684, -0.10018958085667393, 0.03847488736535463, -0.1818756199347713, -2.152961136797448, -1.4120020261276844, -1.8676070457200618, 0.45710416783537744, -0.5885420669277762, -0.9711930612666334, -0.5593875081626486, -1.3449109659204717, 0.7246188821038977, 1.4369029489620655, 2.2640487943326293, -0.47957067637592427, -1.2729149658669763, 2.156137719591871, -1.744570050559685, -1.1108987935971204, -1.2960400258085656, -0.4353018363565627, -1.8168391631217276, -0.913057841304994, -0.8859920441971093, -0.9847366967269375, -0.4268034227828158, -0.7995076649520673, 0.30636876374390376, -1.0152612271614887, 0.06291220342611434, -1.0925372672151994, -0.33318432710222823, 0.2576889479478984, -0.7048316148541439, -0.18520320227704676, -0.3829887741216299, -1.092876683830595, -1.4759866998398892]","['v55', 'v10', 'v54', 'v68', 'v14', 'v9', 'v24', 'v7', 'v40', 'v30']","[np.float64(21.255130386164907), np.float64(18.5798293232946), np.float64(8.074863555766251), np.float64(14.746021888156674), np.float64(10.540462808462156), np.float64(13.789085697728648), np.float64(5.1913185074547314), np.float64(75.38773252175324), np.float64(8.858081375893724), np.float64(11.726947258328856)]",3.3822987461486362,3.594779226476934,3.5836845587146717,1.6562285330543918,1.5647111095150397,1.3804839978220926,1.1799720010298094,4.266523328360555,4.625309794079815,4.387772197477968,2.0334973491843855,1.9391649936283009,1.767074782390113,1.5103396103926845,0.7806843006588848,0.811594379486135,0.7519835720027506,0.14078319919076648,0.09272159244590167,0.03002817218138086,0.020058569000857118,3.2145419591260938,3.228606789365402,3.3328029960398937,1.542285840093117,1.4830595193990646,1.2307151151994584,1.1327070221613176,1.2511911751193123,1.365994096932998,1.320245191427006,0.6738783752875782,0.6780953123329974,0.46765801361828196,0.4001622595978793,0.9439004954125426,1.0109613230454166,0.9767362360184857,0.3158125599320719,0.3018426571064915,0.21887087133560026,0.21117054786114547,False
m565_a,f832_a,"['31', '32', '33', '34', '35', '36', '37', '38']","['109', '110', '111', '112', '113', '114']",m565,f832,False,2,forward_no_out_standard_k10_lda_nc2_sex_on,forward,lda,,standard,10,2,4,6,8,True,0.0021438971161842346,0.9978561401367188,0.9847309589385986,0.015269010327756405,0.5381627678871155,0.4618373215198517,-1.849663952228401,-1.4558837332345895,2.5508369471341954,-1.405839525444642,-0.0013325723490237927,0.05270894230589121,"[-1.6094064935077317, -1.505834513855011, -2.8254451256554614, -3.118967064716554, -1.6267447504594474, -2.8560537170678235, -0.48809442296867084, -0.7667655295965086]","[-1.1847210063055198, -2.2385506798308215, -1.8650181471215403, 0.5141641691209892, -2.307786326316419, -1.1723775897576554, -1.5610287503210216, -1.831751535344728]","[3.309598201997563, 2.0588995372093084, 2.1829959149468174, 2.5817832017736424, 2.766191922310271, 2.4055529045675708]","[-1.9468078672520015, -2.8368006863592936, -1.3177811428008128, 0.11712891170564715, -0.6860541399921444, -1.764722227969248]","[-2.4665910413424594, -1.3430623598573506, -2.091627264992574, 0.3215925794486304, -0.09834546258706033, 1.5420096299895472, 0.9789432282300171, 2.040348911272641, -0.6296753489170599, 0.5995563899413655, 0.8362341381661115, -0.44714348631767975, -1.389155608927228, -2.203048893251658, -0.33444824155282166, 0.5819564980224889, 2.350172423428956, -2.60717793070372, 0.9604264028486992, 2.5116125230585666, 1.337388417745268, 1.1029851709339158, -0.33719322693572557, 1.7652981672226182, 0.7259691529547216, 1.6529936172033797, 1.2306699016510791, 0.581608877659255, 0.4035418430123185, 1.360787323416881, 0.7777301543624334, -0.48100234536566616, -0.14387320891717706, 0.11995955110115163, -0.05144163357291392, -1.0473069981752312, 0.6375222572410186, 0.019778443609672722, -0.14549343029287545, -0.25468208718846275, 0.3640023482251025, 0.5835680465674561, 0.16428608782552306, -0.33430525245052367, -0.7936503818993386, 0.012131783428182264, -0.5641418153688664, -0.6452170886371897, 0.028775403286459136, -1.2490568591795426, 0.07848741744342637, -0.8391181784423167, -0.4605629208230915, -0.792602938823654, 0.12238763892579184, -1.2736828155165005, -0.6228718613315027, -0.4402540787265339, 1.6929267248873738, -1.1609656396924466, 1.0258701913245123, 0.4424140873786172, 0.5074375952846685, 0.4095070571328412, 0.1586880388991713, 0.7133568187563087, 0.431548781351163, 0.36476329868662505, -0.1518197678815316, 0.7649162849862117, -1.1373224675510227, 0.27385598262753363, 0.09070643410749377, -1.2433384266472023, -0.76794308291677, -0.8929969598470506, -0.14118181587264741, -0.7500159996821602, -0.5891652738196965, -1.0654802096794125, -0.23953429675715007, -2.153464235943037, 0.5387245776163486, -0.30719655040184607, 0.1206588929391882, -0.5664492220682231, -0.2947780395429808, -0.6443600723343159, 0.5979441314866589, -0.48629543728663877, -0.3872204143746978, -0.8070853158685402, -0.7493018233371181, 0.8136984666966863, 0.08832326876359889, -0.761200754575029, -0.7014903057967942, -0.5434590442706764, 0.16987829593536977, 0.10650486764018488, 0.2884199868248511, -0.40396159628245576, -0.006589716399737779, -0.32472330908093133, -0.013680321025954215, -0.9873721289750557, -0.23153285467377868, 0.2917994401032228, 0.20812883121713133, -0.4688848936356233, -0.814667508800222, -0.06665270962565972, 0.08213878539468591, 0.7468045576604282, -0.47458933921964974, -0.12396452118566019, -0.14897209425180585, 0.03397991791352338, -1.543014903903773, 1.1950541646898287, -0.3688848138173705, 0.3162050640198777, -1.1307713405175297, 0.5611778878189503, 0.4349707611359288, 0.941341266007263, -0.49079164245314366, 0.7021302731011388, -0.5698203422211697, -0.7637311957824201, -0.0029247815625373357, -1.4530940698689938, -0.769287202683473, -0.8073629003011148, 0.1197152222906596, 0.04547959418643912, -0.6727922196135481, -0.2548080521838565, -0.03146133031370133, -0.8389363235629402, -1.5128497323919816, 0.1998956592019526, 0.025380142835220082, 0.1997572772905978, -0.606071694834428, -0.9399306166325884, 0.3852956046060325, -0.6420932965803687, -0.4294544511355347, 2.014813448076, 0.5448834172919599, 0.3261123533112641, 0.43567938042062665, -0.17210638471863665, 0.4266902588171048, 0.3307992404276917, 1.235553876808034, -0.12700278712597918, 0.31366799007709295, 0.9799250113018512, 1.7128425443579312, 1.7479976710268106, 1.2979646102993592, 1.3693095205756427, -1.3813313946952823, 0.01406212212440736, -0.4199542291303752, 1.0607289367474173, 1.206042260490744, 1.5054087298498706, 1.733559293164295, 1.250051353555094, -0.10657148158828741, -0.26894990048214334, 2.1688776475044134, 0.2944305141403232, 1.3519830320133563, 0.12856700585905834, 0.6003056552053261, 1.323920046092297, 0.7957190957665489, 1.4289467631052293, 1.0005332404725007, 0.17709458002380976, 0.1204127452287033, 1.9849417151633844, 0.508295729731961, 1.001840007934627, 1.9529403593967374, 2.392686447698528, 0.01808395049655976, 0.0833371503835732, -0.2715131340094368, 0.23172327097306422, -0.9370784818366564, -0.7475562468558722, -0.24920091204297984, -0.9039782069311434, -1.4875498340055187, 0.34893774084402296, -0.9830572986537119, -0.5465721931541335, -1.6622077458822928, -0.6148780314350188, -0.35559403859902644, 0.8202110074800552, -0.7636417261218569, -0.3855372930613238, -1.5239272590361435, -0.4790523158116833, -0.7443998676293505, -1.6741653572945376, -1.341321774404, 0.4020926643751223, 0.5027893441997751, 0.35439041210818334, -1.2737078241746904, 0.12638865821444656, -0.3356357321977152, -0.1015677805705678, 1.3336972762661683, -0.14964695017173157, -0.7021688559578192, -1.636133292165775, 0.04187743959854779, -0.2620154644896233, -1.11457526239471, 0.3069413956679751, 1.6851900993252118, 0.030345952581834503, 1.7778823724967001, 0.26920407300214216, 0.01894288572879558, 0.5066077748700316, -0.2742469485702336, 1.3176161173522691, -2.1015541113249006, -0.6621391435405036, 1.5064039095935882, -1.3268816203086826, -0.5010976518242453, -0.4648458628033233, -0.6084798463358462, 0.5219330029266461, -1.7651158650594356, 0.3169008513033573, 0.9053687063435167, 1.3171375718775655, 0.1894658987245114, 0.840607592702972, 0.2785117415845245, 1.1063058380008037, 0.2611071634692083, 0.6828870395438486, -0.9962258918632646, -0.6088586305939351, -1.2047508161243312, 0.39103931397212177, 0.46484337249673435, 0.5285585216910675, -1.3253346343762726, -0.7292456153800081, -0.30805944519327283, -1.1191769715073796, 1.138184773478415, 0.9387638991073302, 1.80447403019265, -1.5951334143051454, 0.04265131495057819, 0.31058095425684146, 0.2966036968731023, 0.1916046391547694, 0.6524105833582198, 0.15504892503375475, 0.9937878833657675, 2.008826257906652, -0.04840343345053515, -0.1484825031539543, -1.6472520563250563, -1.0332209894143678, -0.6080117804918508, -0.5824624939902823, -0.2010006964411158, 0.2176018119119935, -1.2974862807486187, -1.3503612660780124, -0.217883874421512, -0.34429762711164347, -0.45031321312454103, -2.242035812153284, -1.3891385396624176, -1.1410282336946065, -0.3234660250504139, 0.7748318040500236, 0.005300464324065484, -0.4969465004709498, -1.672307193534548, -0.10384926052092887, -1.226512874070334, -1.4913521190227896, 0.19104014005452016, -0.6977807157899553, -0.2796853939059512, 0.5812706500585901, -0.2548100828888247, -1.2927231773719254, 0.41318824978292795, -0.3070764129458793, -1.515434165862903, -1.1715125651238507, -0.42380830922751644, 0.09472146198293234, 0.5458111264802493, -0.07658905995195844, 0.09513902323498404, 0.4188182149810609, -0.28290471501639713, 0.13037139175793033, -0.7908604914670646, 0.4748301576395582, 0.29332431161675737, 1.1766614654162013, 0.43779012702900383, -1.8461866531662214, -1.2046387181826834, -0.5564750379298492, -0.086093038825778, -1.6106833078028255, -2.122493661758712, -2.2009844019520077, -1.2918198292769199, -1.098380763209449, -0.5731857632861681, -0.3501700719587877, 0.4480482647297604, 0.9491843546064183, -0.8602801870254051, -0.8070742009744717, -1.146939551172842, -0.03364684856223524, -0.3301355874731627, 0.9740710910351629, -0.7746781751011875, -0.8559320314768719, 0.8679685033777198, -0.8860206796017477, 2.0589360988418366, 0.629539700673473, 2.0039484189231094, -2.019689561243939, 1.2811927275067152, 2.7277946465586016, 0.11943543947975697, 0.0712045965825747, -0.9329765317894959, -2.32604124703959, -0.9574518294403072, 1.4117152649029603, 1.7230973257835578, -1.3890786220232547, 1.3125108026999495, 1.7683629016153248, 1.3555571563671411, 0.9867616177872037, 1.8843821512095718, 1.0793379200387776, 3.3051647556922252, 1.954695099478633, 1.2065715098230887, 1.0085547576113103, -1.4073700842649135, -0.017578920292081197, 0.9483479814006239, 1.7332275262745835, 1.202092463306651, -0.7115727437660639, 0.4796439907563274, 0.2791615939102345, 0.9504929640592701, 0.7209898698082, 0.90241306348686]","[-0.4003331090904489, 1.7624305010486425, 0.3057473188548421, 0.3439052380859614, -0.17206830598989, 0.2180704235373759, 0.08906018754899045, -0.8723406524103311, 0.013438857143106076, -0.8931973935500133, 0.48461704253641336, 1.1175781667427376, -1.0445020467564468, -0.03182654881274048, 0.4594970542859636, -1.0161863138849754, -0.48080926170416427, -0.2542817815977294, -0.8600932593321607, 0.03994300970661681, -1.4733564019190757, -0.010360076322786384, 0.3793539912074651, 0.09584591509140412, -1.6498315301082145, 0.7962882917498227, -0.44430551785500216, -0.19286921855518466, -1.8024761313110882, -0.09420766477926551, -0.7620246335946165, 1.205858140127111, -0.8601892336715089, 1.5456300850272242, 0.8356053665686203, -0.37054099925794515, 1.5390957799589853, 0.41291062785584975, 1.6376824050404877, -0.9215105883898719, 0.2156428754653548, 0.5796220316205293, 2.1516456603025196, 0.7454909060053079, 0.9353609753757399, 1.3461087187696361, 0.7660865489251126, 0.7065043575215465, -0.3886645275380978, 0.3866935828065051, 1.9975463877622608, 0.38113104292327826, 0.7627255595299806, 0.8008503799781762, 1.128982612870649, 1.1703128236199907, -0.5859588915505725, -0.6807288714359838, -0.05180980727448897, 0.514156499123076, -0.025670227733420967, -0.6645742967118949, 1.0176403652057884, 0.5101045398728529, -0.014072177768134096, -0.7984857630212832, -1.6829380193038925, 0.03789965908226416, -0.10872787365232756, -0.06591465588187952, 0.16847463997306136, -1.8467750891762746, 0.38241017654494885, -1.2118060389016385, -1.5168734145470557, 0.9521116793329057, -0.36466375492478204, -0.13204681409995753, -0.11096909160260995, -1.4151464242161416, 1.9346612957165021, 0.5984933174707352, -0.31457691355453354, 0.24227177187126886, -0.11946802218546489, 0.28674467442674967, -2.0186163205029874, -0.6014308289880945, 1.104829521918804, 0.0002585503013967808, -0.24266345566300385, 0.9690251395094259, -1.5740862203656196, 0.04208522785672611, -1.3924381290576384, -0.6553007510158255, -0.304696044579362, -0.5803460135723474, -0.2072859605369876, 0.12177706516140988, -0.6750617382107459, -0.880981730989473, 0.29451851134512425, 0.10879309957456132, 0.11929303323032082, -0.4492588401750288, 1.9731115698144397, -0.23354555500097535, -0.4499694839205677, -0.19574438667384447, 0.6297755834980305, -1.1223864065630493, -0.7555668613416836, -0.2098624640872159, -0.7628809879556036, -0.6815563044153211, 0.37731105253689234, -0.7313031468510887, -1.4037960059107837, -0.6420460169338295, -1.4851961121317914, 0.10156657372020346, -3.2207906908359907, -3.097778801091321, -2.3866164725644547, -0.21703433230181438, 0.5213442457971041, -0.12162591905237316, -1.3802738502593053, -1.7558991059038371, -0.5585780570586552, -1.0110889793931104, 2.0251496845554717, -1.1139383879852616, 0.27836001877128713, -0.4453644994283344, -0.7677002861105335, 1.8570241532793346, 0.4272976309576776, -1.4638781597211237, -0.8154459266950437, 0.692617094707863, 0.44584627853874814, 1.2996970636795748, -0.4356474162532637, -0.9522727865987664, 0.4099896361838843, 0.18722290837822153, 1.9717073767897633, 0.7669088624337818, -0.2963054351858001, -0.9512154057835701, 0.525292632160004, 0.2232404165720073, 0.054563353122675705, -0.8270674153056474, -1.0556626916142446, 0.8464894530411853, -1.8276282905665024, -1.0458245947324614, 0.4506623877444083, 0.4690651692054917, 0.06349018538606808, -0.8035663076757443, 0.8728820964840072, -0.8441010071896322, -0.7433049034154654, 1.2177454274598443, -0.2924815089663917, 1.1600482893844748, -0.8750335309186488, 0.1259706373302886, 0.3920397518752494, 0.9684802765826318, -0.07859682324138682, 0.30579785620881494, -0.5434947235627408, -1.0359873232386094, -0.7329985713578017, 0.5564128580060768, 1.1246353932400346, -0.34896565029438004, -0.5612232575843668, -0.7071629425304895, 2.684991265837215, 0.9651005898820235, 0.0821548759388626, 1.349650188145737, 0.02668694618541887, 0.4185476001023078, -0.23543922546009285, 0.9137277734864921, 0.6875446304279114, 0.43293875074657057, 0.9548182677015575, -0.3121936347983983, 1.8821745483359658, 0.5677761226333062, -0.4352851622895792, 1.0223669686394996, -0.10541346175453976, 1.2977678349860315, 0.6328599970031682, 0.9080687738387658, 1.5753335453508113, 0.674502569595304, 0.775922916668896, 0.3852061032213421, 0.3748564256778762, -1.4331051293577546, 0.8459833476834738, 1.3287633973661273, 0.9686140113172961, -0.3991792705802888, -0.07927572263616656, 0.8177875350140714, -0.35567927744577554, 1.0723986465937787, 0.05541642980924225, -0.6650843203741654, -0.08768796030706742, 0.37548488687743087, -2.039049223352419, -0.7955179542901988, 0.12273711340160971, 0.8662449379268335, 0.37259628497591046, 0.31015055844683215, 0.4777371553433152, 0.6654731892932887, 1.953005890482423, 1.0781611110289946, 0.8804124692518722, 1.9079017526098156, -0.004534122482862411, 0.8861945398841794, 0.6642576946316351, 1.443729413062803, 1.1230369669281421, 2.430147606906485, 1.1208048850087675, 1.869976039677503, 0.8560811279098816, 0.5513017329470358, 0.17469068828758805, 1.9120942247450399, 0.7868618027947871, 0.5151833700682251, 1.783021136221176, 0.6965414901352344, 1.717609456086389, 3.1316568510457574, 1.4663542510427225, 0.3236111576544265, 1.664578488996418, 2.230273655485235, -0.3280235059624385, 1.5586753886413998, 1.7068661611335143, 0.9303105535011315, 1.4024486062853436, -0.9169364255939877, 1.799510063638891, 1.2495532147578392, 0.12474137762326766, 0.8806825318056107, 1.0080740086606064, -0.06423484465214252, 1.1082825760283268, 1.4830589146990771, 1.212398282202824, -0.039942801836569834, 0.13052284967471162, -2.1938325038626267, -0.8314374717352715, -1.236223176274602, 0.7822128762539037, 0.9424571548664894, 0.2897991418385806, -0.48554790104803575, 2.3120815270955046, 1.0677593716403744, 1.4889253540625316, 2.048956717085098, 0.1875254167934279, 0.5510637294425621, 0.6496176396139347, -0.3431657620332859, -0.3298470513737194, -0.6000746830997037, -1.000604219200662, 0.7684723311050784, -0.8936095346135069, -1.441805609347768, -0.7535940364636056, -1.244821711935728, -0.5504603360706253, -0.35027834500537214, -0.3143863576028102, 0.11379969454163208, -1.1348450346172696, -1.6108526808088552, -0.1808608657260302, -0.7568637662087179, 1.3527232358398087, 0.103361860348422, -0.4551102619106374, 0.20844813014670963, -1.3288212079470578, -1.7028153828895387, 0.014563667515804965, 0.8948185838102126, -0.11435877381667076, -0.1852417020617724, 0.10837961995855903, -0.2868292276556039, -0.074937763047825, 0.9580471500776385, -1.2402098193986182, 0.44385100176651454, -0.21906967665830726, 0.33241957905757025, -0.8027659287814153, 0.7357517627027927, 0.1265762632222454, -1.6096940700479558, -1.091658675381619, -1.9916413021213675, -0.30749519302331735, -0.1721939116266549, -0.5450391779158581, 0.8136118398372114, -1.1862224312008536, -1.1341253516938825, 0.7634602711478782, -1.231899150613547, -0.3450623331124349, -0.5455022618390061, 0.7100127412123182, -0.46438285143021124, -0.18704375941043175, 0.15782591843698357, -0.24889117933752852, -0.49380938172790123, -0.48377828823802677, -0.4591908272919599, -0.553774495997341, 1.2975556807254398, 0.21962443894509653, -0.7425356457506697, -0.28053986855807994, -0.9051502077850033, -0.6701105906324487, -0.5673114959075112, -1.9012251310632502, -1.700926001549928, -0.6369899884280669, -0.6494029472449648, -0.30129631462313233, -0.331990107634935, -0.7953265985113123, -0.8858452987779883, 0.346575036506721, -0.7628662620538758, -0.2417759412583876, 0.1739913960309586, -0.9775781556224479, -2.158606260642122, -0.8900267355166741, -1.7864711450264197, 0.8235901128926085, -0.11466514761784682, 0.20813532929633474, -0.8251784237966017, -0.013776130997700845, -0.20409758084766735, -1.229268063034295, 1.538934436911727, 1.4314377208367175, 1.1765802303763695, 1.0615786691409141]","['v112', 'v85', 'v24', 'v9', 'v75', 'v59', 'v27', 'v96', 'v93', 'v78']","[np.float64(75.81788832919283), np.float64(12.287831835067403), np.float64(14.047760774486482), np.float64(6.692031980325552), np.float64(7.537369524979418), np.float64(4.923182857170446), np.float64(16.913105191660495), np.float64(3.6833466655219893), np.float64(15.378240473311584), np.float64(41.88173570786528)]",4.400785451260302,4.571771207107189,4.614050886538054,1.6850538060672258,1.38242761767142,1.4615682844224307,1.3728766680234628,4.450545107152544,5.408463368460157,5.30890744459567,2.1512447374230104,1.890871838224962,1.811877460034028,1.7556290115019342,1.3896551161043047,1.3018978123068266,1.3445356855099808,0.20172144215951165,0.14559114983320454,0.1105298297403683,0.07502100102586795,4.400500899362596,4.400500899362597,4.2402771941991855,1.4901664327402757,1.2379780950842338,1.3719394215800311,1.2506986647882545,1.0174874379058736,1.415078259186032,1.260297383616248,0.7152178336586291,0.6113022100029065,0.638742754942437,0.5098657795920101,1.2491368792100965,1.9733357401995013,1.3293277347927153,0.3446705762527654,0.2932530796022199,0.23316920776117575,0.20047873683143277,False
m565_a,f832_b,"['31', '32', '33', '34', '35', '36', '37', '38']","['115', '116', '117', '118', '119', '120']",m565,f832,False,2,forward_no_out_standard_k10_lda_nc2_sex_on,forward,lda,,standard,10,2,5,6,8,True,0.0021438971161842346,0.9978561401367188,0.9901077151298523,0.00989234447479248,0.5381627678871155,0.4618373215198517,0.7354042601069285,2.110655154974704,-2.8395447382533106,0.6926860560715101,0.029275680705156026,-0.0552266603050569,"[0.7789275245941986, 1.3187101259352754, 0.735507565022048, 1.9458963065181065, 0.06856868196541113, 1.3890619763436034, -0.25143310828979865, -0.10200499123341565]","[1.6657764620914917, 2.0911285518584948, 1.7414415832982353, 1.8676460435399735, 2.3662962386594244, 2.668823148967014, 2.34643494445831, 2.137694266924687]","[-3.0118035083327834, -2.818227596684286, -2.7188602934661623, -2.7335029382972365, -3.2487873911921255, -2.50608670154727]","[0.9696515699073095, 0.6823009734684368, 0.31222872179874533, 1.3308674307789663, 0.6342172656597687, 0.226850374815834]","[2.2326368213819454, 1.0714938850744455, 1.5018646087929886, -1.0572402096407134, -1.2786725712132538, 0.022851858810889393, 0.08130972943705218, -1.102376462030111, -1.3987301273769166, -0.021928073210379085, -0.4453308488366874, -0.2651913361440771, 1.1778311573182516, 2.3586666029512053, -0.3454880350434823, -1.363255453953067, -1.1504977643622432, 1.5098985240051488, -0.6024529547324975, -2.169228283657382, -1.6452686830625805, -0.5438340458510009, -0.32879154608994327, -1.061719731270196, -1.1472052338713254, -0.6070121174283594, -0.8699790381250927, -0.448432847126896, 0.3093795279178779, -0.679254889939203, -1.4192744331163876, -0.001513698687296952, -0.11441988478061053, 1.2368767941655392, -0.9225864899080655, 0.32853269023308335, -0.25852417761053376, -0.5626901038949959, 0.5861154663582834, -0.9230481595267913, -0.03204177157911835, 0.0335575613279069, 0.9067390911835349, 0.035097127608985625, 0.7581540921696706, -0.661450213501222, 0.40747405381605123, 0.7350336735771367, 0.5768027520875988, 0.2175298028198474, 0.2762735483453761, -0.47371063893372406, 0.42056475816409655, 0.4546656958967734, -0.010558069551697014, 0.09008558855449042, -0.7382337147961666, 0.15829587156712813, -1.68672931817629, 0.11922299971096799, -0.5234396289966842, -0.8088654962113053, 0.17433608736373812, -0.221335164093907, -0.43476075389462665, -0.46056483336065507, -1.3822801462361491, 0.2418397861304277, -0.21689312391807103, -0.684208536849198, -0.447671315190935, -0.7881648788958828, -0.2276669190424584, 0.9177302199564557, 0.5745341258093323, 1.1607319788568582, 1.0553051340066446, 1.2987581937422756, 1.1342792572362006, -0.20695117170664365, 0.8563908537647666, 1.2470846534987912, 0.3387206002564351, 1.1364847387590904, 0.3257657693181427, 0.10131501867735129, 0.02088925008411182, 0.8062429807575997, -0.5725898982774654, 0.8287936486029499, 1.1521780878564927, 0.5511663914152664, -0.06557223222961675, -1.0219123045963565, -0.4361827118818809, -0.051057091753889526, 0.4829127666354897, -0.30325439646757935, 1.29233139795633, 0.17670953601436395, -0.6381621774724121, -0.06690728550750472, 0.3094949376784593, 0.511314248522974, 0.22950009784743117, -0.8714757502580203, 0.32148316698980817, -0.6672329330420175, -0.8446261978643543, 0.6540209900956634, 0.3818469340663819, -0.4930647751562813, -0.47675428255856694, -0.6945682442019397, -0.5353690487494368, -0.7318068411341989, -1.008855267162536, -0.47756759981271507, -0.31759938632775764, -2.2138868954276463, -0.16789301422930014, -0.42162399672000406, -0.9972450013798098, -1.6581447256268567, -0.28782713947599387, -1.3712992590633157, 0.12258181455926398, -0.34661012337935987, -1.430006855998443, -0.5562789638168794, -1.0252984117729003, -0.07295826294197708, 0.9278451648254905, 0.3486019938656255, 0.6022696206888287, 0.7174268517626219, 0.7222406434760151, 2.0622143019992665, -0.17149546753824174, 0.3984536832074458, 0.1882835019349895, 0.06908834170065532, 0.08728652527611752, 1.3039829383949366, -0.5002652890677001, -0.2166406951900514, -0.3193593064581062, 0.20463089440521656, 0.17060245582252984, -0.8457402591691889, -0.4636165653101063, -0.4137586068490688, -0.7195950426009059, 0.10209358930938266, 0.08131729136165144, -1.0542014786030716, -1.33841889106518, -0.8892764726725348, -1.0169795955529939, -0.9837353088885578, -0.44760648521799246, -1.1288115845473652, -0.6704425751570895, -0.30216964367179233, -0.5433900070272126, -1.0461964686606382, -0.7314381456844821, -0.07701297502440328, 0.15128565429486698, -0.08372929835780686, -0.3886459259776142, -0.5617018868866167, 0.02477047368890945, 0.43813050766504025, -0.8024194971681698, 0.20843027233439304, -0.29542053750070985, -0.6027827424828849, -0.29931197294228395, 0.22016634999241189, -0.4015728096944092, -0.0260621832290845, -1.0056296654986425, -0.4982142930371185, -0.4316737291986871, -0.25293518842766993, -0.4013413331626508, 0.4891118855570327, -1.746966989241243, 0.16957478253779934, 0.3727447382341902, -0.2956312253897193, -0.6567327272134917, 2.056417556661365, 2.3717280442250916, 1.4056436055688655, 1.8747094311439776, 1.7895685889989288, 1.504012016227171, 0.8660390037046117, 0.6913346209431531, 2.0299045352680967, 1.199484482487769, 1.6726855366336641, 1.5749101481155239, 1.3457852499356115, 1.7147071321814564, 1.303089753434847, 1.9745854701068766, 1.2496751364591556, 1.5927573253073746, 0.8960528096452626, 1.1123909217323344, 0.6696670487916531, -0.061059255971693954, 0.39029403060170353, 1.602109203961025, 1.1636627185180934, 1.0258047610955063, 0.4075160217940669, -0.02802590823235804, 1.7077880157441738, 0.779426648880611, 0.6308319161465442, 1.509843964821299, 1.2423994972280414, 1.4707095984440675, 0.7273814861995211, -0.532600587394658, 0.23215767347107474, -0.6544850021846048, -0.6338389697986868, 0.6518131342013729, -0.20831824465570492, -0.7095813751541211, -1.0120130207232576, 1.592641315728891, 1.7671907474894155, 1.4303513188512573, 1.4895514572140158, 2.056258550259938, 1.8998371041268338, 1.378687868109571, 2.1211370185761353, 2.4524270682683063, 0.9293493451319234, -0.641304135284917, 0.31370693549226264, -1.0553937429635791, -0.056464637477978315, -0.63831863680166, -0.5690029879058742, 0.5314359569893051, -0.48236377041993106, 0.7106014935509882, 1.1055708300296514, 0.3653415614151628, -0.0023063466135195445, 1.2532209233762452, 0.4939282201975518, 0.666509198144968, -0.06973230625110798, 0.6981648726667528, -0.18515972187068827, 0.22419427081980628, 0.040027540233147786, 0.10003878052413609, -0.447796165927543, 1.213417439503169, 0.6872625884525002, 0.5866866993766837, -2.078338236560397, -1.480351139520215, -0.21846985032033964, -1.3961350474987622, -2.0661000818443744, -0.558382737858069, -0.10136433772442056, 0.8090694751706294, 0.2921097137648668, 0.6875049706640415, -0.002517837214886377, 0.21768723073219845, -0.903124202549975, 1.2017566065289016, 1.5541780164609045, 0.9230289708098577, 0.8061829638107617, 0.08085896427265538, 0.9309645408395542, 0.5009549651167899, -0.14993595454807357, -0.17202332282158328, -0.32307902759243223, 0.11001492339240769, -0.47160154398143744, -0.6494891519153598, 0.3838059468561129, 1.2303177942238919, -0.012602261622560293, -0.5852726661772965, 1.5443939164130631, 0.7207773025098625, -0.3943623148906487, 0.35419046336020116, 0.7551971735714541, 0.20851186034401986, 0.16288279925513544, 1.3726618513882312, 0.6006957503704137, 1.480169163110039, 0.5230630991847, 0.20581968000558135, 0.8079338919777097, -1.2251529879089362, 0.006800770636132533, -0.20307181747098313, -0.6673445487710127, -0.6191573384052449, 0.5490581034627018, -0.14733969091014568, 0.6761221870316784, -0.25763675735274344, 1.691385804886531, 0.965500750155922, -0.4726873151119582, 1.2909280947055783, 0.8084365494528344, 0.5939730137526177, 1.387566834174889, 1.1356611792902531, -1.3662334546668582, 0.49479939429645126, -0.20585926136172789, -0.10622902904151223, -0.8323280952030181, 1.4161780948405212, -0.02311814337278306, 0.5720528892143797, 0.9330007327597128, 0.43756879532636817, -0.10732240428888211, 1.007814356990803, -0.09901818599265239, -0.8078908728972997, -0.1689598423180928, -1.1796608807369393, 0.19995975748634295, -0.5376645729790168, 0.7058271012215765, -1.0332420358061902, -3.6232020826980875, -1.6009101797802459, -0.6139193690561091, -1.5902466096048993, 1.1435949369090335, 1.8180024255608505, -1.6938398550705531, -2.854624434816638, 0.8179346545749788, -2.2115753053599803, -2.499021005764131, -2.369396732102228, -1.8734622402613532, -2.9262947229451015, -1.550411714788523, -2.140301957501595, -3.8366490215795395, -0.8110034733085756, -2.2051353345031415, 1.2897519751919944, 0.40979358477575084, -0.3027619524349016, -0.7991825453734609, -0.13200786580132617, -0.4942645123296554, -1.086654834010414, -0.3208792485808901, -0.8597557422303588, 0.3998817293069569, -0.478607662905954]","[0.08365166051577091, 0.6845103392458168, 0.3774112493635789, -0.6388797953850751, -0.2454863839188419, -1.4357558508535855, -1.5446870621048134, -1.2580907680405102, -0.6967919515461217, -0.0821443107569671, -1.3966374935547048, -0.7622633514000154, 2.0656377036393754, -0.2788070340772352, -1.298602776920304, 0.9846293978954423, -1.1025631505785127, 0.5423205814529414, 0.0006136985529136914, -0.6780367510927591, 0.22946063097904437, -0.8515171891999262, -0.8327859353753022, -0.51605270780501, -0.6045044030011056, -1.5689048064816504, -1.0072909970584853, -0.5617721929811957, 0.9277507733121013, -1.4315173964209018, -1.0197420810418671, -0.5857322903876973, -0.41386031986219524, -1.1569169011386171, 0.09607415337423542, -0.050156555558145854, -0.47720680807955973, -0.0643032080916879, -0.8370995835825399, 0.36253378913567985, -0.38547382081207815, -0.2345752943062007, -1.1624140372099403, 0.16189558767703618, -0.7852171415783036, -0.006215128695374178, -0.008716314783035483, -0.9033278835187784, -0.7727654416639052, -0.2585053116426781, -0.7397955699869573, -0.041840206741429874, 0.07409282853340604, -0.2675725110652341, -0.14240282730176929, -0.5372649594527098, 0.8543993295830151, -0.44118716428711224, -0.18402355879687518, 0.1556922046363799, -0.3293276528717984, 0.604882567855629, 0.011637413095871088, 0.19314503097418662, -1.3724449262385656, 0.17099780569033937, 1.5584738563854221, -0.23996981055607886, -0.23251252342662962, -0.7412704511359166, -1.0486911326212476, 0.06273654745348306, 0.1846503866035633, 1.6291040732915771, -0.47731356041665046, 0.8000045695251016, 1.4387884656442436, 0.05623649217472915, -0.02350300086625663, -0.9492054574910149, -1.6006539090424732, 1.729315091258692, -0.14238819058636576, -1.2662686953214326, -0.5751700169264341, -0.3579413918879115, -0.5407458592952057, -0.5478052937943214, -1.0279298622637543, -0.5986220699182944, -1.0978621063820293, -1.2167533406471491, -0.5978810725949786, -0.7544157959094467, -0.21506175773966055, -0.11130409806584245, 0.22951758902708674, 0.03067456139089793, 0.2662715539596331, 0.5505518966333445, 0.9352743733577009, 0.46927779385209245, 1.3390006136382373, -0.5453995914421571, 0.03982249399601533, 0.0650991441149603, -1.5935802110080854, 0.3012997482607531, -0.4940313078104743, -0.4578599199578676, -0.8992520898607206, 0.19318893761849795, -0.9673947652920534, 0.0076709432726210745, -0.0166839382560894, 0.11837023017305569, 0.7011051339457754, 1.0683870952720926, 1.0689742069537904, 0.7416494854153786, 1.385170830099274, 0.5269207803716278, 1.4632087877323152, 3.2213583343612218, 0.6994957549069483, 1.8628020391479891, -0.8161179225974108, -0.675306165128384, 1.3729522502559763, 2.1154600958122605, -0.2667011988467251, 1.8125662448267652, -0.9459619251850996, 0.7872817561778283, -1.2001258436894708, 0.08239579720345863, 0.21656542364334605, -0.7221442697908373, -0.6993179808036509, -0.08809028366998009, 0.9928690691370075, 0.47727000981980316, -0.41277610395899567, -1.124917284821076, -0.1792176738104464, 1.3525091743605286, 0.5379821228603603, 0.48279698004880883, 0.2704882116259769, 0.2994862101216096, 1.0920639978093774, 0.8466530071194386, 0.9702245736330114, 1.1669895388670193, 0.6808094013001137, 1.4287265347225275, 1.0718874653128576, -0.6638927722350098, -1.110395060978007, -0.38180765184928717, -0.6810427473188767, -0.4587652710525675, -0.4306750952591533, -1.224578204790895, -0.11067133001258662, 1.1199618875902877, 1.6119240567555784, -0.33113013616516335, 0.7076863928000146, -0.4531651576509525, 1.4343478544560908, 0.595973095596752, 1.0878606719362767, 0.1161137114209616, 0.3342857944276285, -1.255676165611783, -0.09820178961093515, -0.4665387682108369, -1.5361304061131722, -1.721941536938474, -0.692055583805445, -1.242780594594471, -1.4488916691782585, -0.9165144491890416, -2.1329370123189273, -0.940644814526396, -0.9150233080176239, -0.5378526652228138, -0.4456982649288563, -1.6756407650323577, -0.5118659081735539, -1.95964261389041, -0.15101524662770605, 0.23535031476123403, -0.3759344945173975, 0.4711874655176393, -0.027596206134564823, 0.6641498887071188, 0.011692195343571207, 0.22062214628554597, 0.14669397670894171, 0.6880056735673301, 1.068499927060056, -0.9728721538036531, -0.5006500256229861, -0.10462778510946376, -0.005830762085194152, -1.1716820246821256, -0.03690542260225629, 0.5066957031968361, 0.6864706765643634, 1.191702686364069, 0.018696295965088806, -0.433065894713695, 0.8113706523713204, 0.4246690482719598, 0.09329912890290755, -0.4115112517830476, -0.2115038723872086, -0.1720283742687157, -0.20151885140664844, -1.7882121986524968, 0.6616171971571432, -0.09789880565439317, 0.24899205066516852, 0.7358541964961178, 1.1193807721290423, 0.16642043063017925, -0.2843447609674038, -0.6095393226209112, -0.6302735189408255, -0.0737550794024281, -0.14244844307302454, -1.3614765561155118, 0.3335028316949615, -0.5609566182722875, 1.1778678746747469, -0.49906100064450454, -0.06421936659486392, 0.42820053500912536, 0.06575935549723294, -0.014072010393112733, -1.9138050425422934, -1.7767031027416955, -1.5457455727976381, -2.8685685139027353, -1.4571112497142724, -2.5927206417376114, -1.9289129701405712, -1.3495002010431991, -1.1709446669756942, -1.8641303412678023, -2.7387143578543505, -1.7007821687696503, 0.3633859987311238, -0.1805776364205493, 1.3470869091780517, -1.0907109605667886, 0.12827440853481759, -0.3986817569651951, -0.4212671979241796, -1.1195740687040525, -1.5106985231502787, -0.561951422440654, -0.08570320242359984, -1.4486319086414345, -0.5472405438471889, 2.8851638786894065, -0.4819303469116491, 0.1463584975140393, -1.3412692446521632, -0.15016034534232842, 0.5459260529911216, -0.15029837161871618, -0.16245830654525698, 0.9466009788818647, 0.6762239939750597, -0.07852712130364312, 2.4818971280778372, -0.26655920250801435, 0.10915241486615879, -0.45293929533383903, 0.5232688444159898, 0.19519654415304882, 0.05841616363850454, -0.17507144167898478, -0.4175308001188056, 0.4301891515265322, 1.2020760729844024, 1.8550381419775024, -0.06571811202815266, 0.22641503865938692, -0.6866227878784483, -0.6488284887344767, -0.4927007460813358, 0.5301040209774044, 0.8937450907367058, -0.4932433962260496, 0.252709114189625, 1.3043511912816588, 1.983903340475752, -1.6772779045803412, -1.726292071696202, 0.02295964227218985, -1.1238229469262317, -0.6111541881200985, 0.04463798685020569, 1.5742363760185096, 0.43984918014775415, 1.8073712872319472, 0.7529522230577119, -1.5697959143270594, 0.40662945712186993, 0.406515935729513, -0.12997223909474462, 0.4457281912339955, -1.6292894846264654, -0.4265885538562414, 2.5478994173720055, -0.19386529056689245, 0.5920458620274176, 0.1175539004169174, 0.06852581544069257, 0.33521773153149115, 0.5751523307469798, 2.5006910994741958, 1.0519376627701447, 1.6788583914812143, 1.3525081778917731, 2.147667850737824, 1.2067639449931449, 2.1507466895900236, 2.308184984045115, 1.600875636491787, 0.3639839065695435, 1.2098662436934269, 1.0848801570463265, 1.2164360005996782, -0.553662965061634, 0.6368507133931852, 1.9766542549613448, 1.2990941156352944, -0.6390764546366903, 2.372263705496295, 2.613585799712178, 2.313683442225251, -0.15716238792359954, -1.055273534316478, -2.297208030231014, 2.032774513142777, -1.1002656871869758, -0.07051285952730034, -0.14158715714447415, 0.005812862146654211, 0.4026458669489116, -0.21548450233700528, 1.4769403331499162, -0.8241896304621715, 0.2829751404611587, 2.0813162519131834, -0.9952387307742135, 0.19127747308083315, -1.335665221410766, -0.8669807175785779, -0.4758676993217273, -1.5145451052973418, -0.32187905210976, 1.0660647039663023, 0.028643483762517217, 0.5066006908948448, 0.3656863469824893, -1.5915698414310144, -0.6916638326028359, -0.9670974172579039, -0.7588499249771836, -0.6241002638362718, -0.9423330271672621, -0.8179522562193214, -0.1854346576821465, -1.4030047631062263, -0.7012714009270021]","['v10', 'v76', 'pred_proba_m', 'v55', 'v117', 'v48', 'v87', 'v69', 'v44', 'v71']","[np.float64(57.44329653753668), np.float64(8.028346229753517), np.float64(8.34196915735765), np.float64(8.644507218720767), np.float64(19.106650762720772), np.float64(10.99443631986281), np.float64(7.316798686789573), np.float64(25.148659564889837), np.float64(41.6862562872605), np.float64(14.245096437559626)]",3.845893486086323,3.892217277739191,3.740337400512725,1.0942485462372447,1.1460742760198892,0.6375356580322905,0.6200801168252411,4.992918097263432,4.992918097263433,4.78432983018188,1.3663934834206422,1.389858491284555,0.8144996855440809,0.7675914937896187,1.0958537487246156,1.0825727148179698,1.1434910214454876,0.10229425707079944,0.0818295851284157,0.018019196619374383,0.01001126835329369,3.574948998360239,3.5749489983602394,3.5330828122988844,1.0070891416105712,0.9571611194903127,0.5729054144167358,0.5299270977259631,1.5058139527631758,1.4974482714985344,1.4742570738334841,0.7858275818912203,0.9928890971038173,0.4250853113047954,0.42900804724587704,1.0174094196334926,1.0895132928891724,1.0226961608583343,0.24007709297651986,0.2554735558709441,0.11583733845612428,0.12314040652789371,False
m565_a,f832_c,"['31', '32', '33', '34', '35', '36', '37', '38']","['121', '122', '123', '124', '125', '126']",m565,f832,False,2,forward_no_out_standard_k10_lda_nc2_sex_on,forward,lda,,standard,10,2,6,6,8,True,0.0021438971161842346,0.9978561401367188,0.975538432598114,0.02446155808866024,0.5381627678871155,0.4618373215198517,-1.876374324952817,-1.1662338237913379,1.7168247383714312,-1.7230915353732694,0.01236232590392103,0.051623149088110803,"[-1.762364066968835, -1.6500339540842641, -1.7646388592459292, -2.619932436312306, -2.123453914040784, -1.7584445565018032, -1.823749423818832, -1.508377388649783]","[-0.502469838852755, -0.9121403663744356, 0.1935598907916048, -0.4520611777222146, -0.9401290589102617, -2.6263122252446687, -2.61311611213064, -1.4772017018873311]","[1.7733596246673897, 1.6543925834350328, 1.244900612461051, 1.9525111274990288, 1.4842505906331844, 2.191533891532901]","[-1.2152123929127652, -3.177063856151965, -0.5417642347015693, -1.5368062494034187, -1.7053688936594935, -2.1623335854104058]","[-1.0020535989619046, -0.7953690951289364, -1.4530381734438809, 1.0412012989582302, 0.4158422551687047, 0.6145046839038263, 0.5820884709247134, 1.660365948562181, 1.3130021723192788, 0.6660326673105434, 0.7319712021355801, 0.012468073536311233, -2.526603437990519, -1.5994129791065754, 1.7472732982170738, 0.6591469660502624, 1.6419945091585766, -1.074348545587154, 1.2988794327341937, 1.8713876876613, 1.1428898237476635, 1.5870513760767333, 1.6116084335497707, 1.4983030153501193, 1.7620877174452492, 1.5993768760240548, 1.9072438266730534, 1.3826207387445812, -0.42701146534193657, 1.1595352112647823, 1.7054044128907924, -0.1641191737952999, 0.19297617369600356, 0.058592549636221035, 0.4163118896952444, 0.10840911061467592, -0.005086684228429906, 0.46336363711954315, 0.1998459887749437, 0.4377880040231387, 0.5576907431970739, -0.1681980419936949, 0.017196803141486344, -0.17451133595541224, -0.02679334183641839, 0.17437609215040337, 0.12076464065929034, 0.21841748304004355, 0.08192066878345307, 0.08324044149781644, 0.35872191037021706, 0.33224396643389387, -0.42566985132568036, -0.22809148953501068, 0.12301084631569786, 0.003643524082638216, 0.9029221912596991, 1.0584753013494905, 1.4679340434647874, 0.9210003713214593, 0.9675143716815693, -0.881062141012751, -0.4855339610070899, -0.5345011665297202, 0.5775294125934686, -0.08803928587034389, -0.1772123379690784, 0.01290074894148593, -0.2414114047027216, 0.6749257002876311, 0.7875144764957609, 0.8484094045519959, -0.8536353222575791, -1.725215704245189, -0.578258440432539, -1.2623997889948015, -1.3628694967860044, -1.0157718404920875, -0.7703941361338735, -0.01715089013749527, -0.085125007452631, -2.284563697386422, 1.1975210951328648, -0.07873495530597556, 0.16106497773096734, -0.2571130703397326, -0.2454056995607635, -0.32768296450208895, 0.008444609427041876, -0.5737525121510058, 0.07817085662496621, -0.3992890415700142, 0.09308887272125467, 1.7337828013503003, 0.03297989422597836, 0.8098270733719783, 1.0078083377602958, 0.2772091630153298, -0.29158726954047853, -0.5521830934087225, -0.5413082120653804, -0.0033537515683633723, -1.2249809749478964, -0.1481807035312593, -0.260631320215762, 0.6165602244426579, 0.2836700453768444, 0.12420282183738714, 0.645153982359202, -0.049170218969362564, 0.17906549624585746, 0.5112311324727932, 0.6773489226952336, 0.09984088938021093, -0.02133241416045975, 0.5313667494353538, 0.6462306542235204, -0.1954679718825572, 0.04480105829358359, 1.1073649787869992, -0.18702937283812665, -0.10181421415889137, -0.08025062150197416, -0.9465586951321664, -0.3001912011190185, 0.09145245618680171, -0.07240817734898443, 0.613130800367902, -0.032530897879449225, -0.4534728063905617, 0.5041354792674599, 0.3688360216792786, -0.1910098399534221, -0.19106570989918337, -0.022098556756636453, -0.451865310454438, -0.2659510289156126, -1.1529843840569483, 1.1091759446568603, -0.2881267357876074, -0.4457389683656241, -0.40646159908179574, -0.0032805857416580444, -0.5447480146478667, 1.2421918198655442, -1.4004831304705936, 0.796775783933631, -0.2619595718671679, -0.5830327323556386, -0.2139212488779718, 0.06643596834712083, 0.1124645639312884, -0.8090776867141605, -0.3011475953749148, -0.022502309607194897, -0.006695054557026347, 0.009750861019684622, 0.8453354917382769, 1.103601594243476, 0.8374156211314853, 0.9714615515302862, 0.8122246513882933, 1.013213386221906, 1.1711299552417356, 0.8381543320265136, 0.9083319162188748, 0.16067131196104012, 0.7926518268825872, -0.6731695858641568, 1.2680373371820384, 0.24734798478817946, 0.2895858148521902, -0.8221334035094313, -0.1553698700182214, 0.7800116274329373, 0.9239738309438171, 1.1480003725931367, 0.7692434756531711, 1.7298055224611635, -0.17433250748256565, 0.4092141820100298, 0.46461965035791875, 1.1991332229801723, 0.31502032864969126, 0.9880579095780331, 0.3859691983275895, 0.2540946227392054, -0.5864752075975406, 1.2682721774717027, 0.5826483754065512, 1.0047453148303385, 1.2366490521320601, -0.21570047149605642, -1.0325269794702485, -1.9889692863534736, -2.2353726418552657, -2.0034650919113512, -2.0776580728240432, -0.9946297775649513, -1.3580402895271693, -1.0603923382585476, -2.1976584833388966, -1.5664037157443336, -0.5780835483623958, -1.6969839059712746, -1.7012507774854717, -1.6998606787399286, -0.655546792865003, -2.1314515052380774, -0.5033024594733164, -1.625855191215618, -1.642729423027604, -0.888601013044663, 0.30280518079055313, -0.35403841865081576, -0.4284037799384727, -0.5423690456292035, -1.432873544563522, -0.5251137590555857, -0.32556532846780806, 0.7578035783261374, -0.04668494801944868, -0.06924361444029885, -0.5504005307998778, -0.7826448456093383, -0.9132961604514556, -0.9757901795800653, -0.6312267750320089, 0.8292492795693011, 0.2447876380577191, 0.40162810905318574, -0.3871337790877565, -0.7260780385564616, 0.8292767771294063, -0.19110233898511908, 0.35314400446708055, -1.7844657931680143, -0.5440017719548997, -0.23980170064110545, -2.2808133885018025, -1.4564172273955769, -1.9022793479199736, 0.10578855830577004, 0.13049108331992673, -0.0206099554504206, 0.9557142964975734, 0.6906110122839897, 1.163745306295439, 1.4725384795619927, 0.8098355862392993, 0.9772698466301948, 1.5289454315263487, 1.8318003005444017, 1.5868317607175528, -0.7352093024897213, -0.2559827490111307, -1.3628793799056385, 0.2861161897204762, -1.5636908420524327, -0.4133643355982591, -0.1659512537349689, 0.7552942284930223, 0.055197806805253415, 0.028567912088561274, -0.33941893776153914, 0.1650873767825553, 0.46432552446112135, -2.1599811230865593, 0.04368810427707466, 0.05260487426384055, 0.9124891808900345, 0.663809058164199, 0.7970645889224451, 0.40667061239210034, 1.3965678406512, 1.4243024110240698, -0.08987356428477396, -0.5361473695561838, -1.9367788241342763, 0.37361505161057657, 0.00667410753930128, -0.27944435058300626, -0.5588566011174072, -0.4348937729943355, -0.42975425558301217, -0.6944022383003051, -0.4490657597871641, 0.1264710067931798, -1.1327675670817814, -1.664004078131441, -0.3266656234099387, -0.4772609094614727, 0.11825636666024622, -0.18551933128635995, -0.15761498422395093, 0.6572229545869672, -0.15517367020001124, 0.09752671066592976, -0.8453053641972617, -1.669167904253174, -1.073352731026004, 0.22287921536550062, 0.9683424466101355, 0.046640270077238054, 0.7548187523621244, -0.2535760455953112, -0.28862586673996593, -1.125603374127187, -0.8159221334771628, -1.3173427384619236, -1.9547902445699656, 0.7711378014191916, -0.20537273957076868, -0.519756414153754, 0.38231954714636135, 0.34393434756909713, 1.517494495146285, 0.23306457145158443, -1.6375018156837884, 0.04068942890267698, 0.03665078818293232, 0.20783004067429175, 0.3275666235884239, -1.6141341472645543, -0.5000939475750393, -1.3821632165422235, -0.7643487267051844, -1.4858816854083523, -1.875605627194649, -1.0170934721720502, -1.2409869515765348, -0.7163590622739096, -1.3244324302096153, -1.0669344011870485, -1.2532998184618898, -0.293497574812275, -1.4991557989856328, -0.8416051678028692, -1.0982464092269069, -0.18978465946922518, -1.7588749338962895, -1.4462874184908563, -0.9241629130825683, -1.6852847906795312, -1.6053790783845132, -1.6167326701843274, 1.6599747832256435, 1.2726734117278309, 2.724837234780216, -1.8435509569476585, 1.1942959122758914, 2.1868490724672243, 1.495792704721208, 0.9320462137023539, 1.1728689790392315, -0.40334652544462535, -2.365855673839126, 1.8776604057476542, 1.7396653767919976, -1.8627715682799628, 1.9098297464848095, 1.2190859836655255, 1.865888949755118, 1.9367533067013143, 1.8759022373066334, 1.754220395639544, 2.1371071377286017, 2.784884141127124, 1.5155621283015264, 0.9770205870678886, -1.0889880885368035, 0.8764775869560804, 0.27864869471440856, 1.2390507621445772, 1.2463044374372383, 0.7980600793125042, 0.9270119517764053, 0.49697577482964994, 0.7456457084882908, 0.4313144299499079, 1.193050261816774]","[-0.20017039225029837, -1.350503010652137, 0.4713595440264801, 0.2257879105575856, 0.4954051395153023, 0.6326437831372761, 0.9738586737292101, 0.3081457127269047, 0.31739570444939663, 0.0075791783405411975, 0.252178192658918, -0.022799087715228917, -1.7185480009419472, 1.281559748418668, 1.1622454066392407, -1.55589019786039, -1.1682395377189214, -0.8363528710200486, -1.627362621710526, 0.4334159390686443, -0.2444150833220819, -0.8316715103148039, -1.90361964201147, -0.9843317612350111, -0.37048594145063507, -0.43101080165437405, -0.6013466190200993, -1.4059329754297973, -1.9966002961436982, 0.5870059745272251, -0.08554101323413744, 0.30424410272629226, 0.018465018554290884, 0.6214170303232173, 0.2905635724306145, -0.22760525649550606, 0.852060686122615, 0.6234091179536151, 0.43879735111797874, -0.5496681886936239, 0.3529393692574529, 0.47169937894939806, 1.2389290208115231, 0.3522559588470057, -0.5179274580367155, 0.048443483291857756, -0.4424888226850203, 0.7090554856126833, 1.067108735131385, 0.9696987429845337, 0.03940098527460997, -0.6882608056409917, 0.12083811054535476, 0.45848045656626807, 0.11271366522330702, 0.2972646210412793, -1.4066953447166801, -0.08888915900028727, -0.9391835051447129, 0.13093739292485007, -1.203788841685003, 0.08631626904743443, -1.0565133731828076, 0.2362245354234966, 0.7690744103186996, 0.6476224098671365, -0.4988283799014614, 0.19876868610163823, -0.0026030468905507646, 1.4904175167170473, 0.1607389269544789, -0.3897882789746699, 0.3364366213520271, -0.872996755871712, 0.019596558061985625, 1.1666728254983207, -0.9560871908646356, -0.23385668416608366, 0.46890315521021375, 0.4737669337426811, 1.2146264632094956, -1.1060232587891192, 0.44523518804769413, 2.0830419727192284, -0.1957850872871581, -0.20900531677240253, -1.0455446549046639, -0.07186442727379748, 0.27291930331552167, 0.006145006807361262, 0.6762319939981991, 2.5404609271029055, 0.06672915725550775, -0.06438262558496978, 0.00980909595832433, -0.8867937611788888, -1.6325723802324033, -0.8742971329949807, 0.07749134729015536, 0.4420698083103779, -0.2995477020226405, -0.7895915306239605, -0.31384932267659055, 0.6640687039338337, 0.8309252861557939, -0.6438171107219145, 0.9188156033068703, -0.52427558567198, -0.5097788420005365, 0.379014846735799, 0.8211984132561191, -0.9363415496530324, -0.2734466607678846, 0.22973526723561363, -0.332466523323074, -0.6326464766137785, -1.1557218214863818, -0.22422469078885557, 0.6107563759279351, -0.2616015833799764, 0.0912620958918304, 1.7985308822936392, -0.6915005241618468, -1.880115133031303, 0.8826104821645587, -0.5907265691687758, 1.2535631685626856, 0.5666663384533852, -0.017923646004705276, -0.07783947088911256, 1.6790523714742729, 0.39989844234812844, 0.5302475744947562, -1.3015086761415375, 0.019446730838605444, -1.3732192903085385, -1.683622090676093, 0.6858721596087518, -0.021818976880764365, 0.3438600644289682, -0.38665385404289176, -0.7316663480111837, 0.020606079444807433, 0.12267704220407212, -0.28038640371179624, -0.08139895625369961, -0.42932412160775346, -1.586540658635611, -1.2992737613141567, -0.724746868290247, -2.666496865065674, -2.4479993747040485, -0.14192940327624168, -2.1220622213490743, 0.20542205283854392, 0.05183321721420328, -0.519983856974664, 0.48861332043966516, -0.12660634583919364, -0.759882830483054, 1.3489933998831607, -0.7634035878612583, -0.33116842948076075, 0.95197987859152, -0.6743745780854894, -2.0836458828112585, -1.184142053366028, -0.8125009886805441, -0.7907355006169167, 1.0602351878444913, -0.6136111926236233, -1.1499512501424127, 0.07270352441582882, 0.5342906026353412, -0.8421610281479722, 2.056481366096934, -0.2494153705160765, 0.4704873850489188, 0.039173932267883654, 2.6043085126831063, 1.0960417639925921, 0.8175859001749987, 1.2483858901014198, 0.38324121741080064, 2.0244484548646966, 1.072556094306525, 0.9938084440837522, 1.3618726135433321, -0.5745703464059836, 1.5510120461797274, -1.0073611059219973, 2.2206139188604226, 0.974775033759303, 0.30947955230648333, 1.2082503354160419, 0.37241299449967613, 1.4820940201054629, 1.5505076015856596, 1.169661586915195, 1.1091908191744904, 0.7615916372222329, 0.6299572281130151, 0.012724304756419022, 0.7074908891096902, 1.1516263943141567, 1.6110467329513514, 0.5406863873487024, 0.23683246209225853, 2.108840667695562, 1.022543067239066, -0.7753508534036694, -0.5394537420995658, -0.9675214880684272, 0.6561196923047268, -0.6980161870669943, -0.4099241219765036, -0.7134744629943279, -0.33370123516709693, -0.20822866450374164, -0.2715256954476263, -0.5437865021800493, -0.1328197649260378, 0.2384549140240825, 1.2777765111225479, -1.2016628306072694, -0.9143053586836832, -0.4179634674873422, -0.3504767353632997, 1.6448461063283384, 1.9703271667626419, -1.9240676550086881, 0.8372432086781337, 0.3894551445772008, 0.48669996085974787, 0.47221100437447155, -0.42532865573288126, 0.8887323719805701, -1.3604752018936843, -1.0202210456370921, 1.5042398332801623, 2.3176707481278953, 1.2712752271356915, 1.532290479776401, 2.1643431066639858, 1.5442525241626834, 2.121815601858179, -0.240052717181249, 0.9733283667895966, 1.60018051341669, 1.9392329159919803, 1.9432196164947597, 0.035541195074639126, 2.4144634512452936, 0.6785740150737258, -0.15627052912346687, 1.0399473689614582, -1.2612117422564928, 0.745289043718846, 0.14581275040903935, 0.3068722437094449, 0.9655380031715625, 0.3414185712168983, 1.6622836638672436, 1.273736252599648, 0.1786430195692325, 1.0870185801475891, -1.0917665100723264, -1.03815694719479, 0.4486827165708338, 0.3053437504915249, 0.6447400633255045, 1.1669070620409305, -0.23640183862347403, 1.1548405146108338, -0.6500856503320103, 0.8488754013614473, -2.671266326102192, 1.9318172432186047, -1.1994062943750865, 0.5666753707848539, 1.1174708199117414, 0.46189612870232755, 0.10767884077300043, 0.9923467826184701, 1.3339305524914098, -0.5062768945764675, 0.3662994507605128, -0.3543145753027861, 0.3051267301761789, -0.5599551491047489, 1.8602272567821827, 1.6232973449795132, 0.8217059156165575, 0.23072190082064237, 1.0946018142107352, 0.13549031440713866, 1.5619995491985605, 0.786548744415735, -0.40934850198500994, 1.4101271863534888, -1.37467680357053, 0.819235486481295, 1.6893327160129459, -0.9318990785213297, 0.6145224972074163, 0.43637773180042655, -0.9909180562179049, -2.4377704344871267, 0.4934070443940276, 0.3202979872313595, -0.7296870940651273, 0.9361174557835662, -0.1608581535613273, 0.015313325474266764, -0.20635658903683618, -0.2225989654498752, 1.0708152027950582, 0.38036477477258335, -3.004863585495891, -0.23414434217712385, 0.40065489606969906, -0.45090726138674525, 0.10399278065155419, 0.785341576845135, -0.08885827133467207, -0.37003237230888175, 0.09907051704917744, -2.360460318552575, 0.10588983833158425, -0.6545861452193691, 0.11833197999697066, -1.0719363741916759, -0.3223731996458947, -1.4968102344695566, 0.05944605595453196, -2.4618913677940575, -0.6803119097721906, 0.5759261463268133, 1.0340040965982227, -0.5859405466469103, -0.581640879695099, -1.4136082429057675, 0.7193371856546813, -0.623543541905866, -1.6139893833051109, -0.45154164754342596, -2.0116895487024435, -1.5877109512400591, -1.3488525954979005, -0.7311732334472335, -1.0006291329945476, -0.6636413293592547, -1.1326702504800665, 1.1549206699339416, 0.10566123740873869, -0.2576748876585409, -1.1873177907336612, -0.8385846583854383, -0.1402766430458976, -1.2027484272744693, -0.7271520741161693, -0.4616982196221615, 0.3374925559206903, 0.037177474480891995, -0.4996697066363869, -0.38902470968002595, -1.7121742935088626, -1.6669127529353465, 0.18499361601281905, -0.6651709261555847, 0.49710000348330674, 0.9972608735970733, -0.013183044511571278, 1.132215761171821, -0.03788983343691852, 0.23303644804238485, 0.11927387142308213, 0.30351716586071076, 0.5434058194758898, 0.838942424849141, 0.2549424997708979]","['pred_proba_f', 'v44', 'v26', 'area9', 'v100', 'v47', 'v115', 'area3', 'v106', 'v28']","[np.float64(151.67409882757332), np.float64(21.01610507581871), np.float64(18.84302563313348), np.float64(10.152169315688464), np.float64(9.480241888225692), np.float64(28.398381287232326), np.float64(12.190087142538504), np.float64(18.623198942561817), np.float64(9.180537251492247), np.float64(72.61194949212287)]",3.63609268578546,3.836009630145231,3.8057130848537657,1.3410877265013228,1.1774433140945568,1.2035217733406864,1.1481281754335302,4.150056774906179,4.726737554353811,4.7109269185257485,1.5658120819137158,1.4718952249545396,1.4962226250793407,1.4029546371300574,1.225515417127919,1.3044346916990062,1.3354419448676593,0.1429931554460225,0.10673320108343148,0.053083190244989406,0.0320465324235113,3.5931990633242483,3.593199063324248,3.536861087774772,1.2747708694605506,1.1226219986821948,1.1157627220506365,0.9950420147018494,1.1927293199485627,1.4227813349677663,1.366277397231836,0.6308185090168532,0.5656079979751244,0.44792620382760967,0.3858861952035385,1.361176449921842,1.6898664581380025,1.5660688631074988,0.2586095275682323,0.2626838702306457,0.22376435443150314,0.2046903645939044,False
m565_a,m849,"['31', '32', '33', '34', '35', '36', '37', '38']","['297', '298', '299', '300', '301', '302', '303', '304']",m565,m849,False,2,forward_no_out_standard_k10_lda_nc2_sex_on,forward,lda,,standard,10,2,7,8,8,True,0.0021438971161842346,0.9978561401367188,0.001088462769985199,0.9989114999771118,0.5381627678871155,0.4618373215198517,-2.0966224543745344,0.9487452172496861,-1.6969600308621582,-1.1621722948566187,0.07965527528056038,0.004481408453688968,"[-2.1721448237329577, -3.161084849069593, -1.7005855940908843, -1.8227236857136906, -1.6554915644196786, -3.14572761772981, -1.967369319816584, -1.1478521804230788]","[0.8976550836649693, -1.141575787186988, 0.17716290566891915, 1.8013629309052488, 1.6785998832871427, 0.7693089269392095, 1.5636016286182843, 1.843846166100703]","[-1.5626017959623604, -0.7485706219239798, -1.136032126670786, -1.0987201872263002, -1.9250761922347137, -2.8653096689899376, -2.1562823508052786, -2.08308730308391]","[-1.0491965865000286, -0.4038363960756447, -0.5939390853491632, -1.7606375773219942, -0.9603588770165238, -2.275093047411017, -0.7300613839916141, -1.5242554051869648]","[-0.7879315226379983, -0.2606897228174047, -1.8400213054109733, 0.9316733957188523, -0.47194449210008915, 0.7130430473287815, 0.7737753121677979, 1.6750912207695865, 1.5654549478085205, -0.020577212536330075, 0.9876793224982856, -0.7442647629165142, -2.8059759846349, -2.013625376724394, -0.417563385574511, 0.16972715576094444, 1.7761565179160907, -1.7100972711332492, 0.002403285026238021, 2.3422289184521676, 0.004199978557986532, 1.6511833872887223, 0.7396836573249019, 1.3245643114985362, 0.7248599082347669, 0.26266152449449676, 1.0172931335792024, 0.5875808280159521, -0.4318698350711715, 1.2041974821453312, 1.2638382215520474, -0.06566236111832366, -0.44103201215436993, 0.11122713099058903, 0.13992323894423503, 0.1266238409101494, -1.1203812126295272, 0.49249784133014757, 0.7650046485953368, 0.22944474283056868, 1.8669056087503686, 0.8996121394948481, 0.6335553315705437, 0.030276312878677016, 0.024283908326545457, 0.808210050305225, 0.4839399041822667, 1.0917647117783358, 0.593568669604226, 0.04206093085283171, 1.1229355621930939, -0.2792069392017369, -0.3970199172422953, 0.5363662580745017, 0.5132764426162699, 0.13165838523236884, 0.29769814610527195, -0.14120380043529784, 2.4874727194931023, 1.1477824477920777, 1.651672795012208, 0.5720586722264293, 0.7269577058669662, 0.9777514699440091, 0.13513403345545436, 1.3717782721745824, 0.33934307922437035, 1.0244307180217724, 0.8961235333048478, 0.7017818094112793, 1.4978189037560636, 0.824170353296131, 1.1643793758011916, -2.6692785947652173, -1.247389925457928, 0.3418730739221316, -0.7194758830425475, -0.48965206169357484, 0.46854894381346246, 0.43817914368149913, 0.057334737262588475, -1.9761597438220924, -0.05714287923205159, 0.26653727266050653, 0.6621884762002062, 0.0035680491984045487, -0.23147464994427272, 0.37919774561885283, 1.216713148486836, -0.09852722781199927, 0.09304957519960551, 0.9703765226712956, 0.3550580105195947, 1.410282171809089, 0.6791298427288681, -0.6969590144524481, 0.09703016806236062, 0.27781688538019234, 0.751448382421667, 1.041050670578865, 0.8729228864245341, 0.24736136848920112, -0.17932242242179017, -0.015299062880516662, 0.46808963205207627, -0.008273245496633283, 0.3438538340634221, 0.26556743268694016, -0.33869355135262597, -0.7314945847437079, 0.6435313926316475, 0.3861673579959385, 0.6024125279352397, -0.40723059304853876, -0.5010071326026698, -0.46484715500333607, -0.13419712864822678, -1.1911828641646034, -0.368287468181434, -0.03562153118029933, -0.5361383079380239, -0.3729581671881475, -1.9430572586599701, -1.272497768576991, -1.8000782091713212, -0.7168054776178989, -0.12791667084601246, 0.5220833034529447, -1.8433420166942065, -1.2309907257871644, -0.23721020136749218, -0.1397895090493212, 1.0765216281065575, -1.4418140570304079, 0.01966296578075364, -0.7467277134820361, -1.3858714380806552, -0.02061851039292958, 1.405445071413669, -1.0861834300907596, -1.1126030450957267, 0.4562773438956703, 0.8657576601709592, -0.9151444711989776, 0.4858764905970747, -0.6909821595631003, -0.01805996684158114, -0.04618421694255726, 0.11373379844908058, 0.6539260681838571, -0.4103916749391677, 0.47486173377296875, 0.20748784806938123, -0.12036350756836103, 1.1902490071771565, 0.5894328086325408, 0.7728252980661561, 1.3197658509060874, -0.09804444749685082, -0.10462029698235963, 0.5994801964706759, 0.34437316312915, 0.049152583787290705, -0.5999438135634009, 0.7963349688945538, -0.49103630249165064, 0.7537531244183221, 1.971110540337909, -0.379973898704345, 1.9672673356880674, 0.30183270149037045, 1.307082969492016, 0.17019654381524532, 0.23752664835008808, 1.4482994720747118, 0.5280821573951137, 0.4714597993300848, 0.35966479234049137, 0.31826541089259175, 0.9979036282805237, 0.5001754780136776, 1.2791824878998284, 0.20701874880001794, 1.2310815095052547, 1.4107970134302341, 1.3937028953427755, -0.9726758106907903, 1.1324090839386634, 1.6445961207870856, 2.237329096400038, 0.07504923310041087, 2.0764098746515116, 0.3508057986429508, 0.3183053953110854, -0.7594568420581543, -1.6469491522247806, -0.31195381535583316, -0.9549185583728249, -0.44197800039623286, -0.44351709423422114, -0.043723418982578366, -1.0047404138916123, -1.1659610155515927, -1.2176178067595085, -0.5494400500975257, 0.6717588253770075, 0.44541095510434914, -0.5906839712275179, -1.5820437471778444, -0.7732129504623235, -1.3480327586887846, -0.9612555882418417, -1.184358004503529, -0.6526221566585351, 0.01076986379414631, -1.0494314949762977, -0.16866801979694068, -0.6447501959757468, 0.48012235479574206, -0.5321679785114934, 0.0020232513417360698, -0.25066564807306746, -2.2541485847022362, -1.4800213172017418, 0.6247451630798552, 0.24316147128328092, -0.7476785921487558, 1.4910402325624086, 1.2642668990135266, 0.7273894847649114, 1.1975638902203718, 1.2393977098930384, 0.6082394103126428, 1.9951420194693041, 0.8651935864535667, 0.5425675903850176, -1.994787888271568, 0.7245169089481371, -0.012242386630069355, -0.07751169789408663, -0.5474744209172286, -1.1398604035146485, -0.7072941466095611, -0.17995945624034632, -1.2288047157153505, 1.3105045391920347, 1.6447763071666925, 0.56203849366985, 1.111816594879779, 1.5873041468617175, 0.9708453661869775, 2.412119948595154, 2.051550566322074, 1.2180859361735212, -0.2183560372770701, 0.9210818204924601, -0.9424882805109863, 1.612787263588901, -1.1678647988911355, 0.0420171819901126, -0.6947772677430736, 0.29813754706894385, 0.12484225404355855, -0.6837360415177077, -0.2545786729960755, 0.3817873293466723, 0.6675738672292396, -0.5653123856081758, -1.6086246484545768, 0.5174565200964921, 0.3298533019252512, -0.9184452431090824, 0.5929414285129033, -0.7819996678480826, 0.021107536955608568, 0.2633766601980087, 0.2040051049450625, -0.022989775302747324, -2.0044745996314846, -0.1387514803698786, 0.2813833619188033, 0.047809919852807845, -0.4246804911752024, -0.3705634096795957, -0.7909437855531097, -1.5239903915947397, -0.09763966372457504, -1.0383698015440124, -0.6597746892503003, -2.1687009813303195, -1.156576595911165, 0.6928323849904195, -0.5362995007171896, -0.6911213856200069, -0.7612631405264382, -1.8296221712868808, -1.8112795469179206, -0.5737667512045305, -1.0039081896794975, -0.11437160632951805, -0.37679052361747706, 0.37139726968772274, 0.04470833901840106, 0.1295347129769736, 0.9791344647180137, 0.7898184867275896, 1.1512217006357424, -1.2909141661261647, 0.2731438073445925, -0.9442038560812112, 0.2349859611362211, 1.5671914418256412, 1.3296408334038636, 1.0409521980931964, 0.2969103494690803, 1.7447264461754726, 1.265030892857954, 0.36147972952621005, -0.6162167619219895, 0.7503264222454429, 0.6000128451011117, 0.7475044559573982, 0.7764721055688342, -0.22725614788474283, -0.9825526965235487, -1.6669408026176264, -0.7630232069419969, -2.951122142858397, -2.1460085954053323, -2.128831576225532, -1.4919646251556387, -1.1965018733698989, -0.6177255034381993, -1.759237599719134, 0.3473043314291717, 0.6338883140156722, -1.6701253112640793, -0.5625384348949864, 0.2470850136385592, 0.27573325251030845, -0.993295063438432, -0.7862691730451782, -0.546205242851273, -1.25601619749785, -1.4010970333279553, -1.3656472840020826, 0.29932045492229786, 0.8433459529352227, 0.8764230977783649, -2.258927287366195, 1.546149321131614, 2.682587885521573, -0.17555316964358955, 0.9969091646693515, -0.9383449018796383, -1.3199308812822557, -1.127325349441897, 0.8536112843845243, -0.39534685993045837, -1.7521747016239302, 1.3689654358628776, 0.31015214270578234, 1.4240112039716895, 1.294491016383555, 1.3052964757938648, 0.07051077650479462, 2.163360128795961, 0.007326838490131815, 1.0927956088166395, 0.007855892444876866, -0.49437351311426, 0.16073939392372644, -1.03052925950106, 1.1492197224840932, 1.0938531655352668, 0.18693115096161025, 1.2323771074136636, 0.5383267527816331, 0.25955662839478255, 0.892516556738221, 1.3926481415146859]","[-0.3822553036855026, 0.8222512510492113, 0.9210218552045013, 0.4668840903592232, 0.788649302977835, 0.44298282114173226, -0.029233258454738682, 1.1841768284240866, 0.557728026498017, 0.43722357695007524, 0.6111292078885125, 1.329741445069086, 1.1846125892743018, -1.1940269239855017, -2.1955018769355448, 1.716334980014234, 1.5013995338797412, -0.4016893453214864, 0.896485264777785, 1.3193130806185147, 1.1334814782820388, 0.8831498699518698, 0.14704794813967062, 1.1370472339087507, 1.4208757978191926, -0.3562958807471898, 0.5507749033411902, 0.6043011879863726, 0.8156239735054462, 0.41100830769151087, 0.7150799758543535, 1.6103780223265645, 2.157945772344245, -0.41365964354207785, 0.18964941422253656, 0.49628312956525433, -0.02598377682421199, -0.3796538102044912, -0.20664850783145786, 3.0357736379514173, 1.9907053427252421, 1.919845528213616, -0.40796795100968125, 0.7372885933295462, 0.49838015769734406, 1.393558146234282, 1.4552652358290183, -0.40731037842236995, 0.6794177664346274, 0.7749695301727346, 0.4300449820163503, 0.5419265817108379, -0.048906758055218026, 1.179791454624531, 0.5893130747223355, 0.7863029447235572, 0.937401717657857, -0.6693756429738106, 0.5504936852106431, -0.5370577292485923, -0.581469413167566, 1.402590858259251, -0.4059203506228464, -0.42342365919847186, 0.20554491203375527, 1.0380348774018644, 1.621010705438206, -0.1425240550700442, 0.6227820740786312, -0.7955604030804422, 0.6837007296660271, 0.7689748259744357, 0.4058272937121065, -1.1817913794208872, 0.6536954545353585, -0.8230351549324925, -0.026769784417911027, -0.8759489465721276, -0.6100309992218624, 0.4689921466023487, -1.3524730734024073, 0.4316620644482002, -0.07480623093137184, -0.09486003830026064, -0.9174054568836143, 0.3359289578571326, 1.2237571892652053, 0.5458828635597847, 0.6052749933573706, 0.7814830953090706, -0.8009918493835452, 0.2481404428754128, 0.3599386002449547, 0.5370967999767357, 1.292853348525333, -0.39163615391185974, 1.2601178823368637, 1.0337857035347966, -0.24803965949063397, 1.0926046840660342, 0.9193891679538156, -0.5803980615360651, 0.703827681042912, 0.7939963341404833, -0.008902662241293083, 1.0765656611711159, -0.6869492098198481, 2.0481183546531794, 0.3262891512213269, 0.0514422224973222, 0.13807293678731175, 0.30130514712345696, 0.4651014378035022, 1.19023081896504, 1.8788355809604236, 0.1747909578946804, 0.80938824174064, 1.007819228926389, -0.7767406374024012, -0.10968626439265644, 1.6597035810084946, -0.9702426155759796, 0.005730043171082791, 1.6343541677041307, 1.1034666847326473, 0.8855967909051016, -1.065881597023353, 1.0126783211927268, -0.23893006430818428, 0.6007493826050571, -1.904416880985404, -0.3338119871917142, 0.17037877881997215, 0.4569015594819727, 0.289275211654392, 0.3573554743220228, 0.0911447333128523, -1.0859556867656996, 0.4269042782228483, -0.29292589006460873, 1.01099781604294, 0.5272628897724567, 0.45799926485157455, -0.3077206332570453, 0.7784269331958704, 1.7307111245088733, -0.19737812764510074, -0.30308079054376913, 0.4028686282281862, 0.27680994443045137, 0.9079026510718268, 1.382401284067433, -0.2633386791541673, 0.603386734383321, -0.4555864223106205, 0.1302808237132933, 0.12083131244793899, 0.657287455456392, -0.7790091506876905, 0.8940651475491584, -0.4441055233272393, 0.77976182094934, 0.44678261356445786, -0.4550423120088404, -0.2975150559012857, -0.027684031653404807, 0.28149222674791613, -0.9043781709901706, 0.5675601318320078, -1.0237375495506298, 1.2457889593990337, 0.40550063525838986, 0.09055067863998223, -0.30908858835310254, 0.41713901700227163, -3.74464012190496, -0.058525465816741826, 0.32965761731565374, -1.0202174183739756, 0.33012284914820456, -1.9771615479494349, 0.8939117728341921, -0.33436787310269117, 1.0024197507669876, -1.5896142910679418, 0.9546781595082666, -0.4368447503701368, -0.5579902020721224, 0.30693322320919664, 0.919757517391848, -0.29033863593631815, -1.6509159238860218, 0.2287268929927863, -0.2895000197188385, -0.7220668850510932, 1.1032822542670453, -1.0639841404294985, 0.4732345052821574, -0.9409320318025155, -1.662841617044415, -0.004006700811703775, -0.5912305745584795, 0.5425260924140237, -0.5299220694919579, -0.28166253068361574, 0.5904774307467172, -0.942448709919861, 0.27247127106584024, -1.183432710116415, 0.15439794053643183, 0.4776479991166555, -1.0539215548777165, -0.7993415820860187, 0.7329470660939712, 0.5987505295535965, 1.206390404361446, 0.7629220207295376, 0.7842651388497544, 0.3297873193974574, 0.8797859260533214, -0.5091889297275425, -0.7609009600620777, -0.2837978675889756, -0.13475707044042118, 0.008376153274531475, 0.1757272766195887, -0.8521932003439813, -0.6506389882873913, -0.9531187133292973, -1.8218422601130464, 0.24936265425101356, -0.7873256720897187, 0.2201546568539224, -1.453695445705944, -0.18821424689807464, -0.8879653016316158, -1.0015612772396416, -1.268457541516148, -1.6324699863796512, -1.5232433160305794, -1.300468669791473, -2.7459206453294964, -2.8893025279344475, -1.206962795355883, -2.089951704483737, -1.7363332299559435, -1.0337843284857606, -1.0423694001922243, -1.4310889972394654, -0.8766611804603042, -2.1817198361944152, -1.70632437643895, -3.5081231797509846, -0.8058542462909685, -0.7135752278255241, -1.5069828846569222, 0.23598540379950678, -0.7750286495703684, -0.757186483561226, -0.7571877861052945, -0.9578011484200385, 0.05169629331448987, -0.683342350805093, -1.1767844510066041, 0.472259351216904, 0.2644548641980478, -0.945431670009146, 1.0448656572280361, -1.5685103867191668, -1.212204565378871, -0.9763041888874949, -0.9432254067174934, -0.4111744679694294, 0.5573767970890948, -1.3560332239560768, -0.9896968592008524, 0.5472927614506744, -0.2814223375522255, 0.2174242872431693, 0.5809263545655187, -1.8867479451626865, 0.8469104969177791, 0.7327860998589004, 0.7467253109961838, -0.3363299282656051, -0.10524988437937505, -1.1179541045784727, -1.1198446143246599, 0.7364703339042302, -0.6874658291701108, -0.4640228631652592, -0.3711618643398102, 0.013593704158373717, -1.5221122862043295, -0.7200058831350298, -1.4056922737949664, 0.0830974046597291, 0.19543669022870266, 0.12417964072041014, -1.0329604116893707, 1.1244977147541444, -0.21113406186366915, -1.5935432020753975, 0.9628169456813316, -0.931372772840253, -1.5597485861197677, -0.41020614146614254, 1.756758857110388, -0.6325446839959645, 0.12424919064465062, 1.5883603245099809, 0.7841407115758146, 0.19910818809152725, 0.38882880368473305, -0.6163374654942038, -0.18193042901764514, -1.3923911160165316, -2.0424616131318154, 3.1211959723423415, -1.0689818332463006, -0.6713788971326481, 0.06497967174465433, -0.3591272126770086, 0.15515541930858584, -0.11385941540963423, 0.9398592857309418, -1.6152874488548872, 1.0137651093612725, 0.08717132477777448, -3.088881899576485, -1.0434338162520889, 0.47920052864760077, 1.294421451716945, 0.03377715781090559, 0.5280361678451706, 1.3870334503167487, 0.3434319965731928, -0.5541862610975614, -1.6952284627346144, -0.9160156017111521, 1.3154141376179915, 1.8081334482727085, 0.05856617813866911, -0.26320188491972807, 2.23568911808348, 1.5653884409193943, -1.9516913688108872, -1.20741931778936, -2.188626321432433, -1.575746487119618, 0.4046575673345484, 0.0677036520194999, 0.08905761641088672, -0.535564528075477, -0.18415620483681547, -0.206782226686912, 0.9708818950756468, -0.048543849664952454, -0.2514473601688169, 1.1741394826407778, 1.0548360246426138, 0.7637752948087251, -0.8313652545486823, 0.12193633250174854, 0.26000934864533276, -0.24632760293137088, 0.8599375949388229, 0.4493258714548565, -0.5070538989544349, 0.32568703119275677, 0.03234339383218798, -0.7814552210177034, 1.1042434690780816, -0.29920584611803974, -0.3145122443131038, 0.7635630885630601, 1.2308273048904768, -0.15964954634502004, 1.1127561225851585, 0.43739348175811826, 0.12335010583042286]","['v106', 'v66', 'v40', 'v59', 'v8', 'v87', 'v31', 'v80', 'v110', 'v32']","[np.float64(31.870376430929), np.float64(7.904558734675684), np.float64(21.87254321712662), np.float64(5.245877698380432), np.float64(6.763359844357304), np.float64(13.777779656804174), np.float64(18.777020172219412), np.float64(8.130796582500444), np.float64(11.522922659275746), np.float64(9.04145968846391)]",2.148418673276896,2.470647371731391,2.456534443252113,1.5300083635448503,1.4615901052213676,1.1998268418911189,1.117308245404475,2.510579935618681,2.9822481354028576,2.9695985682820374,1.9827109101177847,1.8362900311625583,1.5968690308982014,1.4962256862964223,0.48126839349379624,0.54911333231064,0.5622823048416158,0.18456079844151163,0.12091230554083465,0.04106633297069003,0.014182034877344485,2.1109175121063046,2.3413788575516037,2.396229506030121,1.366627476529078,1.3547213274827423,1.0020821030341118,0.9657111461353668,1.1053522429175386,1.1205189072492785,1.1581135874278057,0.7167295877461161,0.7369730141511405,0.577817006115132,0.5397976576402436,0.6265470287116102,0.6919738454292408,0.6875639784955936,0.3372010226796741,0.3011964627346996,0.2845527944092619,0.2715842524013158,False
m565_a,f440,"['31', '32', '33', '34', '35', '36', '37', '38']","['451', '452', '453', '454', '455', '456', '457']",m565,f440,False,2,forward_no_out_standard_k10_lda_nc2_sex_on,forward,lda,,standard,10,2,8,7,8,True,0.0021438971161842346,0.9978561401367188,0.9783520102500916,0.021647978574037552,0.5381627678871155,0.4618373215198517,-1.8151905521511043,-0.7825715516222641,2.098015771208905,-0.7734579318323781,-0.000431984202765135,0.03064246177376589,"[-1.919907622169007, -2.3040163672446843, -1.8391186877799919, -0.7339981709252892, -1.4454748344458443, -3.569689561636926, -1.7911368349271355, -0.9181823380799566]","[-0.5311619360188261, -1.4489856385887199, -2.2116610942832033, -0.8976030574275696, -0.17191329054562252, -0.5086410331706576, 0.658301868544899, -1.1489082314884125]","[2.150542902898274, 1.453959443278644, 2.384610373070103, 1.8998534861002403, 2.471593402606407, 2.4882210986049524, 1.8373296919037128]","[-0.08130658440631454, -0.028949479250351375, -1.7478794404238964, -0.07302645280822744, -1.841043262095407, -1.2177949184051065, -0.4242053854373444]","[-1.346957233596927, -1.4259658031935007, -0.6742687445905632, 0.08833507101615486, -0.417874551655897, 0.9955136747255282, 0.9232618378657782, 1.3895254806441446, -0.2334459650558506, 0.042021785723034194, 0.7552788236189777, 0.5323412633692124, -0.8839487981036519, -0.7834687022063671, -1.226431011185732, -1.121986579428931, 2.247766552872078, -1.937829051303566, -0.6114085835616653, -0.06870327548492847, -0.39039921887841106, 0.15292154823016127, -0.8970073772012709, 0.5063769723293786, -0.7872499531596573, 0.3946053405847494, 1.2669259867797387, -0.20205256301858035, -1.2280556319257572, 0.9432265812061453, -0.06392364628629717, 0.8830786441885948, 1.224535580749585, 0.27666697795450956, -0.907548624267866, -0.13096974468607778, 0.4216878773263876, -0.08517987817844777, 1.1219702077439826, -0.14264694180207246, 0.49027739139653115, 0.7242147947803785, 0.5096777759091491, -0.25536829798055155, 0.8504954375046277, 0.28924643578878195, -0.37383213225161127, -0.19531215073089866, 0.3162846112077591, -1.1323244939703572, 0.10295876285775488, -0.5884620319963008, -0.25951105341069053, -0.05127913903032968, 0.3224256506431368, -0.27543780065217516, -1.3502376842559223, -0.5091129603504458, 1.2776398742690027, -0.8562963008267485, 0.4390892158070988, 1.178162365003418, 1.1837011211263666, 0.6995853040881708, 0.7635706480722778, 1.7589150809766678, 0.3317240328858512, 0.8897435346603696, 0.3542960908894955, -0.00998451054927257, 0.5272689975418855, 0.30288012276061665, 0.8535625299124651, -0.5955251024299091, -0.7786107209375636, -0.4745354730181025, -0.915319753440817, -0.032499341797813094, -0.45964479191590213, -0.005407942490451591, -0.2100279520217357, -0.6261774547379328, -0.5325984379651302, 0.4153020950481844, -0.2117636419498911, -0.7712734182446186, 0.9459522583466746, 0.4757764487632684, 1.0076636745202407, -0.6319606527430914, -0.44309540298439215, 0.08412003535124751, -0.2722379508343561, 1.2151779574826584, 0.7516010163660941, -0.5985656187026462, -1.545464833122918, 0.16140910938133451, 1.4983870818451042, 0.5854795445486967, -0.18446607058421474, 0.23490086417617498, -0.08652386815278483, 0.3549878612325608, 0.39141022602890796, -0.6275841089113506, 0.42620065292199616, -0.13289000256552758, -0.4532638326083621, -0.09539398023737419, 0.06749747948325463, 0.1786311570678933, 0.46026466210749756, 0.29433020439013813, 0.3282826080171033, -0.8734442416910548, -0.29405677535770003, -1.954256870948993, -1.6753683520272589, -0.9914635689436113, -0.8003050946171566, -0.39691617664304824, -1.926192527830552, -2.022302768500778, -1.0788622088269617, -1.3845760067921689, -0.9168368622721553, 0.9815556126256514, -2.746950851381881, -2.262614074782832, -2.104191204566894, -3.2253786628609746, -0.2777420319967026, -0.24962884157072274, 0.7985471550594181, -0.19874485579552176, -0.7311126239473426, 0.4484595829247596, -0.3392758092308354, 0.4720913374520974, -0.28153888272173605, 0.28773877889575494, 0.7731409724440603, 0.9605197350866769, -0.35541256722976383, -1.63809422946434, -0.8756084089263055, 0.4297884999242883, 0.7274965658226772, 0.4793476690255389, -0.0875259259845283, 0.7310952734540772, -0.3969206413881638, 0.11398875420979927, 0.6238423445238656, -0.1321953572657913, 1.1139200926425321, -0.8351386833612012, 1.3362800080500168, 1.683463817469829, 0.4093439575505473, 0.3804758646576644, 0.9905381500726882, -0.0020725996609576307, -0.02505461994929164, -0.08604985396698284, 0.5321241825814793, 0.9509390415887063, 0.6411650974572024, 1.0175362210542431, 1.062068665561964, 1.6918933650716061, 0.14100958895157295, -0.2894378058439699, 0.8573390061440539, -0.41422764939743667, 0.5446727097902206, 0.9519483321567145, 1.0043532329826557, 2.3185039239773535, -0.10941085370136192, 1.9689095950727964, 1.4905763884937213, 1.6732218510032522, 0.5218660048817044, 1.7460173530944867, 0.33674777042147086, 1.561259647089885, 1.020028551368051, 2.6055235022096066, -0.3060349235764148, 1.564589056129014, 0.44457902861851967, -1.0057893699583083, -0.4282656723274716, 0.16299576265202137, 0.1384451316368687, -0.747311014398882, -1.0760422580610787, -0.8995943340369441, -0.6899713456043185, -1.2116892147849851, -0.8708842651787089, -0.9087954345136598, -0.7765182340666884, 0.6654822939998429, -0.6811897127082439, 0.04882579857536021, -0.8719844269160707, -2.238700795765951, -2.0931179531842115, -1.276348071510032, -0.6834028032623048, -0.21106665901198882, -0.6429908308455297, -0.7509719072787284, -1.1552215756858841, -0.8166000921119935, 0.37563023399366396, -0.48946307586223003, -0.8216805650333545, -0.4290099162318351, -1.4358123368624514, -1.0374732919661496, -0.5053518254699443, 0.4332596946971753, -0.6509546219700726, 0.19574624222912368, 2.098923803168011, 1.7938018230670492, 1.1665859452050271, 1.4291476146469015, 1.699391757463697, 1.585753911830822, 1.0266761290497026, 1.5097338389359232, -0.6486968575485804, 1.18044793141498, 0.5896793295016066, -1.3001946521534926, -0.6929121076943295, -0.47030409733803064, 1.4290019625011199, 0.9822251016972601, 0.6287322940623191, 1.6323608363717121, 1.8319216294934577, 2.049721981158618, 1.5411791659462881, 1.1079155553757996, 0.9479329287653739, 1.8765532439668124, 0.7891511224357683, 1.9817727211213243, 0.7397544876185341, 0.4732105243235126, -1.1927138242952617, 2.0873031141388, 0.7027523115061034, 1.7188874398182303, -0.37584399364600424, 1.1043374012143052, 1.0482559927439559, 0.11550806362377558, 1.325375428917089, 1.6977447922302786, 2.1129277638674266, -0.9249350422937049, -0.015838999387024492, 2.3923632754538047, 1.0059392546050194, -0.6314016857421502, 0.13158340935814683, 0.8045942154227458, -1.3125632944123446, -0.547191438367691, -1.2744877418892988, -0.3549215358856959, -1.2346477228917008, -0.9602709113797502, -0.3390543249381466, 0.4729538784746161, 0.1910201894908076, -0.4308828588666117, -1.0410362208630977, -0.9848606116718315, -0.6218877753172163, -0.11066659175945236, -1.8537365851839254, -0.8291104306439276, -1.1810115805328965, -0.41572321425890635, 0.07946894655663612, 0.03890771676903734, 1.168300184770694, -1.3403973265944877, -1.3637156291387957, -0.5268847250289492, -0.431697037698283, -2.0546096307580064, -1.061860289090242, 0.6101684824644747, -0.5268306648203406, 0.3083265774238113, 0.7415133600336228, -0.3275229627912258, 0.5394733677455774, 0.2341231929269448, -1.4972377299752604, -0.41526395489085716, -0.3871804064748173, 0.2738574234539253, 1.1381519870297117, 0.16415603138177515, 0.7944900823002039, -0.5202473791252045, 0.5848773280578522, 0.5496362379964838, -0.5270505250929222, 0.3043315712860838, 0.0665930439723415, -0.16890183693983732, 0.9809710806111651, -0.8942482543525093, -1.0622578919463703, -1.480777926651243, -0.2750838953222223, -0.33097053134720467, -1.0397018243783638, -3.6611808068056506, -1.963002540638926, -1.7829856267078645, -1.5921627165125463, -0.8903649924405554, 0.763636650289486, 0.8348265605443369, 0.11059109322224127, -1.004942026446338, 0.5122716955636945, -0.31398047760189857, -1.016360388408087, 0.44400844721562693, -0.07308712967525353, -1.3690226471506555, -0.8400212253730487, -1.4367805512786758, 1.0146708468464187, 0.7175412935947049, 0.9661798340803042, -1.6888044635424873, 0.4696345352072736, 0.9525825286383919, -0.27388419924999563, -1.129985745753674, -1.5674481954211659, -1.0438380816706088, -0.15506235758215087, 0.31775520283240716, -0.8369894549120401, -1.570768159549256, 0.8391505254041474, -0.30707080742782406, 0.9116418538364937, 0.9024658585689491, 0.3488305429073847, -0.218018903685908, 0.8466915459921055, -1.7446699520534619, -0.23679078978799548, 0.09643501532341577, -1.35278933214485, 1.7923107848903868, 0.9154535288841876, 1.1196935298364503, 0.40659128001349715, -0.15186266677777543, 1.0703893870540706, -0.2726660443676784, -0.668054777482696, 0.686749881416521, -0.4627981690154364]","[-0.8824718656952453, -1.8025631901379822, -0.33820361624453205, 0.6376773118403068, 0.5928455378761046, 0.7898020413818279, 0.15448747504657434, -0.01441904224033317, 0.2676637468825572, 0.350240323874073, 0.09683815362837561, 1.9006452795720123, -1.4026460625395103, -1.8075624141960938, 1.084103230122289, 0.28103427594387015, 0.6327428781302923, -0.37756251025311066, 2.235198521248098, 0.5477022556765123, 0.642189610038061, 1.2347113986887523, 1.7694606837433584, 1.2432076158043437, 1.1331496445373361, 1.7456617014536489, 0.7880173210430115, 1.0743968246673485, 1.5886154015155052, 0.9333399678496238, 1.378668217437038, -0.4503166243490857, 0.6165923503998897, 0.22458658236188137, -0.051543460799941904, -0.03358897402832689, -0.5554222277719896, -1.4168117600457393, -1.4523724954521477, -0.9005503885297084, -1.366651630345497, 0.06695069099424278, 0.33292219465913175, -0.21236536976140863, -0.9310867382445562, 0.3964972198165127, 1.0988488263758704, -0.45710079755733685, -0.5782363973145249, 0.988941529159247, 1.5659713174214736, 1.4233503636203675, -1.0927455274978444, -1.1644182021474205, -0.7129121321800508, 0.29378380007045823, -0.9979348827267686, 0.4153374466087133, -0.5198252547698825, 0.7853311683686379, -0.8255108601605814, -1.4066818607508729, -0.4676180214179715, -0.3060528089424291, -0.71059415147638, -1.1234520536502848, -2.5698763970141676, 0.07477524347230663, -1.3519074153659647, -1.6432133788469607, 1.2858803749246983, -2.4187470789399708, -0.8548149337053395, -1.4505307521226751, -0.08560372174282888, -0.4112437551390773, 0.5886120636278078, 1.0242632189626095, 0.32617170289501224, -0.6264003614862266, -0.338959759746294, -0.269619934590542, -0.08908448225665044, -0.04300988395945868, 0.9309310218681974, 0.8671540987402463, 1.2370194046294662, -0.5586439547595763, -1.097559740246876, 1.135944248404649, 0.5105476105906979, -1.036272756563654, -1.2596108558150123, 0.5684376402090665, -0.8442505051967277, -0.36310300638119236, 1.618637570324073, -0.5218968513093996, -0.4173980084470732, 0.2936870075498833, 0.2294523942641549, 0.40645762702338983, -1.2459197829141526, -0.036160951392239356, -0.6518433243667336, 0.23336288313335765, 0.44612064604591056, -0.2743492550755129, 0.041832825361265605, 1.8476192500324327, 0.6235350412158847, -0.4170675372982712, -0.022693802350259813, 0.6461456645554537, -0.30097963932684807, -0.3348402436227363, -1.3402669169731054, 1.4934945821385692, 1.2367971991692266, -0.167234429631352, -0.6965257833860834, -0.7434454717584852, 0.7647493857738695, -0.7168609503439582, -1.047358224103928, 0.9825921083323864, -0.5586716299335689, -0.08523975242089755, 0.6511888799709897, -0.030461816274085105, 0.04720816610904278, 0.3816812126123338, 0.24692968801337656, -1.5125205446096244, 1.444700508962785, 0.5296596016817529, 0.2872168149766618, 0.01821016141705997, 1.35392492607335, -0.5545924801271933, 0.3351487150795073, -0.400301512423455, -0.5852163369752836, -0.6153347575024264, -0.6356602073050298, 0.7972052068228349, -0.13141888180211042, 2.134847477420243, 2.251939012082219, 2.6080616096775886, 2.7316020343520853, 1.282088626593106, 2.414305871902728, 1.3261088524005695, 1.6135192522419062, -1.1271252872856816, -0.7316021107821387, 1.758154726568592, 0.9330080150640876, 0.2967392536825385, 0.6575380634357791, 1.9571453335718265, 1.7672564255051504, 0.8306288458035832, 1.368934075638287, 0.12255648934128181, 0.48311673903761804, 1.7954869684549897, 0.5746508149571187, 0.7245428770159297, 1.2094415117678212, 0.9043205763314769, 0.6064967124685989, 0.5804044408297886, 1.722048703959768, 0.24596120108687222, 0.5718811549732445, 0.25877191789978343, 1.1609820917910316, -0.4718982042693116, -0.8098705832721248, -0.11442230571583374, 0.3285507144810822, 0.510857012076957, 1.62352993537108, -0.41071583394885663, -0.4796996231967161, -1.2359858862699615, -0.05039003496887401, -0.6228277223211222, 0.4782256804567103, 1.2382762642136034, -0.1958378394502524, 0.21670870328074596, 0.23093210432085548, -0.04804027072139889, -0.29635317558037294, -0.101979434413225, 0.8290887607453633, -0.6833490885040999, 1.517981733234753, 0.9584703713995513, 0.9617069510911115, 1.0377315987534963, 0.29257960345618356, -0.41788945500949753, 0.48220171537661455, 0.23794042598850196, 0.420316968607976, -0.8082121265166142, 1.9893455644149722, 1.0829632932261986, 2.034357927066249, 0.054456445557147244, 0.2483415954345645, -0.06780275626609308, 0.2737662993268119, -0.5623852915751776, 0.09978116246760149, -0.04779738617883001, 0.17157313391345577, 1.3766002394548615, -0.6050758587289137, -0.6631314893949061, -0.6581704313513533, 0.7588055866776982, -0.8333724728348213, 0.33095178424317595, -0.5714157285752582, -1.0980761843864602, 1.9821028217786287, -0.08526264044611413, -0.20455379767520462, 0.7385930190128244, -1.312933346695774, -0.16923687203098076, -1.6970647126259528, 1.379670666551943, 0.7820168945398924, -0.2034501873610986, -0.6992010780799933, 0.7638559292452594, -0.92565427197471, -0.7700371273978263, -1.1576198892085598, 0.3580698940893526, -0.9388979971711483, -0.1273901466282715, 0.8536354820936252, 0.2399793702533127, -0.44473206086675626, 1.3163214869256572, 0.18500319291516168, 0.009242540565218045, -1.6856366011050672, -1.7968043819712074, -0.9277793049232161, -1.5256356745236086, -0.23416805653260742, -0.8870941286804863, -1.1297300739774454, -1.0463533577840334, 0.14692441660716365, -0.2133615735771669, -1.8862366303038773, -1.8615948054237723, 1.225318215200547, -0.5708025248486761, -0.44847751455822094, -1.866481871097877, 0.6031478840394117, 0.3517186613426848, -0.6239565033955073, -0.668566105885151, -0.7520083386008699, -1.9993993271956279, -0.005534984662020417, -0.16420083731934007, -0.3515410783430432, 0.5835605154285114, -0.15699507653416125, 0.5328084368600717, -2.099510027627612, -1.184163745604786, -1.8659011205141534, -0.5566051006093607, -1.334855859826886, -2.7143554102776015, -0.05091584148047964, -2.0154963682768328, -0.9211952399359984, 0.8537912038124937, -0.3136928170147952, -1.4125879265887005, -1.3363262649983327, 0.12396296454316161, -1.1394318665223098, 0.12795550162861336, -0.1192278124332515, -0.6503093898179805, -1.1181335918563509, -0.4871121233241278, 1.3622380808161167, 0.36501608862956025, -0.6648474561933018, 0.8828542909416802, 1.871425461349804, 0.2075669631691033, 0.7627444695718176, -1.0423279692394882, -2.221428934423069, 0.29745963046186286, 0.19878268893733284, -0.7977614565394477, 1.850225507070112, 1.5720791470291071, 1.1750535831673856, 0.29360461773056734, -1.101338085718504, -0.23483721696181728, -0.44783421023524034, 1.8771216224029936, 1.3580327637832164, 0.9925780921033585, 1.1598373046595623, -1.0279812821838614, -1.8037626703108895, 0.2599787230988649, 0.2632488502256439, 0.4337952163735088, 0.2033490577320157, 0.03373875431494667, -0.9646563349812507, 0.18143425514490474, 0.4884443536382913, -0.1903971041978464, -1.4433188731802036, 0.16293602817512076, 0.40362564409985546, -1.299507562561149, -1.5118734023724072, 0.2874626059648874, -0.06049204029693999, -1.516139195637393, -1.1625303841374313, -0.6905539764004919, -0.8420920576552643, -1.5202691320942852, 0.82988760435196, -0.7582395860113899, 0.45805612310449967, -0.43603149321970625, 0.5289812996716432, -2.38482009612506, -0.20346280612702358, -0.6293433453546268, -1.0441526706035238, 0.33580409594269217, 0.878722160807915, -0.21459140808207672, 0.20411944021058306, -0.31278501513145374, 0.27469434699627643, 0.044452056971458355, 0.554915561210794, 0.796650424006326, 0.5284860629395244, -0.26940592496070553, 0.29274965068282893, 0.1610431051003134, -2.3136724671688045, 0.48278856372636286, -0.02763183966140089, 0.18878413014642603, 0.33753831112370053, 1.351527998777012, -0.07714710139161508, 1.0633116649799326, 1.1796243954200742, 1.6763625777755702, 1.4093827640902283]","['v34', 'v108', 'v78', 'v105', 'v109', 'v37', 'v89', 'v87', 'v29', 'v10']","[np.float64(131.30034396112015), np.float64(22.202608299104355), np.float64(6.768719245763042), np.float64(8.558340460416213), np.float64(10.698721630762915), np.float64(4.13978192578607), np.float64(10.683420518756405), np.float64(9.698506574020927), np.float64(17.465598363397522), np.float64(35.98621090377074)]",3.9132169358790265,4.064865543812888,4.079151143988254,1.6210303915783004,1.6133485392042144,1.106010530620569,1.1855936475753688,3.922319943149895,4.82319378534787,4.845275670861686,2.0361655461857735,2.0525449949876857,1.407480469725664,1.4741665297054702,1.7246650173144744,1.6612347222770485,1.7123799462505958,0.1934888839266086,0.14909313205118319,0.07661276675415471,0.08114038368595733,3.913206323360009,3.9132063233600087,3.8249231578925977,1.4650919833533502,1.3499460330101807,1.0063525725932347,1.136488333998792,1.0058569711479066,1.612618459586876,1.7180543337196221,0.8473855968072685,0.9269186381120416,0.7653086480569126,0.7726645566745751,2.1330233094495155,2.9678188220486965,2.0797684117188444,0.40639488874018614,0.39581994443829205,0.24618185218796534,0.24826539581172605,False
m565_a,f1022_a,"['31', '32', '33', '34', '35', '36', '37', '38']","['552', '554', '556', '558', '560', '562', '564', '566']",m565,f1022,False,2,forward_no_out_standard_k10_lda_nc2_sex_on,forward,lda,,standard,10,2,9,8,8,True,0.0021438971161842346,0.9978561401367188,0.9976875185966492,0.0023124595172703266,0.5381627678871155,0.4618373215198517,-0.8835128171826727,2.358201553424508,-3.157631552695384,-0.7042755147534472,0.08485342508930313,-0.03472810579886737,"[-1.9684530865786123, -0.9685859704112761, -1.7223283834445682, -1.0674141878924244, -0.22407229964089806, -1.810987409856829, 0.5285804368850062, 0.1651583634782198]","[1.9308378404879696, 2.3935307645151904, 2.5875145689114194, 2.230240006885543, 2.68715022428577, 2.5168631366104033, 2.2705080493516197, 2.248967836348151]","[-2.2933261552716195, -2.1951276666294697, -4.589928265020513, -3.8529162520445652, -3.0346594957542448, -2.4206539079751126, -2.571989679297918, -4.3024509995696265]","[-0.33725903261243634, -0.8949139394897092, -0.5788251801189137, -1.1049005482245224, -0.8825104491401008, -0.45067234212732876, -1.3545055905191374, -0.030617035795428314]","[0.5562854540976966, 1.5955778747411162, 1.0897637364211232, 0.451944519957705, 0.5264383903595117, 0.8811960134165862, 0.9987296702009733, -0.33831738666428596, 0.21816752254720265, 0.4976819486462082, 0.24481036780977947, -0.11328686282668454, -0.2712909546901953, -0.29442787980249063, -3.1086174946308054, 0.5121795669267881, 1.014803863086531, 1.0895387744347675, 0.20246102020081175, 0.36096501632772027, -0.4645817889924451, 0.30817676137979977, 0.2284756349464716, 0.008695787269689897, 0.7750129901708106, -1.14718789914775, 0.02737021660544854, -0.052919146229864523, 0.7021254254143764, -0.46400966743128086, 0.16476962173318158, 0.6787427298254237, -0.4748907386080969, 0.069862534127946, -0.8011441859749558, 0.7331871420522313, 0.12398653399554121, 0.005185258567897679, 0.8706365597277901, -1.0563635720746631, 0.2811382266764437, 0.505266746020439, -0.30057050148482034, -0.09814928620872442, 1.6610887014220002, 0.08642731533462042, 0.6663054094039179, 0.6157416615506006, 1.467224161817183, 0.45987312109950607, 0.07000803403779612, 0.43813709341540125, 0.5191706116838808, 0.8490835062510163, -0.0024584772363359796, 0.1119801578408607, 0.02594269921754165, 0.5915372187310868, -1.5446716875265396, 0.24363308634897032, -0.9383032019195673, -0.31088842390888455, -0.9433287250895009, 0.5487447635712179, 0.29110240293039724, 0.1709208481834718, 0.2489220145623573, -0.7916785267355329, -1.3331083816272247, 0.01596555769838607, 0.14781891537032613, -0.03951704903716306, -0.4866516166902186, 0.1706101198992976, 0.9256814950297206, 0.01484183312063287, 0.06735190007417463, 0.5947100132580367, -1.020811997391868, 1.1266896267542943, 1.3867513646025065, 0.453740530304304, -0.2821478166506967, 1.3157505635923223, 1.5781147210862285, 1.1298386080179816, 0.7255803672048328, 2.334381882853547, 2.0825376715653414, 2.2731482866813058, 1.4350695088038816, 1.3948536003435201, 1.9198388859848612, -0.6927407936689748, 0.6392624438767682, 0.35834226009503795, -0.8961817672973015, 0.30490905748605246, -0.1228680097913024, -0.49926506408535765, -0.29958548672984997, -0.10216631920134846, -0.1361394567482803, 1.3128174837809075, 1.4313603635360088, -0.10794563700223772, 0.318888072344604, 0.9167061561691539, 0.4859323398121975, -0.36130772810374795, -0.04417322752233351, 1.3425891160032073, -0.7263430855885379, 0.7202919188350512, 1.3672534806833951, -0.3437137484196973, -0.11996064121478504, 2.6534445663685893, 0.1922081580340372, -0.848529953815, 0.25807520686590085, 2.122277162973261, 0.5560079622494547, -1.0124376949619547, -0.36905235359307303, 1.0627561632055003, 1.0357020269794097, -0.26341636506811134, 0.21473741772917718, 1.1734955302218364, 0.0835930076842495, -0.25629313794488034, 0.7193110797041787, 1.1011378544246653, 1.7272284089927386, 1.5382210173621733, 1.5562760742027564, 1.7210339876231104, -0.6120324468946033, 1.2293898323196633, 1.5755784958279548, 2.326647939651967, 1.8652958678135307, 1.7254597946945835, -0.8435905741354686, 1.4781557638274248, -1.2348127267983227, 0.4823784991845432, 0.4909360591487184, -0.7792938211477041, -0.7516266309555367, 0.7549580900061085, -0.09142146194676086, -0.14012043306048566, 0.38077180223211216, -1.8767549485441266, -0.6374038724115755, 0.8576345817555725, 0.87485932178276, 0.4267180421322665, 1.317624055231517, 1.6057040245115988, 1.289907853393841, -0.23975081096060172, 1.7883044737231815, -0.7804375482915646, -0.013267343523659023, -0.6022314871498564, -0.2232611494046611, -1.270058021383595, -0.39174541755189457, -0.007531975813242177, 0.3150108983795753, -1.0073369629777968, 0.23389447306494973, -0.24009536194424674, -0.3412236170522217, 1.9735879742902953, 0.5287166060510541, -0.5479705632534336, 0.9237520617746067, 0.8230692256550595, -0.07592054091137314, 1.3804064979318755, 1.0487084364276629, 0.9519458990023435, 0.5333638929619418, -0.09862802942997859, 1.368587449544038, 0.0038684222447369788, 0.7289805347169714, -0.08448202751763312, 1.010507303359195, -0.9545812855667358, -1.681578769785415, -0.8446204079275695, 0.01137808685431227, -0.6083098725536309, -0.059549138450755414, -0.029926124298254312, -1.8683199799584433, -1.407537049516519, -1.9725278354160012, 0.07727447798389442, -1.0489428931673166, -0.6689703102778397, 0.009455208340619631, 1.24705589359763, -1.5728151199280516, 0.1823427077379822, -1.6781684960721495, 0.03042639331640917, -1.4359936083933509, 0.10917251121951962, -0.4377542407955219, -0.47343315254958745, 0.487047473173355, 1.2120114821457606, 1.1746654223839375, 1.7520544737511112, 0.634211700677492, -0.5991591077850037, -0.8785278517775968, 0.2308931979863775, -1.3811873675211264, -0.2566844291545614, -0.25790800471160874, -0.8278457437867501, -1.3178072248375334, -2.0631444930571226, -1.941104327643361, -2.159056142484482, -1.7483494200919554, -1.1843662335676075, -1.4101605732391767, -1.21356342526383, -1.8236966562074959, 1.0682645807117237, -0.3437787007936518, -0.23933016987483716, -1.4717918026165069, -1.015429663847345, 1.986470154518593, -0.8169824757598413, 1.288117327682262, -0.47362648284974074, 0.22507643069547956, 0.23661096666172657, -0.39422160580732885, 0.3079233407986714, 0.6948157139696044, 0.5796365992205913, -0.11514022668083701, 0.9232462759188587, -1.6829339299190755, -2.036120534097799, 0.24441077426984692, -1.9734908450536561, -2.0682067505791415, -2.217306683717251, -0.06993886264067084, 0.9621813010422271, -0.6631181956704538, -0.16236476159996163, -1.6909768617860381, 0.07714970187625013, 0.2034455056586446, 1.7008096002740745, -1.2954152926167408, -2.9650115106661885, 0.25522476714006115, 0.5382385770118049, 1.809467403235289, 0.1832364762774667, -1.0970590294821931, -1.4002455975994443, -0.748716238869475, 1.0685158190405164, -0.5304918355679864, -0.3680395474285903, 0.6481600485118233, 1.8849368352744436, 2.8124417275019895, 2.029832816434524, -0.20373082486794927, 0.8190011562628137, 1.1926592087315846, 2.1333467437236506, 1.0459165515117639, 0.9394252628791169, 0.9739202120125355, 0.05295056280697591, 0.43474893999975384, 0.4105924535052094, 1.0101989077766726, -1.1964333825133555, 0.22695848064337884, -0.3317562041919961, -0.25553487897695093, -0.6196245734887404, 0.9554200570918043, 1.5648936812233, 0.5271166507937911, 1.9694330823921795, 0.23777784626590107, -0.7421429738411578, -1.3983039819778993, 0.8935053056058276, -0.961068811115617, -0.33237285280056944, 0.608410731669126, -0.44978633849179467, -0.4955306816199071, -1.2288220365912383, 0.18356986115884996, -0.7980452805297922, -0.3551524055470365, -1.2327964105859228, 0.46311837241268144, -0.7442841666923017, -1.6494980285704197, -0.07945058939863184, -0.9967466447992557, -0.7998116331143466, -0.46668771138569265, -0.09958521983177084, -1.3654067038890845, -0.20387174954745058, -1.2189112729803546, 0.06014565019351227, -1.3438580949618406, 0.45805686976536025, -2.0684198201652926, 0.10139214774264024, -0.8643457615827862, -0.5557818798813334, -0.9641340398758951, -0.3560226500970129, -0.23888458446733657, -1.8568942222454476, 0.2875018316527997, -1.1827079777094707, 1.0624267956166586, 0.04328636300735797, 2.168427080392271, -0.26021360101413354, -0.2989205847010595, 0.6094034719748963, -0.5646182529957601, 0.6172403751990502, 0.35977595227668785, 0.9143942376911567, 0.7781333176477917, 1.710299005507101, -0.03320274092994766, 0.8477963961429253, 0.42325483950525206, 0.40044739480839786, -1.1074349283397498, -0.7456702567188266, 0.5066310545218675, 0.04190925627096482, -0.28869422452188276, -0.0017614775956521335, 0.42918255235048397, -0.4449649757001731, -0.7326767952968417, -1.339245616703158, 0.03031564233959301, -0.4644720245873621, 0.8951228267306545, 0.781169032523741, -0.20941460749148647, 0.5565186507622057, -0.2769544202817838, 0.27571708532701833, 0.5657298560537432, 0.7136821164930792, -0.97151879165011, -0.12819045601537735, 0.013279204532853212]","[0.6156528950483457, 0.527685180496251, 1.6150692476660116, 0.16096467666937914, -0.2375075505961394, -0.8261722952718886, -1.0430709063985757, -0.5761423234349498, -0.3632063587726436, -0.7047348085791433, -0.37084975923172925, 0.024597284445590954, 2.6728507292969232, 0.5534708484562, -0.8759797386424979, 0.5784299982273813, -0.627030354510244, 0.7202302617178563, -0.24929288476391623, -1.1892566246956264, -0.5899554820214038, -1.1805998239112991, -0.465880231508191, -0.294540760009823, -0.20721098016647302, -1.3428129503247497, -0.5973799653531678, -0.4634025265779259, 0.9191342175354779, -0.7307429426368361, -0.8334211108864447, 0.35621843896457284, -0.06898706239752421, -1.38498976715622, -0.2391180474334401, 0.31692016154308195, -0.2916247956777149, -0.6882450633016015, -0.5233035193651724, 1.1944350011033777, 0.10782351744633263, -0.25098388837503655, -1.2215902125509073, -0.08857619104879483, 0.3126108617675315, -0.41308595851833746, -0.3420303816058938, -0.7603431589810488, -0.660657001765525, -0.38373491935272913, -0.9127670763281189, 0.42933511967645743, 0.02452770576160708, 0.1974737564029763, -0.4234441115450479, -0.3636581887772859, 0.08413234032885057, -0.724499442808686, -0.6380416588902982, -1.0052102672180687, -0.6950644179862561, 0.6672386774268567, -0.27557882064852596, -0.3353852997519097, -0.5294102442059899, -0.02120205378836811, 0.7679415899827834, -0.8609032224941852, -0.9371317802891557, -0.98979057417177, -1.095721114445688, -0.07996144452890991, -0.6256830099962436, 1.5379141488731862, 0.4471932054704185, 0.42747684185958784, 1.5556789023039068, 0.2956373887383941, 0.4303645046115661, 0.7800120948421122, -0.46995378340696875, 2.3819376085478994, -0.503200012428516, -0.6529495194636616, -0.45903368279831774, -0.43493543420109965, 0.6499178148081186, -0.5364901871087011, -0.6799326137088496, -0.10240456561647163, -0.4049754846905299, -0.2343345477159895, 0.2722190304160942, -0.8552986548273509, 0.7230077262845211, 0.23003370667833087, 0.6037822828739472, 0.09499572575637488, -0.35414602364661757, 0.09043089821664513, -0.7099580561628328, -0.9504349792096223, 0.9589618828558223, -0.2959206179031464, -0.36882029873136524, 0.2751393355407378, -1.0507868857487785, -0.12655633316746778, -0.5517275036243872, -0.6265851172117273, -0.25120847413954267, 0.017862386910149283, -0.5641831412357671, 0.17208184468554608, 0.5930504880556965, -0.21523295907729303, 1.06759824167832, 1.1503780070714489, 0.8310379761715423, 0.6160951415970816, 1.6672463156902244, 0.20955583399189534, 1.6560657442989257, 2.7322632996962946, 1.290961875350698, 0.5166620519523012, 0.14080304418327505, 0.38866619745885517, 0.8163125730209931, 1.159821693665435, 0.38721144223126885, 1.165771275483474, -0.4251558352187483, 1.5963938278676189, 0.059994622833659195, 0.32083221647542504, 0.9948015932803258, -1.2168465321084352, -1.060356036693181, 0.5453054116694552, 1.2067103817424214, 0.16747801895966186, -0.21523283413656347, 0.2177963163482093, 0.22087799855431092, 0.9667395964532944, -0.1282533314213304, 0.14715669105321083, 0.2864766311916336, -0.5622821009150039, 1.0038292086649019, 0.4682191272793858, -0.16270059392020522, 0.7935894477287231, -0.812153623271851, 0.4652271316594165, 0.122663825382624, -0.4959357982894948, -1.164801987913451, 0.33418138412956516, -1.283907585240699, -0.31441593395629963, -0.3807719980618388, -0.669496523562067, -0.16538081259056078, 0.5278424987699689, 0.6825558094741501, -0.3786315248353958, 0.7409872352819136, -1.5710619639362378, 0.9799471596292744, -0.754301026989254, 0.12496365547649023, 0.1884243524062299, -0.4136432072881038, -2.342389890710468, -0.04713827521521965, -0.2611914582087275, -0.8508737499612344, -1.5035946534869278, -2.2083392864055456, -0.5737521146065585, -1.253917519831532, -1.1182333438974414, -2.270670829712427, -0.7320365705436641, -0.8089749837115843, -0.5323392012342872, -0.8333268304077635, -1.6763224784501578, -0.47378001673953823, -2.620479208819844, -0.6472927401133587, 0.04564731062217181, 0.5898674971750191, 0.45874198101364294, -0.06513271369184502, 0.3898432839625536, 0.50403472703859, -0.5474713879372707, 0.3952233050182234, 0.4728989860838968, 1.036558651969819, 0.01673605485955388, 0.5765535995130465, 0.015871323294743677, -0.33851792536196196, 0.047081014906244105, 0.9775532573611948, 0.6671472528195801, 1.9800255711788675, 0.7569735401290933, 1.2754561126439983, 0.6933834898793755, 1.4326592860104872, 0.807274531637288, 0.7795237724966609, 0.22826633172020014, 0.2708292049420832, 0.7156232543247638, -0.13758399328330806, 0.15741601734093152, 1.6168071605104144, 0.5527572336234658, 0.6684952078117562, 0.5447992878016372, 0.7258646886767292, -0.04713834215893727, -1.3772567492982826, -1.454981057504383, -0.2035537337347787, -1.7346690626472663, -0.14509042120037172, -2.1061103382653625, -0.696274280478697, -1.1444738561799253, 1.673311356655064, 0.6404020339925327, 0.21736147406661008, 0.0749741285878594, -0.14546662121722528, -0.8773010982231285, -0.5058779317557506, -0.9208980999308315, -0.44741624314117173, -2.1701573853844702, -2.615656016187699, -1.6353414914719047, -2.0094564116117444, -2.1342081034014435, -2.4419902567258256, -2.336442284441108, -3.035805313043137, -1.2337226991106665, -0.13565498872402837, -0.7329655370380038, 1.8566524480411173, -1.6757079438997002, 0.496386382191047, -0.481139635923868, -0.30433450290484265, -0.7103838847256854, -0.864330100807323, -0.6660530475916985, 0.3488957767987775, -1.01667894009844, -1.2165127905097701, 2.451547116275687, -0.7606806692481594, -0.060484836316447424, -1.4335692589296058, -1.3523620088909536, -0.9900964700400251, -0.98354388480869, -0.7166863648969112, -0.38919674646202607, 0.5981542635403689, -1.3630003623000786, 2.3573797038905813, -0.5358402939347102, -0.6094534088554828, 0.1002703730924993, 0.8846602585695192, 0.1959154957326775, 0.4686802340422193, 0.5813156855896939, -0.24863587361103237, 0.13029621555837909, 0.8177839521865642, 2.021613206767634, 0.2735366600197706, -0.8104692325173989, -0.45264572817808424, -0.6218284811234746, -0.10210970433919242, 0.6203797341963163, 0.42488907181682717, -0.10860469471783424, 1.2003925425365678, 0.9409344742450305, 1.5775897346547332, -0.32684959672647257, -0.6788622845995931, 0.7069806603803024, -0.12094721548144119, -0.14046547597080516, -0.10051945792649268, 2.629108907366453, 0.6420988741405012, 2.0447870184343286, 1.5104004726840339, -1.0275387196938155, -0.11382600630209563, -0.36229894158060877, -0.4343353006992978, -0.49428479016869065, -1.132573183062056, -0.8871907330117271, 3.2859748238002524, -0.5789828739699722, -0.11282044603366122, 0.27560663867254415, -0.6174322809917834, 0.7196906597621193, 0.763609236486726, 2.183733304663327, 1.4043376281504163, 2.6813562178977057, 1.6023732494795624, 1.0656413808487888, 0.25393192199399084, 1.2388518197546938, 1.816353227210532, 1.5762447279446687, 0.2656097357064352, 0.9105541568914692, 1.7133649434473146, 1.0221581612630668, -0.4003827566022475, 0.892597228367358, 1.8922700516198165, 2.1346685183582794, 0.12897164814950993, 1.8071420766778712, 2.6142843212831837, 2.533650158331867, -0.22513023136546628, -1.0859147651191312, -1.1823968332109627, 1.0064686131035803, -0.6479347683213893, -1.5536007989381428, -0.5927891158156465, -1.3565610868337867, 0.04660280273539838, 1.1061917615347043, 1.7494053204365858, -1.1595061853195583, -0.7705744862208385, 2.010848504569465, -0.763553460503685, -0.3274638533278718, -2.1142199901988836, -1.5180033072220627, -1.3484347925495541, -1.2930990680132985, -0.9208967895473741, 0.23498272351183924, -0.7798567061765923, -0.18397479224419802, 0.727077698822344, -0.17099069268581013, 0.029234353205446935, -1.351008178293238, -0.2848700700960436, -0.20431082870031467, -0.4137253016138352, -0.8477531310828533, 0.4166783707079151, -0.47474412915682246, -0.691819685235566]","['v40', 'v66', 'v5', 'v15', 'pred_proba_f', 'v106', 'v88', 'v10', 'v58', 'v57']","[np.float64(115.83971239084102), np.float64(6.999264630108546), np.float64(6.7694096704700755), np.float64(5.1803356443859885), np.float64(9.457110995852213), np.float64(6.570183250236159), np.float64(4.343267157548013), np.float64(7.393930102599202), np.float64(12.096777674842272), np.float64(5.624813754912646)]",3.8144962729468985,3.9656746057547796,3.9094847051882304,1.2176423681436341,1.0304484631154363,1.3352390673794685,1.234782507548374,5.336595803690667,5.336595803690666,5.338259456872786,1.4271724325884658,1.2648038214448938,1.6539472421830983,1.5271749374977088,0.8614262145544787,0.9137622223345216,0.849398563377346,0.12570897549858098,0.07416011005374429,0.023247727302266246,0.01209765531486895,3.062477068177955,3.3389868830803824,3.2806923223311992,1.1752173539096356,0.9504530074267621,1.2398382911126287,1.171037508122238,1.5627412750862286,1.5711646850079684,1.466932066808202,0.7057046685714594,0.8005784985023618,0.6148230459844587,0.5492170362373221,0.9370552812972551,1.0091466682085233,0.9096208763540703,0.22792629807357265,0.2153501207511377,0.2119956574944192,0.19706386188148828,False
m565_a,f1022_b,"['31', '32', '33', '34', '35', '36', '37', '38']","['553', '555', '557', '559', '561', '563', '565', '567']",m565,f1022,False,2,forward_no_out_standard_k10_lda_nc2_sex_on,forward,lda,,standard,10,2,10,8,8,True,0.0021438971161842346,0.9978561401367188,0.998424768447876,0.001575226429849863,0.5381627678871155,0.4618373215198517,0.7577567249553759,2.3612095699442124,-3.002513403923948,0.5502043222989622,0.04713399850852635,-0.06113205023082769,"[0.24614538917361356, 2.839548278926735, 0.198357248237807, -0.4944871374557306, 0.3519474816627831, 1.6386971861059978, 1.551825528004195, -0.2699801750123927]","[1.9946263156880844, 2.3824572572760463, 2.697059699266843, 2.013666055729027, 2.914415978384353, 3.1656568010908464, 1.990646889722563, 1.7311475623959376]","[-3.3623029497936785, -3.2683003031934494, -2.7028934893177947, -3.1131993890438894, -3.2130027704418556, -3.5487973988204575, -2.1604520097127424, -2.6511589210677142]","[0.788649490455617, 0.528666948067427, -0.03447035543452159, 0.6815664940574098, 0.2684386385470795, 1.3780013869842331, 0.5919669583098961, 0.19881501740455684]","[0.5980372774482434, 0.7243321597378198, 0.10412898596541495, -0.3551307945376748, 0.21024101639777182, 0.2425312134902327, 0.16574103868764226, -0.5114417160559295, -0.7263874999000246, 0.6547978212861144, -0.5874411268151024, -1.3167793467225717, 0.36753513019589423, -0.38891011899117345, 0.3139258855563204, 0.8028651919260803, -1.5633556542868587, 1.1912231245513865, 0.5111546853515878, -0.28939006850658966, 0.25960531063085324, 0.4461401625845686, 0.6063284570803119, -0.4811257457011613, 0.03708504828368004, 0.2305799600841972, -1.2667798294732073, 1.4827230866398948, 1.9820277046456782, -0.3267962610848431, -0.2446537427108882, -1.0687104508482084, -1.7313974575308884, -0.20629561601749233, -0.16590109887791205, 0.34998214329758426, -0.22248844917793725, 0.048066267839086144, -0.48726045001093515, -1.2945498005826284, -0.26284795070790623, -0.6675793227867732, -0.5957204829219387, -0.044861921502125875, 0.26901076103814364, -0.21277910274274525, 0.41864971333941015, 1.1556541406497938, 0.534354604629171, 0.358042533279254, -0.5425453719828682, -0.09376451676200757, 0.3381412587452391, 0.3098222071347375, -0.02985437657581141, 0.014914485611707244, 0.7510929844414826, 1.5097927300708436, -1.960069803267781, 0.8999624989024859, -0.7318642899377891, -1.9879179788687524, -1.0828026976756118, -0.17597606054083023, -0.6729122778425616, -0.9133097079574035, -0.553489852779826, -0.9178101600408998, -1.3522282801664864, 0.5690010273684174, -0.10876735647973308, 0.8276979955081285, -1.861644209294555, 0.40088939082539954, 1.3051326965240624, 0.2573213994448728, 1.1810306515071798, -0.017035250897402276, -0.3631696478825609, 0.2944138162873539, 1.1997184542055133, 0.20594000485749697, 1.0631491519487388, 0.3693103572959116, 0.9471768644845333, -0.3665519229503556, -0.6820849981063746, -0.3303054519710588, -0.8833502488412969, 1.194863521156206, 1.9266884367692587, 0.8302440450077766, 0.9814687455717815, -1.75810093105724, 0.04962475582568837, 0.7591574051854365, 0.8261760168060873, -0.06262434419417022, -1.102382322274634, -1.1523425237108065, -1.2386060990089052, -0.5659471020281474, -0.3553551827959248, 0.8430847426687187, 0.7490634649529043, -0.6119219298422692, 0.41263774234317957, 0.8960750563180061, 0.53584706841191, -0.7632811491807039, 0.2487398893028266, 0.9175889739671557, -0.5526399044147599, 1.0228547725460266, 1.001992355526758, 1.2808384315107086, -0.28668950029785606, 2.047143056766956, 1.6279920143739004, 0.5942110386354029, 0.45440222140073555, 1.5463404537606558, 2.0096808837511513, -0.30814763817957636, 1.2937049580751336, 0.014502101216645547, 1.5298452696447826, -0.6179082032653226, 2.3115831529812163, 1.4416785823731886, 2.2035357023002837, 2.311507481152038, -0.4057173420208199, 1.1730262664792066, 0.23547984207808317, 1.1597023970795284, 2.057966358835963, 0.3848500783940417, -0.44322937373734744, 0.6689894164853953, 0.5358290587222007, 0.6703144952148435, 0.007566210708816038, 1.5419641376565567, -0.9131040046737724, 1.4525155116617028, 0.4461113535873051, -0.22805831953336717, -0.7550276253504392, -0.3955154794475059, -0.7896191083321209, -0.026260151343599623, -0.643078390251043, 0.054839414160006754, -0.8032415835464645, -1.1795066679181165, -0.959712838213533, 1.2466732542680836, -0.5278655416013338, 0.43167198556862685, 1.2399062613403506, 0.5533781842457679, -0.27344466872500645, 0.7442662381518703, -0.353723859458109, -0.998335284694838, -0.6118302529442915, 0.0846415601895797, 0.8444451659544999, -1.2131110109234498, -1.1652628066285464, -1.8905462966940974, 0.2242489520901057, -0.09693835065800471, -0.049974944329482976, 0.8225749821552566, 0.28146829609798146, -0.061910107526199215, -0.5448477739077855, -1.7562651906626523, 1.8259287671247397, -0.5682641347098677, -0.4021974619058286, -1.3872393978859119, 0.3246253138388504, -0.44533443822625324, 0.24466572129272718, -0.5629314492267149, 0.19801083231310818, -0.9675598452890837, 1.326707798222461, -1.151015055924905, -0.3002316390258664, 1.2814088226844338, 0.2835452754577775, -1.285195613143583, 0.15916657666419032, -0.012044738428762, 0.1524933486981527, 1.0701140182177027, -0.7604624163555695, 0.3390677435774282, -1.8270988506708545, 1.4438344236003755, 0.31214517903653366, -1.0797036472934738, 0.7698977621646693, 1.001256222713918, -0.12069954790393546, 3.0083176369006526, 1.236030150863257, 0.143012794500421, -0.0652102528609151, 0.8416989531799893, 0.6846875377402463, 1.53743252347385, 0.6479297634140129, 2.2530560509083153, 0.25236509139813995, 1.0639090302591416, 1.5284720768195588, 1.3194522796484138, 0.8675577454443596, 0.8542914785050224, 0.23491276400061228, -0.2886599539476671, 0.6470302299224511, 0.30387279441254317, -1.4575203856959742, -2.345793399390706, -1.6836325087869175, -2.8742845691426, -2.4029657921877496, -1.900659965088172, -2.0494390930659816, -1.7895999420538877, -1.0887432991273949, -0.9668820558894404, -1.4178365210107482, 0.18029285435700332, 0.28244255425757775, -0.3747385744251956, -0.235554127333513, -0.18273370592098326, -0.0925863345131059, -0.026873922327936797, -0.22101801889150488, -1.3147313663359286, -1.910409760401164, -0.27573066246346123, -0.850022330529389, -1.1240337254024293, 0.11909251654193244, -0.7697592729677012, -2.2099072866758647, -1.3912967041145936, 1.2342460208098045, -2.5904168904782967, 0.12468675790755165, -2.3448827591635997, 1.1622533530132162, -0.7085101273183583, -1.2714706493080592, -0.5510004422995756, -0.6224806291812307, -1.6145738941682795, -1.2785860305619954, 0.013356247523054497, 0.9397065494719414, -2.5651695776383296, -0.594175337825966, 0.3105340645627853, 1.6395740054663392, -1.0118283018969665, 1.7948598864829624, -0.07957601348409053, 0.7441981332897997, 1.2146990234188442, 0.8182697725748677, -0.37031727925109165, 0.38816289389620284, -0.9986486475204082, -0.03206407162601615, -0.43222208794217476, 1.1434683864443544, 1.844446770499472, 1.0470394681261201, 0.8032690823073326, 2.4022538343083495, 1.0322009807361743, 1.3270968068986086, -0.444833143261088, -0.4305839909256644, 0.16975345699449693, -0.3120368438984371, 0.038739401888261076, -0.10869054178095074, 0.10666780401849608, -0.29779288873293075, -0.037781516751275813, 0.9448718425013474, 1.0863058498162008, 1.9830511971760418, 0.9455128911540666, -0.38326866438528295, -1.3053629410206962, 0.1654077999395279, -0.11697115541460532, 1.304653786585741, -0.12247291414221265, 0.6411262716127705, -0.6503630116391067, -0.7615743181304508, -0.7715680273206184, -1.3467784385663224, 0.21418609510848677, -0.28560431972281525, -0.553219406498923, 0.4566064447576734, -0.06587875212577551, -0.2155341550674057, -0.1259054502192958, -1.29022807723981, -0.8438606639448336, 0.3984408319226791, 0.341117172943871, 0.07580508923331976, 0.017459913315131755, -0.8689187906167768, 3.1424559260137164, 0.563480716889756, -0.5163637929447696, -0.6731580673364749, 0.33642753899462924, -2.1909297082372206, -0.9573384028397702, -0.3534050241512085, -0.23742116839723504, -1.0280007511352751, 0.2557491128343608, 0.9632802964451427, -1.2578896066565033, -0.3877464587347531, 1.3348320025525022, 1.5853543199556048, 0.2230406766393843, 1.495818401726215, 0.3398014758285006, -0.40095556597450477, 1.3943872676321862, 0.8335106332419688, -0.8042529613892989, 0.10448508685490215, 2.1621876947194187, 0.3900866183461668, 1.2307558098770572, 0.0111278612125243, 0.35206295989398084, 0.819968734290296, -0.46676486392751015, 0.44425227304662396, 1.1061719397953493, -0.4464636314871194, -0.9367228503052298, 0.17071921783937727, 0.17988833117400935, -1.0659245537552773, 1.5516580845219592, -0.04379291931106396, 0.26638538068604634, -0.08149519780300458, 0.05745771275157691, -1.0001909666750346, -0.3950578501400293, 0.49772244283350536, -0.3146293520940103, 0.1920470026957762, 0.9324241595907231, 0.26177370191722193, 0.3890130046466726, 0.7745698498266634]","[0.3696100547089178, 0.44721859804554426, 1.0855635577350422, -0.35584754751589437, -0.777575223015193, -1.7695403864130654, -1.4996422179480868, -1.0201409042766512, -0.5900891407545972, -0.5472310982797511, -0.669712525960093, -0.34513289082632304, 2.4923495157706133, 0.8796747391074408, -0.8507953297670042, 0.24406151421764383, -1.301946245486536, 0.943837128761813, 0.058055322297452014, -1.6101174239319411, -1.0665686572438167, -0.8956099644619951, -0.7007588331760808, -0.8079923020632674, -0.7660747327355326, -1.7094983566594528, -1.0938725339872204, -1.1646706474588784, 1.4712408547095175, -1.4692821191768848, -0.8156422409164598, 0.1033356818124765, 0.21081718477263664, -0.6864594074526861, 0.05457711998841317, 0.17917347596591046, -0.39251706897578753, -0.6596526026913025, -0.5728884776080273, 0.4440800375975971, 0.09112810487337718, 0.29468836325627157, -1.1596803512767033, -0.09497075332293525, -0.05712747162294275, -0.6030599307030878, 0.03678738148934195, -0.2119337760002093, -0.6940377971172665, -0.05915476624702924, -0.6692397975129637, -0.0460574611832876, -0.015584388834618114, 0.35097850695360083, -0.4012443404246153, 0.05175469292710514, 0.29462184811688374, -0.928139200281511, 1.0109086531521785, -0.5227834958862677, -0.09307945504264488, 1.572447490129161, 0.08740580166432915, 0.5165520684316028, -0.7669799739034228, 0.7962922282144973, 1.9736759160381605, -0.09139580667552599, 1.4508345562350005, -0.8566456346836048, 0.04255911370817424, -0.022376085775921175, 1.5378141462543276, 1.652449733189894, 0.5114284015296076, 0.7931896771522874, 1.5067066891874359, 0.5294018062525024, 0.44515093456135435, 0.12580038422055814, -0.6812666479401653, 2.1219722625028257, -1.0496458579629195, -1.0416949895130585, -0.8962218036068161, -0.6208467735200153, 0.5682217529511749, -0.8334380450065857, -0.39030497547100446, -0.09184722570998959, -1.1283747067830128, -0.25850192135318134, 0.14046021404723324, -1.0148793949779624, 0.33904484525910267, -0.4123051568781125, 0.07529391373712793, -0.11886405367095983, -0.3757944300024547, 0.2270505002481455, 0.7410799652787226, 0.29588905294013157, 0.8832172210794428, -0.37117862066295415, -0.8294184871793167, 0.390082802081165, -1.4517542715937117, 0.21970369355275635, -0.1838027376719749, -0.2256775759704538, -0.14202108939668692, -0.852332839829231, -0.4937406531270272, -0.7339869917700141, 0.23977358961519268, 0.3274528779028, -0.1441035996644372, -1.092797119260152, -0.29352985510372254, -0.18098043134316202, -0.3791129707285368, -0.6109465768028262, 0.2698543145323528, 2.0735989466424516, 0.29382636674041507, 0.5126896375502586, -0.3710550056285126, -0.8481512371818603, -0.2765748870946289, -0.22407015074561393, -0.8361135528192516, 0.38023133447616264, -0.6487314362241505, 0.5487927422876436, -1.2593523597644356, -0.012703516224335989, 0.16612809050304211, -0.5709463077565425, -0.9731762370967099, 0.25026743176000765, 0.4683221721160038, -0.44296940803794277, -1.2852644420828612, -0.7557996366526589, -0.2715939549765563, 1.1152914478311717, -0.49900183646939816, 0.22699068429816824, 0.009854113095242228, -0.8386477299639835, 0.9065410370461199, 0.6941812844985372, 0.3230589936503079, 0.955978412209494, -0.6915678020223482, 1.3712941575832434, 0.5959449692266714, -0.6762259335049442, -1.9718422947936927, -0.5915916167153329, -1.7622160559485276, -1.2544954165318796, -0.573271405518644, -1.7857281878874087, -0.42048733165617885, 1.7688866116485205, 1.0498682945601685, -0.5042013677618377, 0.6567428574222776, -1.372637771886041, 0.9531098754966518, 0.9538214748757714, 0.802304343500967, 0.6010884111337312, 0.23171003233986312, -1.7704378140849661, -0.3506796090734737, -1.4379788058503455, -1.6889418768276858, -0.3422074832609586, -0.8822281176759459, -0.30251656279432637, -0.7209870874216726, -0.8568735689335237, -1.7182367148134294, -1.18593664770781, -0.09872577798771211, 1.5343710640860102, -1.3360626845084975, -1.0670664871250668, -0.16091210728998429, -1.515766951148267, -0.16707059705391672, 1.2385355912638283, 1.0384077764206985, 1.6703880930470079, 0.18357635317157767, 1.711962066403846, 0.3666828546220347, 0.5418301219427818, 1.0701995695239281, 0.6684672365676506, 1.407160984054539, -0.6317551534207151, 0.40895494532480814, 0.7304636626384243, 0.3101436259786672, -0.6614957488770505, 1.0635649305638466, 0.36670634991016327, 1.9299845049454092, 1.0390363207045572, 1.2477941787794549, -1.0686987385222768, 0.5724259301286355, 0.5426758136177969, 0.9087322834017708, 0.5384721420655855, -0.3480655229766961, -0.23136734413215143, -1.127905926081127, -0.4117674097902759, 0.3110126374301229, 0.7001249502359469, 1.1784498438082764, 0.8190544231276331, 1.0968737316614796, -0.0019364998451990472, 0.2923110547648406, 0.20141403864817667, 0.26181692663664796, 0.30090033979371666, 0.7436993324107297, -0.6953621446041468, 0.8091266533318011, 0.3509159321991464, 1.3202235899504935, -0.8487452547574601, -0.6195795115468137, 0.905406533581507, 0.20022946045806453, -0.4813956767335627, -1.8940088670113442, -2.0377174320908455, -0.7971213221597687, -1.8936861795417712, -1.2152015720543754, -1.5593080214028319, -2.4133160187911553, -1.5529002479437026, -1.271824198787042, -2.492290283528436, -2.921946985148327, -1.7507019371612966, 1.0508415251012084, 0.28059028285890675, 1.0087668834231232, -0.8457418312390077, 0.7614796658282165, 0.16046758568024783, 0.3162087434588262, -0.7820142585802481, -0.991473792761138, -0.9463767586937208, 0.5081702330917051, -1.6386502773263654, -0.8605349332202125, 1.4922104250700814, -0.7101213621171081, 0.3054547363354528, -1.1164019883147112, -1.221588584111484, 0.428497491343986, -0.1874411882941898, 0.04325634199168225, -0.6868193963736324, 1.904687846240508, -0.7401557132920626, 2.4395824215627386, 0.3986584255524525, -1.240175686826968, -1.236155937406627, -0.699627192271569, -1.0327648192982954, -0.2800876405074267, 0.09058679654643563, -0.8805561903135819, -0.5106409395803193, 0.28599737017288773, 2.1874216383896594, 0.36043789138717736, 0.49241906700609456, 0.03397759757252055, -0.3489262992276593, -0.927682871802482, -0.2081978041036469, 1.2720979952880922, 0.21133864881522102, -0.008660042301030959, 0.6237939756727251, 1.1602730647140602, -0.37427512925136697, -1.3653446979968304, -0.6068629768058587, -1.3454536913926234, -0.34562684977977537, 0.018797814109960922, 2.0157880978758973, 1.024822972900289, 1.5412005101951487, 2.081916060419344, -0.5667414297252248, 0.7917862765288894, 0.9420650641771549, -0.07244706621461522, 0.5451359205008942, -1.6283294410046865, 0.3036286590053789, 2.144134234745943, 0.4440088246962029, 0.404748181012808, -0.2575804327568107, -0.23040053387408782, 0.6366169376312828, 0.5113690462444206, 1.4966403264147106, 1.046818079016855, 2.448736344420814, 2.0166607933137697, 0.736627132835489, 0.5779558559681202, 1.3810115031356378, 1.9884781320971754, 1.2006409511270273, 0.6010577541974829, 1.775749027166855, 1.1196195299826124, 1.565252670213176, -0.049379743145905576, 0.45553935141254526, 2.1597775588580923, 1.4619197083324968, -0.5520825751989134, 1.751237357477913, 1.5729330172600475, 1.9395036788480278, -0.6939245773811249, -1.0885389879120047, -1.9321824515878678, 1.424152777414649, -1.1211346764888406, -2.147883531985724, -1.0652738866166465, -1.0385469347124905, -0.40454413491367724, 0.5742908649114561, 1.985316748959492, -1.0936773734055136, -1.1489526733617454, 2.4099839951703315, -0.6567862533120176, -0.9925074613233554, -1.7993975999113498, -0.3198140076652066, -1.5745436825030097, -1.6465466168642726, -1.1744294814522, -0.833552019350018, -0.7559531317583751, 0.08906860638063664, 0.4153638079158438, -1.4456341584704209, -0.2194939430796798, -1.4655715781333305, -0.06411915390783503, -0.3047451440109689, 0.007236498768602705, -1.1484317056583753, -0.2812300697594386, -1.3484367064981706, -0.8615713628205668]","['v40', 'v87', 'v81', 'v10', 'v8', 'v78', 'pred_proba_f', 'v49', 'v103', 'v86']","[np.float64(90.29569762413684), np.float64(15.589612712027277), np.float64(10.237789594240185), np.float64(10.845090037285976), np.float64(6.645124266662345), np.float64(4.637997627448063), np.float64(4.758903293345273), np.float64(9.012954861220779), np.float64(18.228566667046127), np.float64(22.244488879683487)]",4.1736520517576405,4.232949057431913,4.044343377332861,1.5786600088637557,1.3898465709577412,0.8009285562381179,0.8097224749794094,5.571275376524574,5.571275376524574,5.5509255995498386,1.9351551113755054,1.8570665561778927,1.0431899939060283,1.0843448321483433,1.1289391388707384,1.0598995839302012,0.9943108272348782,0.14577256879076658,0.07119550473519226,0.014959709593343671,0.009830509689608802,3.760270128879324,3.760270128879324,3.537552945199274,1.4585578954009686,1.2872362276828773,0.7048365003915411,0.6217893479350765,1.6220363420227808,1.5831332691702096,1.5988304466684928,0.8497310580782625,0.930206236636914,0.608121594572263,0.564785212510261,1.0805064145143815,1.187367616842593,0.9840183510030978,0.3043556764817497,0.3153149630128943,0.148241436361583,0.150117533101103,False
m565_a,m1084,"['31', '32', '33', '34', '35', '36', '37', '38']","['595', '596', '597', '598', '599', '600', '601', '602', '603', '604']",m565,m1084,False,2,forward_no_out_standard_k10_lda_nc2_sex_on,forward,lda,,standard,10,2,11,8,10,True,0.0021438971161842346,0.9978561401367188,0.08153398334980011,0.9184660911560059,0.5381627678871155,0.4618373215198517,-2.2240621739146262,-1.2890890489012095,1.5972719610062245,-1.4433553068103522,0.004776319635839374,0.06495082797719998,"[-2.1045330642036952, -2.310286513983198, -1.6659466317097047, -1.7989767635078677, -3.1560274270938997, -3.684378133560948, -2.0187858823981726, -1.053562974859523]","[-1.1998497743609353, -1.6859962520617693, -1.8615634231677547, -1.3775630321794103, -0.7458133931606157, -2.396320997810533, -0.3248788180310055, -0.7207267004376511]","[2.1469986957369596, 1.1345567843589557, 2.544312682323399, 1.5189313974027798, 1.5582314836128757, 0.9089756111868939, 1.6612319551733632, 1.9564031701646196, 0.39539854045688727, 2.1476792896455152]","[-1.8418081355309643, -1.251233551386106, -1.8978842520086894, -1.762439996104214, -0.2875506456312105, -1.7140185245000183, -1.3844312411662878, -1.4463504468237582, -1.0059321347209595, -1.8419041402313117]","[-0.0971930031216631, -0.6843419783670995, -1.0308976518224229, 0.5508534272497159, 1.5671759062168198, 1.6872850904654721, 1.2560721647302424, 0.6998973730498912, 0.38891494894929385, 0.6422153405771116, 0.539208991346779, 1.0923857494165365, -2.1203709320409847, 0.09414839488896574, 1.333773309201365, -0.3719626436472711, 0.38319942562473086, 0.5276341094120205, -0.31091068734797966, 0.0473593275599947, 0.48565149632911014, 0.11107572247629072, -0.5959097712919713, -0.18543527848883581, 0.6011609799542124, 1.0880515813792988, 0.12788772613525345, 1.8282552704553459, -0.8181065878648069, 0.4105230859829519, 0.06647983093737862, -0.6474882751425995, -1.3622835938899065, 0.3690720044871712, -1.2349886885527832, -0.26966387747902293, 0.30396577142246056, 0.14006895806888683, 0.7102286782420836, -0.134594172644048, -0.3717917599403135, 0.23345994516861177, 0.04480098817878023, -0.12771592932548126, -0.8035302640180879, 0.15713931603833572, -0.7747224720252868, 0.19440878739740414, 0.2437998954947511, 0.16214423464302782, -0.6374155817667528, -0.4345056287336745, 0.12642900377312324, -0.11322103992791333, -0.5673926423783056, 0.02579844538154747, -0.32118747782723267, 0.32303506723212333, -0.4255154370101699, 0.4525472914946232, -0.6867645885456429, -2.0473793089683374, -0.5203822264395417, -0.6803125676614279, 0.2651778809759375, -0.9488671599889519, -1.8220545671309274, -0.3104454559619104, -1.446813250449595, 1.0081470416323466, 0.5312788748610736, -1.2806351036318486, -0.9873638191652314, -0.7856886981263728, 1.0709150931733007, -0.21678846136136343, -0.870989916459113, 0.8259340311203869, -1.1772338521457135, 1.551888447730562, 0.8068865700541653, -1.2529950644861065, 0.23256036376639905, 0.4528047576269759, 1.3459808785900182, -0.3808155851242547, 0.3603382068714816, 0.22762249614178168, 1.0616422991222516, 0.5429318117184719, 1.3300014448617332, 1.724937610548149, 2.397976272553751, 0.23818661266369465, 1.5713575359365337, 0.8716100324831647, -0.33955844584113976, 0.42110807124648186, 0.1809509553768713, -0.4416680846289695, -0.18174817810720587, -0.20583965551575165, -1.01813108736389, 0.6040581123292208, 0.45774045705835675, -0.13330106934182406, 1.871564546813141, -0.5039979119041337, 0.18039578144109752, 1.186923319614861, 1.0144844959912744, 0.8994250932658291, 0.3622160858722773, 1.0285720482648193, 0.3388706463494864, -0.252954233173896, -2.0058334696833833, -0.0034690620377073535, 0.08881616151459208, 2.0528073954208, -1.0391752968330825, 1.7222516580915639, -0.08272712535764383, -1.9585404044297021, 0.2797219307842738, 0.7427449356372451, 0.7584368383481915, 0.3198363954421564, 0.3998522694263137, -0.19440691500322108, 0.7655443234075491, -1.400147036899382, 1.2852110573058055, 0.16948447341180986, 0.21380357959099644, -0.03140819370375775, -0.14092081299408846, 1.9828489144296308, 1.4998861992810646, -0.402170051967245, -0.1890457419159705, 0.6436082003438032, 0.6737544307500878, 0.5702495542035677, 0.0923729768287401, 1.0926964976665225, -0.14024922812686474, -0.6725589925657537, 0.5202983397400543, -0.8514151866144241, -0.834289320331044, -0.16550808752513052, -0.3294385516483772, -1.4375773500595839, 0.7061978435870401, -0.4305068274154978, -0.5723199815981227, 0.3007965511214187, 0.6409088050837871, 0.44967820002794745, 1.1741473912568552, -0.2737369655895674, -0.09283499472206921, 0.7382162732342047, -0.17523997972497296, -1.9034443918372572, -1.343354232870414, -0.5331722260631986, -1.3865644060690194, 0.7912632640344374, -1.4933446920781843, -1.33808917328082, -1.1431548447639692, -1.3607429546589296, -0.7148826862428793, 1.936477544552634, -0.6003430413526487, -0.4197039394687381, 1.6226360474015338, 0.2322680628938948, 1.0281097010888876, 0.36636913542460675, 0.17977996694340137, 0.9711330535599833, 1.6660859286483438, 0.05963497269040882, -0.10188661725914779, -0.5159492540257477, 0.06651735360291772, -0.021218374153765186, 1.1523544411540605, 2.381872886552581, -0.10099776937594335, -0.3707374402971303, -0.4753623847334849, -0.5576936844066747, -0.3191590613050514, -0.5257912880068626, 0.7139128537058449, 1.2368937289749835, -0.4493644140481712, -0.204932661710117, -1.117819714469449, 0.8163982331093782, -0.2775022051516403, -0.32491765105538495, 0.9495165315830902, 1.4668707073005929, 0.3874267849256342, -0.3272415938902219, -1.5467642134579511, 0.5895697097866497, -1.065356636627705, -0.1970796044278485, -1.306907460322825, 0.124297244620177, -0.9315327320975004, -0.32755118015609996, -0.19276856878068171, 0.0691844552613648, 1.3284696795016526, -0.608151826958098, -0.2281760922680053, -0.6696884044910711, -1.890071149364143, -0.13638882308888484, -0.9432194940264832, -0.01291254594069545, -0.6089806161434235, -0.45381176803029477, -2.281874204481134, 0.3259476460078871, -0.5383041464889716, 0.35765887730253654, -0.8067650262793598, 0.15729640676970003, -1.771760277469057, -0.5821478429155714, -1.4992018139497947, -1.0774689760100093, -1.7342482772996257, -0.7972560905014889, -0.5826322121849713, -0.4686805374271994, 0.1427622946132863, 1.9260149922654615, 0.016101503098636033, 0.2005699430273978, 1.7306207364231492, 1.6011604748500456, 2.1567055016527656, 2.773235800428953, 1.2891906773572044, 1.4577311191585982, -1.9025657732024148, -1.7930562402464654, -0.5117393814253818, 0.7204562860429, -0.8661936369820364, -0.9530358658259006, 0.3741287597753586, 1.0723883587087686, 1.3899790664709684, 2.6374397390014432, -0.7972204343963483, 0.6041965866843299, -0.08731911935097098, -1.6360007127783165, 0.029830456141388646, -0.9917920070339263, 1.011914217403194, 0.4864014518497239, 0.5801731108086161, -0.8413917958603381, -0.524820459865209, 0.5337291923260191, 0.04445137121211179, -0.024200641665825934, -1.693966577933359, 0.25503713336844447, 1.932333405331429, 2.1761844984639485, 0.6147939337900785, 0.9858569329824899, 0.4763718495020486, 1.3123971918072588, 0.5688722081261963, 0.3693504459170252, 1.478281776354043, -1.1767183845577123, 1.0404774089593574, 1.0320675700104267, 0.252418825427954, -0.343088790022121, 0.02685889680369428, 0.6075088903457574, -0.14006808694717474, 0.4326927907056764, 1.5497529111893127, 0.08094629081180388, -1.2707547036620492, 1.3276736293481342, 1.6380524311957485, 1.3770660327242905, 1.6924998125805275, -0.3031923440334997, -1.9324447442598718, -1.5244908941324529, -0.45179146599011266, -0.5805475495387155, -1.3482829031650723, -0.687159876164058, -1.4173144101764743, -1.4584242269088754, -0.48156877893303635, -0.8202569593756143, 0.9303210057128751, -1.6374458866858725, -3.521618002802701, -1.0497710266082674, -1.3174959825034365, -1.1215810871099194, -1.123731786454883, -0.7932013789372799, -0.709721417342943, -0.8254041860763038, -1.3844712662938552, -1.0969035777793017, -0.43954684498992136, -0.939481577745493, -0.04211379545737957, 0.17239914578254267, -1.9630303910286513, 0.44406541067295224, 0.48862338412505923, -1.6198225601697815, -0.9807681336246745, -0.3839147385281702, 1.4769465417186458, 0.022394586949038803, -1.5891164856455426, -0.449101655814974, 0.6517726053429563, -2.257306889626202, -1.1350085691503538, -2.6485732864440106, -1.5558997320332097, -1.835129689503709, 1.0353302470876578, 0.14140360764620183, 0.6804655015172117, 1.5351757841046416, 0.4219448245891737, 0.5846030859264187, 0.6266667538609938, 0.8225202215865188, -0.6786648087612515, 0.7306405053745053, 1.8299196539351417, -2.308305093744623, -0.18202792992073435, 0.6450756670486018, 0.3411521918915704, 0.026608156286588084, 0.3830921988028664, 0.45487939951281886, -0.2226222662562965, -1.1980699205115977, 0.39197797444803284, 0.6557411812912533, -0.37679208128539654, 1.124628604243076, -0.2550432833383352, 1.1835864910323384, 0.4592033673582524, 0.6195801516222438, 1.149679599916739, -0.21960359766127843, 0.8618759440470357, 1.050159824683177, 0.993115890298681]","[-2.0513350300881275, -1.0874673357775588, -0.8617052428736759, 0.6980207958077325, 0.18708618551544928, 0.3113707579321975, 0.44636826345572356, 0.8839871752981847, 0.5952389651662479, -0.2590037458760603, 0.42932843336395465, 0.8279081883999845, -0.8488343474649682, -1.674417383735794, -0.5038448365826945, 1.0113356250517997, 1.9760083838168094, -1.4723063172395576, 1.1575542387470863, 1.2637177249617095, 1.10185070315482, 0.871891828293638, 0.8260316894897144, 1.24976703120229, 1.111879650226747, 0.7983464981319208, 1.416461528673459, 0.9126146114491777, -0.22245658229206222, 0.7375608820372392, 0.5049996199672374, 0.547896594839337, 0.4868861232519937, -0.49340001776620945, 0.3604646842557251, 0.2814921522444014, -0.17077557092352996, 0.1841390647961617, 0.12329349321759688, 0.832798197555773, 0.6237509527136171, 0.6276437141270718, -0.1936132272402113, 0.1829866251724228, 0.7074470880929732, 0.6162780633876316, 0.36962359767202235, -0.31768285918903205, -0.2100736783762917, -0.2613021007364442, 0.15582596115516764, 0.5752900645422712, -0.25317910674567096, 0.010960864187328825, 0.30391172738799743, 0.18560659420036343, 0.3741259167628273, -0.12023306148025038, 1.8096622623610665, -0.08336543091863517, 0.9335329183929345, 0.914708685188527, 1.1164205931565399, 0.7223775323185342, 0.5803825587710564, 0.8250428681121587, 0.8687838306771889, 0.3154785139922945, 0.34435306434808954, -0.3587239545742009, 1.3270509176076826, 0.45689151857035154, 0.6319752214608627, -0.6915274658903589, -0.89521970297973, -1.0058117529816244, -0.761524768114184, -0.845867383183922, -1.1513281822593526, -0.5899986304015523, -0.855942870382747, -0.6018655569242882, -0.05420385674910168, -0.6185280357389993, -0.5315687219181717, -0.41633118576496814, 0.3584429576835253, -0.4008526960792706, -0.28236508556580503, -0.9213380321001818, -0.9140361822688472, -1.3640828815968244, -0.47942916808551694, 1.1323598664733696, 0.3033588572419441, 0.8134066920352533, 0.20361369074043478, 0.4499205580345596, 0.649431124064343, -0.10729320785667279, 0.5364812374428968, 0.4035784293957335, 0.10420402274927408, -0.5421226244949612, -0.17670482941199014, 0.3714814581297223, -0.15818561485559252, 0.30594375153763476, 0.48049249320566384, -0.5579467318865415, -0.07476312736760331, 0.25152878833395986, 0.17622326781343245, 0.6689207507451956, 0.5524461313055494, 0.06441442545401446, 0.6713038678143952, 0.04826920725802156, 0.06298980426597167, -0.1378098374765569, -1.0384843552953618, -0.5724211458809854, -0.7799410080466878, 0.09724558908655213, -0.7596957234088038, -0.2274021541318614, -1.1638556220267084, 1.141059248588693, -0.4002687141465749, -1.0804124152111743, -1.2991515499521225, -1.4780512798341183, -0.8486429580942298, -0.19374560310072025, -0.009124836883200942, -0.49888436849383194, 0.11578835892715189, -0.7436374575307327, 0.5505890177216017, -0.5253292266096145, -0.43393615806999714, 0.1359532004761982, 0.013837132654022682, -0.6297119136967729, 0.5396740960269466, -1.2910736716573283, -0.06598345616944246, 1.5495271358809137, 1.7517722892287373, 1.257240912388891, 2.0566725288057413, 1.3427681718986095, 0.7176803587275143, 1.3659590943808668, 1.2518592219581681, 0.8454198896980456, 0.9886703970216388, 0.22643002267931037, 1.4318925783041616, 1.809892808587666, 0.8012006300798689, 1.4867300287964702, 1.7488668198150008, 0.2862014630239489, 1.458225949269222, 2.346579812395893, 1.7102739970916223, 1.940834420529731, 1.1796935704035778, 1.378133276535023, 1.5300777983936287, 2.2070094756043184, 0.7331875406592446, 0.38100235437665897, 1.8903408054400388, 0.5440255030323835, 0.9924468813135866, 1.1935527257784233, 0.6959964949566713, 0.5091028171395573, -0.3670458564162541, 1.0916594837634925, 1.0804510128955072, 1.3476794897834967, 0.6469364089346401, 0.8865859151467106, -0.006514733464049635, 0.32840588607218774, 2.133642518939901, 1.3075943674699986, 0.5124074086507987, 0.8553611429149833, 0.4251904659006356, -2.250888548657124, -1.8545103995372023, -1.3910873663096428, -1.4830099590195718, -2.0898103235601706, -1.0604042543291623, -1.8730058225778436, -1.516795397162679, -1.3589201927358199, -1.4399406624409965, -1.9099643283549954, -1.9027491911280758, -1.7322236267127784, -1.593680922169192, -1.100814407959006, -2.1400494940368477, -2.4175446271771737, -1.8990391704275298, -0.831639163653219, 0.010950584641753799, -0.7200972880458929, -0.15629220256168527, -1.1596198049391402, -0.7970186713369439, -1.639097216065621, -0.3900388820540761, -0.854635930400117, -0.6754644843185833, -1.2690615827340317, -1.528545508049757, -1.1973763168497054, -0.7950062158802883, -0.08265880949212691, -1.1719402692216476, -0.3077958263181537, 1.4252746161037715, 0.572539956735737, 2.5069378259866015, 1.1424791215394678, 0.6387424022252387, 0.8012293695985242, 0.5980267129872318, 1.5042841507509839, -1.1552886623553955, 0.5523845820744522, 0.7585463444759163, -1.3289033866421127, -1.3944893940137715, -1.2891880604121202, -0.0075253182836275715, -1.1472074718149081, -0.8679656591007269, 0.8447811650624553, 1.11499170786174, 1.6794613671678684, 1.4307300088922559, 0.42598894028796946, 1.2410311167022057, 1.810371012361715, 0.10477351493756365, 1.7627563524587218, 0.31959566660188304, -0.38455434261558896, -0.7211677343084121, 1.290296564409492, 0.17481195031380137, 0.6989451831609068, -0.09445383564213074, 1.3199457171086757, 0.23572201764078773, 0.19724429721887768, 0.7379302232661705, 0.6944217953057833, 1.556712869354212, 0.06583242016525885, -0.6249738429145651, 0.965823433072374, 0.47934613485961053, -0.2086747200048346, 0.008722404342729969, 0.14095717225439264, -0.5688028026365607, -0.8293711057230099, 0.2420941670922791, -0.5868572508421968, -0.09198038190491029, -0.44614178098835483, -0.9408847844017865, -0.060624422156090915, -0.7184595487530255, -0.40977848782199383, -2.0517437005692636, -1.4503836312031393, -1.550198324763712, -0.8886024420627043, -1.3172504482293623, -0.9889783443594978, -1.8171201400137063, -0.9651113577171151, -0.426491486763229, -0.5821128953619731, -0.6742338744626729, -0.8789407864547688, -1.2671369228643479, -1.2294095548797574, -0.47989228241732174, -0.9502149144136535, 0.47788496499655686, -1.078148866255505, -1.2807032324692393, 0.5444206027871602, -0.05233195761159119, -1.0272958391291114, -0.3924338116742483, 1.17517429459951, -1.5257706891988707, -1.005654485608222, -0.8167387769029307, -0.0711611360095669, 1.5232992712753173, -0.15460290994985595, 1.551016356578598, 0.6816611818578061, 0.6685427581639103, 1.1318340998346148, 0.9036608246001144, 0.0778623684797723, 0.15536813860592455, 0.8201665720059267, 1.093375942212846, -1.0453311650856434, -0.46169090267337715, -0.850112465568433, -1.793127753529348, -0.1158179213407375, -1.2081830516343173, -1.6197710276891066, -1.7907415761640626, -0.07487788949456245, -1.2629298479253244, -0.24937913088978603, -0.3977766965057622, 1.046321558304393, -1.0455261586089404, -1.1397084441923764, -0.6716542966395876, -1.0303537980316435, -0.7564020599066394, 0.3160758636852848, -1.1667450200557965, -0.6852919150977574, -0.0296523568375041, -0.41461033418364596, 0.7241543978261329, 0.5977228908694678, 1.6375775033922575, -1.0450984130597025, 1.6896918762485376, 2.7114114130632103, 0.8814357331578324, -0.5154289204820574, -0.1860502041074118, -1.0353299239057772, -0.640472417088076, 1.1258726842100926, 1.0415918257600558, -1.014961539807189, 2.004693809533312, 1.3794902414138563, 1.5791555166914617, 1.5793409631992823, 1.5641618079898039, 1.2601497948126676, 1.9998350194560126, 1.3218108251621765, 1.2495934791442354, 1.6951002775777548, -1.504128645124271, 0.6505864318974933, 0.27778239435423274, 0.2189643175009598, 0.28166963683620305, 0.3887783279853108, 0.7467900936656374, 0.27984024720235107, 0.13590718888149728, 0.1538446476765286, 0.33893251912509204]","['pred_proba_m', 'v96', 'v35', 'v23', 'v62', 'v19', 'v78', 'v76', 'v39', 'v89']","[np.float64(937142.6664619672), np.float64(14.99528501872981), np.float64(5.089906778177203), np.float64(6.868975375649822), np.float64(16.399885351605516), np.float64(15.13269525841713), np.float64(5.897233752786943), np.float64(9.138720803038767), np.float64(5.2777744616162545), np.float64(11.408364956643316)]",3.8244467114918175,3.9063513812540123,3.816159228922486,1.3853590762631747,1.2797045703037502,1.0349994913359395,1.0342881251967349,3.9756003928299934,4.486237859102558,4.366320133447539,1.810297400988986,1.7029192225980372,1.3152922695984242,1.2216634605090655,1.3057089962637398,1.2683429001169464,1.2657585822634325,0.04974103120777863,0.03177121312432396,0.07312259317326768,0.024920537725313996,3.8213341349208507,3.821334134920851,3.7893551734118613,1.2273835674869047,1.1390391337129153,0.9500919410549162,0.9636829057548955,1.056457236754587,1.2792232320858796,1.2110678617346418,0.5610726164164191,0.5884517969588112,0.5051795754693036,0.44121224478835624,1.1834840085202043,1.3412958091029363,1.2026345383961066,0.25867392877344,0.26319871672507733,0.23612187574177174,0.20666514390798066,False
m565_b,f682_a,"['39', '40', '41', '42', '43', '44', '45']","['60', '61', '62', '63', '64', '65']",m565,f682,False,2,forward_no_out_standard_k10_lda_nc2_sex_on,forward,lda,,standard,10,2,12,6,7,True,0.004974390845745802,0.9950256943702698,0.9747912883758545,0.025208687409758568,0.5381627678871155,0.4618373215198517,-1.8106302081821342,1.879608255117196,-2.3393894204512975,-1.7116539318661275,0.07010695007869464,-0.007578304972765406,"[-0.9840096206069538, -2.3621722105918477, -1.3587436667358446, -1.548542058587081, -2.3415183154851213, -0.5850527247525118, -3.4943728605155795]","[2.1251076639541067, 2.1156239320410104, 2.295281692800321, 1.924666645922989, 1.9500397694031817, 1.938788931683009, 0.8077491500157531]","[-1.5234326665423534, -3.103332953097531, -2.416391406148703, -1.8530506159770956, -2.4102848015990994, -2.729844079343001]","[-1.4661505124923206, -2.1345764795542532, -1.9725729091607507, -1.3338682838068365, -1.8473603695624397, -1.5153950366201645]","[0.32629419269679016, -0.7274895869110856, 1.6092662322029527, 0.6616148941580081, 0.44301879645573794, -0.05732695084095399, 0.6159073887943665, -0.6112145740994539, 1.179537269284625, -0.4106049014551419, -0.028846594044201125, 1.7920203434252973, -2.0006094696409678, 0.4975357654792006, 2.230141550925849, -2.0309942906629943, -0.3297329605234976, -0.6775391732271719, -0.9551256964346553, -0.33271908586988336, -1.0709066283653559, -0.8568164710564968, 0.4600469429730068, -0.6296931445154067, -0.6996980394966369, 1.349641458908711, 0.3541959419961667, -0.5446482330201458, 0.09827519435379345, 0.8192235023417815, 0.714038304637388, 0.029669254462200843, 0.04517355015560252, 0.6260222170421995, 0.3716073959693563, -0.6976780964332785, 0.5336101695325467, -0.11258799731214293, -0.6607463013829575, -0.8174898031663351, -0.7802326375477413, -0.25235098437787346, 1.1313126138468066, 0.5147650177423908, -0.4026369180357928, 0.07949048714826447, 0.09928176931874844, 0.29651838880648795, -0.34931300982959224, 0.8990817565311666, 1.4769853808515265, 0.07608020532063177, 0.020129342439517646, -0.6912881975103251, -0.48974456683134676, 0.8762239469984885, -1.9405027056305126, -0.13941573743462976, 0.2924817433651363, 0.019058094402124203, -0.7710638384276796, -1.409029455804826, -0.36879732899201584, 0.12224027327231234, 0.10976129210611713, -0.376489665247319, -2.7304783632397704, 0.16767911820406917, -0.30734981690403607, -0.35946210803142775, 1.4365300881357486, -2.068462839614602, 0.06430452922206067, -1.1532576665546914, -0.5201563422998915, 0.8815522556825838, -0.4119055005508505, 1.2062742422072577, 0.9486046818783983, 0.681328703911146, 1.6102914714484433, 0.9226614869273178, -0.5661404564413373, 1.649556284603909, 0.21954402314402816, 0.5470752014226764, 0.6818097589956615, -0.4814701769016091, 0.631641971572165, 0.5955091185027263, 1.0966818791857935, 1.3250915818222153, -0.9178858443124817, 1.547920268664286, -0.5010087263649092, -0.7168396115532327, 0.14851437239646487, -0.8881693708897576, -0.2486758856480409, 0.19899872133423663, 0.11028390777399272, 0.10770934014471117, -1.4037290277972492, -0.21672246400488995, -0.6706384938813925, 0.0323630633640642, 1.0296926791964585, -2.029404614133302, 0.1580394462592656, 1.0718451408196241, 0.9332504916567239, -0.6954699364547413, -0.3964439090870386, 0.4506330669343169, -1.0745297633875446, -1.0354862236622675, -0.14009154401473922, -0.8830586985455636, 0.46166021675415714, 0.8694775583880345, -0.7022969085423865, -0.06554943478428833, -1.0580077419641425, -2.0987331395788744, -2.078747855504298, 0.22028689673456858, 2.175686870107808, -0.0951057702423245, -0.3513830900801425, -1.7033424610325314, 0.7467812826143556, 0.4330212651418873, 0.8779871423837406, -2.34357109172107, 0.5525203713958889, -1.6383745353734838, -1.4497270701029894, 0.47531949306465476, 0.7499393664289953, 0.6481566832620321, -0.14631801494621574, -0.7156676825966989, 0.11246111531425072, -0.37675457165105686, 0.058801115428143806, -0.957608460762524, -0.12767397962538277, 0.8747432252091284, 1.5411315420563416, 1.8160502012038007, 0.5007118248298318, -0.14390816673595466, 2.2317474225672873, 0.9819469967193116, 1.3414511656403365, 0.0343988939217061, -0.7328944960199142, 0.4349011716918252, -0.18366044660237849, -0.021010026228520252, -0.17808770506739838, 0.6384043225582767, 0.6660115339475545, 0.3782639929829345, 1.3656287356123091, -0.13294776311688095, -0.7362136113716944, 1.1752050030608352, -0.6446506927198993, 1.4779922503612795, -0.7013848281113664, -0.08987910961591096, 0.2172291998591954, 1.0057910147160438, -0.05358524988608136, 1.697700605936618, -0.8033666114584606, -0.5968753313105242, 0.4183859647403567, 0.6173732674497678, -0.36267821495789915, -1.3876271188841964, -0.0716894558080597, -0.15793817451176076, 2.7402839583234924, -0.5347134837495336, 0.5679135596487421, -0.26173818416897415, -1.5158399332359656, -0.674878010201602, -0.9489095019313998, 1.892457550597467, -0.20917811902643793, 0.02675577531205422, 1.511243398759677, 0.33235540989907886, 1.5152977501138563, 0.6959253617223089, 1.6472163766006496, 0.48990791369347947, 2.6542441610403604, 0.5690085692977087, 1.6598430082153741, 0.9698697298654491, 1.8122020045657645, 0.4394737409255134, 0.4632339277901796, 0.4458854247834027, 1.9633739491541862, -1.1722983675752447, 1.1392440553101124, 1.0563811582073972, 1.1672749845245851, -0.4814850084770756, -0.12049871128578332, 0.08380033155408535, -1.39360118990307, -1.4401798611098433, -0.5954715822264596, -0.6735263923244694, -0.2855894718774709, 0.7119864264092004, -1.0549653523406333, -0.25319034708748955, -0.41193155423724204, 0.9004425807257567, 0.6041701957206734, 0.1922655682029127, 0.4070489032643563, 1.0820255226631437, -0.15662602637327214, 0.792232022621533, -0.5560609557275357, 1.0230881723231064, -0.639832464208498, -0.21395605160492984, 0.12377254282522557, 0.17175771708102192, -0.4489818720018569, 1.2674440828807545, 1.3174244131121633, 2.334874433562687, 0.850714851390588, -0.4513146129776506, -0.875354013684879, 0.9302704250933952, -0.7160054568982791, -0.1525321251674175, 1.5237465053767698, 0.2155822217954072, 0.12114231968963321, 1.8316244984985202, 1.6453407392422918, -0.06093765410074231, 0.7420028363276185, 1.1457197176167986, -1.3487442665595013, 0.6669395289623047, -0.4820450651584067, 0.015060970866619377, -0.6684909243810954, -1.1480579587181308, 1.1305265038849155, 1.50659649501497, -1.568828585538683, -1.2805172107994243, -0.8658069682371341, -0.996416272674891, -0.10895877132659211, -0.07543625738218827, -0.32138192777735775, 0.2430390808523579, -1.2610439066468193, -0.7293427486121996, -0.7598063458634047, -1.367993016787719, -1.5932461836387113, 0.20940387398664603, -0.396579230553324, -0.5180549765184165, 1.5925502508745393, 0.9808032144137956, -0.3776938594485055, 0.5818331637252807, 0.24955003024241734, -0.9697380564227377, -0.4537069493900191, -1.185825658338068, -0.8051208186763301, -1.7336713803684147, 0.549729699636315, 2.0251998485753253, 0.33031777506395066, -1.3655190747166777, -0.3196669503733335, -0.11896943244424658, -0.03305165504179561, 0.5113954325461021, 0.4163004160976588, 0.5389964481847117, -1.021734770558271, -0.29749003965392623, 2.7208958615262473, -0.6497872821314112, 1.2582117653342133, 2.0392206623098557, 2.371661108813296, -0.5338665987097879, 0.9884472167090731, -0.6448586789563454, -1.7016903742854055, 0.7871365516072352, -0.5286760891543635, -0.872962870039602, 0.6530145726855959, -0.07710897330164394, 2.0514117947206563, 1.4724629314383184, -1.9942973317193426, 0.05905700077841648, -0.27547562790748986, -0.6641985237138641, 0.5340375778595625, 1.2088071319616203, 1.0393764162923058, -0.9706518800959525, -0.061379245618020675, -0.9641547318117158, 1.3059824644115883, 0.4782538608750106, 0.3753292425733265, 1.0063920730529086, -0.7954449222285715, -0.4351884897023947, 2.1055917989192903, -0.5787012331839703, -1.8784150385390794, 1.551233864611906, 3.165134129944081, -0.6085066314315178, -1.120811733401623, -0.24272585146849082, 0.26403389918376236, -1.4985219508030905, -2.3248224406084654, -0.7760094575611375, -0.5812339010189885, -0.7278970654784324, 0.7914425865425301, -0.3397162278556899, 0.5207782738375438, 0.13860065569939137, -0.40054939363173314, -1.0508703200276721, 0.04981027321790719, -0.7707709876226123, -1.0884143973276592, 0.027004749025224928, 0.19092157667182014, -0.4835136942523102, -0.08672095437998321, -1.1229436345038322, 1.207836672382372, 0.774775004734227, 0.42913439252744423, 1.1644943624047712, -1.4575071215510789, -1.8700183760553801, -0.10804730386994642, -0.7459925039704922, -0.8298440705082352, 1.6272346720441027, -0.006128731842372124, -0.27188839575036544, -0.19383330780356353, 0.6847060023550655, -0.8253068784057945, 1.3099798377681373, 1.4733154532098753, 0.7260516022730297, 0.9894711526442551]","[0.5218935371796289, 0.0828172875120514, 0.5659795500906089, -1.1249033957304126, 0.8201425887315664, -0.6290901353855686, -0.8966688933870518, -1.4719623984523929, -0.8539837641774283, 1.108502637706935, -1.1739196377813166, 0.21504745679280987, 0.4674868116057266, 1.089560312729721, 0.13651551643656287, -0.3845615224381791, -0.8879128280388289, 1.75083163981041, 0.8421750268451829, 0.6382082702981112, -0.01797129889302882, -0.2622702897759252, -0.9353821064540696, -0.31705236057096997, 0.1502408885764356, -0.10976931204782785, -1.2353723195045114, -0.5370048549133928, 0.8167308962409524, -1.1044311162959977, 0.4909667148924697, -0.09694298076722987, 0.8362649467974671, 0.7689675223983443, -0.2416528182945814, -0.43016082043248677, 0.6264100998781096, -0.5791045457743176, -1.2868334911763712, 0.4868349374811478, -1.6861581116064621, -0.06425884298705466, 0.012470113196209784, -1.259043924893923, -1.3474720358463455, 0.3299553824061087, 0.43915621122973253, -0.8576821309004482, -0.19554019356514613, 0.7763300266754474, 0.02504216105156963, -0.27950692216915685, -0.2772303028680872, -0.4810298888441496, -0.5677496727795683, 0.273450928205032, 0.36186893486648286, 1.0022769438429093, -1.2848631187332524, 0.23939350614233504, -1.7622354945991725, -0.7627999157961178, -1.340754699261309, -1.2078452503445944, -0.4841179990943336, -1.5163615670175035, -0.25462361075184303, -0.6638722754920373, -0.48580004378519787, -0.6095804753337811, -1.0038161483066574, -0.31030260941325605, -0.10111085718990005, -0.07859172217265806, 1.4282447796429454, 0.6919217796745404, -0.18641768802947964, 1.2364517942125561, 0.7967048179879211, -0.2638093843553061, -0.8763442008142505, 0.8235955209449471, 0.42855772185362384, -0.014440513227016437, -0.44870325926330984, 1.0814546811140642, 1.293143827775371, 1.207068987775137, 0.37107764010612404, 1.4383409831845588, 0.09348499071322183, 0.18156841510001698, 0.3399827252074276, -0.27633932961074986, 0.1803932143865679, -0.6426288306124475, 0.1613773516404885, -0.6724425526326545, 0.2550144481264428, 0.9792446856776693, 0.2527270341155413, 0.5899494191450751, 0.08207909982430206, 0.547553619552358, 0.26400006989562524, 0.0445433148990698, -0.01433809649758869, 0.21929735865992017, -0.33007532318102395, 0.5506390207449714, -0.6804661832366602, -0.4356568278388594, 0.4627561093657153, -0.025781200310772773, -0.2886111494326436, 0.5769128130448631, -0.17183658801043822, 0.6140948037284557, 0.34308331513470525, 0.44040060151442895, 1.2651430742107423, 0.039564503843700166, 0.10620062208287409, -0.3571128993891861, 0.4814263741353067, 2.4114166397545924, -0.5668119700072793, -1.5029915255506745, 1.508208787578699, 1.770473266728149, 1.386016467876885, 0.645199940443922, -0.33372337716749256, -0.16308088446853727, -0.11181336432355896, 0.4112782806970574, -0.6064359621044783, 0.9411974273793603, -0.8793061607308169, 1.2545623247218955, 0.32410235588273273, -0.9376513651008793, -0.20566093158212292, -0.17990430998818763, -0.9330214356810604, 1.8114097171367762, 0.9605567094229788, -1.685212968132439, -1.7668767786452229, -0.1189598832817546, -1.7478874677754466, -1.2922662549115678, 0.7687375619144052, -1.3336064935559966, -1.2538767622456828, -0.5719475760007212, -0.60604758817073, -0.01041215016998984, -1.041140355680602, -1.9081479804481807, -0.9857273658610141, -1.3263784640723388, -1.189536884283972, -0.4443719738411809, -2.246610326729401, -2.0935536104635224, -1.3130547350455108, -1.9443469023276503, -0.9948260899363315, -1.2712881439650756, -0.8250887686945282, -0.3322116859163876, -0.9605009610992578, -1.3075357789734314, -1.8278714862867702, -1.6366588710937149, -1.1559837076791466, -0.2194185082213472, -1.346613763206679, 0.36060601126957104, 1.2106624217772775, -0.9491556945745667, -0.07509903840582736, -0.43601838225717254, -0.29259997385174463, -0.30646549572123916, -0.028475561056283117, -0.763228312977478, -1.0550423154750808, -0.5030538213517072, -0.7127666968747216, 1.0153616853475111, 0.21078066583851907, 1.529223990305419, 1.501344821747972, 2.7971315144354962, 0.5310767250074336, 2.711103248796042, 0.43399994222927746, 1.8434649083711232, 1.8074500353878573, 1.5536195552494902, 1.7167489497872457, 2.093404616234564, 0.8866376291977185, 1.7306607911189529, 1.2209993031390702, 1.0085509309964147, 1.9054093884209762, 1.8696270148186338, 0.8147227056075139, 0.5888928635199343, -0.10041728965368155, 0.9760174549789619, 0.29525063960913683, 0.9200012992491341, 1.0273543793997322, 1.641925049168053, 0.027569257645037887, 1.1893640425469572, 0.16586683265934363, -0.8333415988899284, 1.6694421572986342, 2.0675656810230882, -0.07870400852103335, -0.5347952915639358, 0.3185053152545746, -0.17924390804608717, -0.054020106062568914, -0.3633660919632061, -1.2134883757066453, -0.07170633835984609, -0.2222596532395759, -0.7691144739324983, -0.42668379943263796, -1.1207469030083217, 1.284331024660735, -1.4839323446094788, -0.8513806837931479, 0.7935617972817816, 1.2487331218766309, 0.660925446458798, -0.3886328338662762, 0.9892021311127092, 0.4325666569750452, -1.2367664039371629, -0.8640581644367069, -1.752285879589883, -0.6541439233880479, -0.2722954228197232, -1.0147783896109464, -1.3788075222188303, -0.8603309009277135, -1.3159440303514012, -1.0799112836452418, -0.7300926833680068, -0.15952416252639895, -1.3948374203565985, -0.5687995192645694, -1.4339383482844932, -1.294565019341434, -2.0512594494712846, -0.8659545286216743, -1.31548604559409, -1.5480499329736572, -1.7876249817145557, -1.3831605307853712, 0.3837762130991039, -0.229386363908467, -1.4050346474563002, -0.9188807722364221, 1.12291482322575, 0.1565643163547438, 1.5011440310923008, -0.46589772191034645, 1.4855476432960388, -0.271301034614242, -0.03972444912020742, -0.48568160391027243, 1.8034445907932715, -0.41656046398064356, -0.26130312321252025, 0.0049539492720571685, 1.1247205663654543, 0.4438922669825728, 1.3216806884865593, 0.4628119763889322, 0.4979792192642785, 2.2254997514014137, 1.5496099047845784, 2.4391541402644865, 2.3460342440909034, 0.9933879801435243, 1.0510740309187276, 0.8932577843092548, 2.30008388360917, 2.553975401587881, 2.380350933450348, -0.177888180401615, -0.7078509865915773, -0.28452039532318507, 0.4546003479070439, -0.183603506039718, 0.25998487406863036, 0.03195074862812877, -0.004925779797124625, -0.5283502733414929, -0.5139812264449687, 0.2768415548997233, 0.9241490397991678, -0.8439737959101178, -0.02397919159435498, -1.8250361580070684, 0.3400320341298478, -0.19830895654343758, -0.3275320400411874, -1.3776465710410297, -0.7424325497031332, -0.24713501551095063, -0.5241152078356118, 0.29903398557227895, -0.9648150541078302, -0.44402604557942693, 0.5219716150243913, 1.2329397511420128, 1.3713545524890949, 0.5767805967543819, 0.48394147358043216, 1.3973384992204194, 0.13166129171024873, 2.0894636594811047, 0.6453843131976557, 0.8954201442007619, 0.6111660966141723, 0.3061531811369124, 0.300695765908432, -0.9120332215106296, 1.7379357273691436, -0.755613056398255, -0.7689733158353743, 0.7879702159009315, 0.12299600034850758, 0.508936939413719, 0.30583294714078224, 0.8698147641358268, 1.1005029310144276, -1.752888747679368, -1.5883532012343038, -1.5117921862263313, 1.2849706470132922, -0.7348246381157112, -0.7907766558705754, 0.058173022737850216, 0.0761072845082166, 1.3805651317850482, 1.3035056954648085, 0.6139966478822647, -1.0299888472656746, 0.16748002720618935, 1.5835430792356073, -2.253996565210075, -0.6017067686024877, -1.193667895162182, -0.28445805227719395, -1.171755542677055, -0.6721009551292321, -0.2684951886160731, -0.060341650687426564, -0.7344494123992786, -0.460536316076725, 1.9450631682636337, -0.7031859166053699, 0.6071641569392191, 0.001209213397893584, -0.6250739072195045, 0.10302104035534808, -0.8366977064952769, -0.31985698845794214, 0.21481330678137392, -0.472314992740025, -0.8232091771603455]","['v49', 'v46', 'v14', 'v74', 'v51', 'v106', 'v28', 'v21', 'v118', 'v70']","[np.float64(56.47840752782146), np.float64(11.303321774108026), np.float64(15.092823696305224), np.float64(10.016291386615503), np.float64(12.406879079825023), np.float64(4.858647761921743), np.float64(23.240853438504153), np.float64(21.288802405584814), np.float64(43.677385704951746), np.float64(78.49267701704292)]",3.629979393910625,3.7795536445346736,3.78152927256496,1.3326023460741259,1.0416515712536607,0.8385988313063044,0.7577493383431341,4.120021399252487,4.577613043040365,4.335668164548128,1.6673690381697344,1.3280165721464159,1.0927174619405238,1.0583202161792333,0.865366124500909,0.9331101167638646,0.9593404662825806,0.11561992699688022,0.07299625699424994,0.0074860209409714825,0.004580249670433911,3.5912621869833234,3.5912621869833234,3.635760834617723,1.2112162631750123,1.003428543856003,0.7421521347585628,0.686941546948828,1.1274112557494769,1.2594168054747765,1.2167672281051707,0.48789687711327206,0.4511683694882977,0.2682817850839539,0.25502876726486856,0.9541561494261398,1.0721400069123643,0.9869681388087912,0.2248561672531427,0.1828999810284144,0.13678240890538093,0.14239743206978203,False
m565_b,f682_b,"['39', '40', '41', '42', '43', '44', '45']","['66', '67', '68', '69', '70', '71']",m565,f682,False,2,forward_no_out_standard_k10_lda_nc2_sex_on,forward,lda,,standard,10,2,13,6,7,True,0.004974390845745802,0.9950256943702698,0.9699882864952087,0.03001171350479126,0.5381627678871155,0.4618373215198517,-1.4066346962207361,1.5857494302886654,-2.0998932161072283,-1.2559363730333746,0.05891286658842133,-0.009355978408977337,"[-0.6486601484217216, -1.0927395059535714, -0.04189809068781642, -3.0258510254692825, -3.3817070975508057, -0.7589652268144095, -0.8966217786475464]","[2.307089168255899, 2.355366516018876, 0.9184358998215016, 1.521122685199777, 1.0039030147976766, 1.1828081098503664, 1.8115206180765626]","[-2.469884989428073, -2.6496934222889696, -1.5895333701695435, -0.6279537639770605, -3.1489274205872535, -2.113366330192469]","[-0.4082509746157721, -1.4113598836218675, -1.7043885580734692, -1.0719983299854836, -1.765683443162717, -1.1739370487409369]","[1.1156757570677076, 2.5034282047431593, 1.1841397486000327, 0.6315411432184117, 0.35126811258963964, 0.45283265922005916, 0.00205547576041437, 0.5911265071607329, 0.9399337587237063, 0.16104887287083086, 0.8343453376665891, 0.8454291819200561, -1.2989559857142445, 0.5177832184870526, -1.292734005297904, -1.0665159280575487, 0.5047124215449775, 0.14886544474125957, 0.23733162798216023, 0.43293559729356873, -1.7860296703283258, -0.470490747859395, 0.13077506376724182, 0.03305645915338926, -0.10337371889171991, 0.42262864006180023, -0.2456832556076323, -0.5750435179187925, -1.1025829301784635, 0.4611032139217994, 0.39028287553467905, 1.3122037892419618, -1.1888866332919772, 2.063014243329437, -0.7878834595002967, 1.2533964329930571, 1.0722431126630805, -0.2962255003009455, 0.9491796172265011, 0.43523727197533724, 1.764488775027727, 0.6437861316869268, 0.8761815830809871, 0.9103819368572241, 1.226757801355205, -0.9431852490541595, -0.842410578626344, 1.1546852525295277, 0.9221373418241744, 0.28734603121395436, 0.9593316869904517, 0.2614178125895611, 0.7117389017120481, 1.1264000991570287, 0.01946892217789601, 1.2890271567550087, 0.4349164137225227, 0.067686251911843, -0.44431487494149996, 0.35328198911034553, -0.10348365671024695, -2.2016992264189494, 0.0800437557292969, -0.24642178846716384, -0.7050250603457255, -1.0105511056418817, -1.4442568314989463, 0.6233378184544115, -0.591453030789725, 0.17034547359763202, -0.21509124313417124, -1.85561745329064, 0.5011332324620511, -1.3297474629926527, -1.1861896502647753, 0.37066079229082527, -1.0519491135960102, -0.22795434535263567, 0.02963995970504524, -0.9181084916623384, 0.6622289800396631, 0.9621618989052001, 0.21096897195463368, -0.21470964290266653, 0.8880114476762414, 1.6314745342089179, -1.4436266055305382, 0.6591144289449917, 0.12262782604173639, 0.2950879869066992, 0.10643966170666236, 0.5089151336371747, -1.13604409875613, 0.6425217808711983, -1.019631918216701, 0.21830260757914285, -0.18788130730951436, 0.5074719638384253, 0.262358985862363, 0.5593282274019266, 1.115512642486403, 0.10165467694607644, -0.39396831314660163, 0.8983995347758268, -0.11257538530791494, -0.18152088846242337, 1.3299916963927922, -1.0555584863240322, 0.32275285537550114, -0.652068885995895, 0.0934576153622827, 0.9498497385723513, -0.09082607572602319, -0.5989866873022663, -0.6420826185877619, -0.647630039358786, 2.658414732408589, -1.5904129586263336, -1.1627478004378209, -0.3346249707846825, -0.5627583841633551, 0.06138256166907649, -2.5711702601635547, -1.0887814799676343, -1.6653474676315216, 0.14343893442839045, 0.12847500326146746, -0.23703475802691137, -1.9930057526003453, -0.9283820697479461, -0.21440981997978348, -0.6404059875678576, 2.4339580995608205, -0.4003317441074347, -0.6264482331739211, -0.8304660663274551, -0.643190647770816, 1.945950214725459, 0.3163354045164035, -0.1379247800677855, 0.005258159358154982, 0.8378307899178956, 0.6606353741492168, 1.2123630855210077, 0.5202328471107881, -1.2106416311435602, 0.4406206305684874, 0.3661686486947352, 1.4441610057534646, 0.12749630302043086, -0.516533830832244, 0.8947881872389387, 0.21447917513727482, 0.040279484959704175, 0.7510294779164068, 0.02115311759502009, 0.22450701988894867, 1.6262367041085235, -1.8914106563353892, -2.1398058198371763, -1.3099171136563383, -0.6625647278611967, 0.37938407675273506, -1.7142497641240033, -0.01211291899973752, -0.3347204317514911, -0.6391418582597318, -0.8445695790876024, -1.989032363319522, -0.00451567966519559, -1.837083676435429, -0.06156018916136715, -1.6337897876998444, -0.5430713172403222, -1.197937889649509, 0.12274504014438767, -1.9854156259527733, -1.4298844918261462, -0.21932727145517178, 0.009352338110108351, 1.554978258016363, -0.02291951621138097, -1.0120664417105212, 0.9591108263993622, 0.31671511405606334, 0.6910086677097605, -0.40952848714768675, 1.0377153947537578, -0.6454185210927209, -0.8216254255075081, -0.03560679245854495, -0.7830057337649057, -0.012102155980255117, 0.18020798526090387, 0.264028467700459, 1.0864656639020713, 1.2224783891176771, 0.8224739282474872, 1.5867597700285352, 1.0540898440916302, 0.058406106099198406, 0.7654656297570971, 1.1483433871203956, 0.20911995435244127, 0.8656369940832191, 1.111884907683287, 1.9094021848065195, 0.7088375377389353, 0.6774237208780148, 0.6227162748330317, 0.5587338521635616, 0.850631037959835, -1.0316099269918806, -0.9877707465924148, -0.24581217464160487, -1.4669654745429936, 0.4186822309692632, -1.2659542161304616, -0.42188698770641464, -0.3370502721179086, 0.203579495863391, -0.8937866428038509, 0.019699134063982902, -1.5374112838523633, -0.24798154158634492, -0.6875713915152076, 0.722969636883693, -0.1430882871369444, -0.9183818997092962, 1.093741641784112, -0.8331988839139536, 0.21977885928466953, 0.028440559906183722, 0.6209179684955155, -0.22498808646620255, 0.4224072075645225, 1.7371230302664256, 1.7243315815981406, 0.45471557971699084, 1.6727783588795064, 0.8594616773588566, -1.0582684424519626, 2.1112648229901083, -0.5558993209132773, 1.056669039779852, 0.5306664050069108, 0.425611651000926, -0.08038627552080954, 1.6867651325267408, 0.8424969715411516, 1.3033031937253188, 1.9038586255682621, 0.8381319352208351, 0.6925739007736547, 1.7874865518949181, 1.3711182633395198, 0.8209168743216337, 1.6449074594131556, -0.8084158119194256, 0.0634850626533463, 0.14773485352660573, 0.6006506589583683, 0.9590285941906413, 1.1310613500525413, -0.3730137108909383, 1.7338870735221181, 0.093215144450031, 0.19640275983158817, 0.10458339391789277, 0.4210929446690237, 0.47288604241273874, -2.1036588102065683, -0.9302065203243877, -1.2965837201562653, -1.9083906816197984, -0.3595702840163671, -0.025838509169208684, 0.008947432060167045, -0.5676756124203646, 1.3559338300625101, 1.7929354386912846, 2.201551419825656, 3.908025024874052, 2.5092503187165303, 1.1807423039743243, -0.2703900303079731, 1.4884604901329006, 2.9062332706982867, -0.3545068801102329, 0.6964922267284017, 0.15917199749535282, 0.15907040901897415, -0.04835845109715113, -0.8816879369562777, 0.8907668068704137, 0.07727407765182014, -0.2504997203900321, 0.23154981649218562, -0.8790988381806814, 1.919390575252137, -1.1996674154750933, -0.4779941255877723, -0.37151188554298065, -0.5112843171976331, 0.4624727876035391, 1.2054865523467237, -2.373814292248604, 0.1854839702666503, -1.187575855120137, -0.13213637473666606, 0.8814144083541688, -0.19622389724313039, -1.7186946625413644, -0.2630724345502049, 0.017829230232315703, -0.4276202382862188, -1.0170687523408102, -0.2986783766639803, 0.2774789892590357, 0.4806466450666634, -0.0801808319780777, 0.7034212089514886, -0.7977805903936676, 0.795132495793217, 0.16810969965799646, 0.314716755356797, -0.42873608201310154, -0.31317207623036186, 0.20608435621157278, -1.3929760645325042, -1.3614376497905423, -0.39131333198912893, 0.40159268346731936, 0.2938088944678541, 1.4153716267222742, -0.9419728012926386, -0.16601610592688185, 0.15796092308590048, 0.5009036308105104, -0.5789417427959614, 0.15025765078530615, 0.43013132505884855, 1.5529793293067151, -1.1822037606421092, -1.638782197107375, -0.23921235222286868, -0.9640698157239158, 1.0636175677788964, -0.36487319946734126, 0.41113936416555125, -1.890701561398097, -1.2524990235979927, -0.6884148731880055, 2.6026467559286037, 0.30631489652862187, -1.3544273770574635, -0.639233486067525, -0.9159283766508419, -0.8477462646710897, -0.5257698899779812, -1.4460315121232121, -0.1654845432099449, -0.04430707447740515, -0.8864047766832923, -0.3685438243083961, -0.04142122660749067, -1.11541014553175, -1.3645396103345706, -0.556615447420038, -0.9983028233974537, 1.327119095749212, 0.006787584948442089, -0.6109708697714865, 0.2489130302154496, 0.3213199440667564, 0.298076330368957, -0.36604868062752016, 1.300232818410283, -0.5077872288533176, -0.4126202099639545, 1.1425238704863943]","[0.8123993317977151, 0.06286610093452534, 0.682526415196736, -0.9734439869598778, -0.8233164220236668, -0.46942667478770184, -0.4436863045896043, -0.08808053346249181, -0.668005459032526, 0.6692723988336688, -0.3691848908523956, -1.660721424255699, 0.5964328113063279, 0.07513278249261024, -0.865830357066966, -0.45627875141194574, -0.18604472701287125, 0.960271788778945, 0.15184347727501316, 0.012211118525615853, -1.0728099425303095, -0.21854686398411252, -0.5592163069533315, 0.4120557073258272, -0.2892266809831451, -0.21244084663423152, -0.6987346023301197, -0.05936685246082367, 2.1095213174536145, -0.03230967300375436, 0.7041422566225404, -0.6981578619523747, -0.2731807994671852, -0.05050151984919543, -0.9359378387738695, -0.6602146370277944, -1.0292514026236383, -0.45754616713756097, -1.2215906503592862, 0.6212182546619959, 0.272032205713393, -0.6054581708938844, -0.6041143262783328, -1.215350120173928, -1.1885560276409177, -0.26658695687778167, -0.730600712908132, 0.15354150604781827, -0.17043337792773078, -0.6258518794960086, 0.12879002752256, -1.036878484588788, -0.7655117482454012, -0.8519190758234005, -0.5342342541549652, -0.9987701264904615, 0.4450164313220255, 0.3033070032771101, -0.5966602696312867, -0.1571788976417314, 0.02004246605937463, -0.9109913723521079, -0.9426561408268279, -0.9258321433903076, -0.9291949554740033, -0.5549595661185743, -0.15147804222886252, -0.7472075019441894, -1.023702927681422, -0.7909022863388482, -0.7508206747776834, 0.609546911311659, -0.6592761363232869, -1.0931250187897137, 0.3275387378313857, 0.2922522712545971, 0.8976667538384444, 1.1375941718925189, 1.047311452331978, 1.4863344418225295, -0.39327274118538075, 0.29812194759737237, -0.17955130273650605, -0.2747857305608746, 1.301923723047564, 0.02297703850716455, 2.197076647517949, 1.3288154798374505, 1.6144145907670666, 1.4583375584447584, 1.0979963569467184, 1.298115512084605, 0.6160700737372896, 1.0328146423529752, 0.9507418551556598, -0.7572915620796811, 0.6464645332682168, 0.16528869653385334, -0.3725425990582551, 0.29160776784061304, -0.9638064406993543, -0.18390485114272773, -0.6330936108621996, 0.06264803841716614, -0.7132278278637173, 0.031752098782912595, -1.2149325548818015, -1.0633769804330395, -1.0544069521442565, -0.6613403135241694, -0.5246537664699576, 0.8757828197530351, 0.3941924838174815, -0.4230605561510746, -0.5556350089382817, -0.6459086561772788, 0.3288472763449598, 0.012260859246793166, 0.6320854866724684, 0.7845106755805213, 2.157608967152696, 0.39764036183783863, 0.7747596685048512, 0.3283900105603436, 1.2007851099623603, 1.083422111092356, 0.32041864505097273, -0.33701081151240875, -0.16485511818272738, 1.4146465119329799, 1.8359175639008187, 1.0183288751267547, 0.9490478606233245, 0.8504945634534256, 0.6021825266003147, 0.3831273500029244, 0.21463328456758124, 0.3694115925703841, -0.6898054673849268, 0.9751355935093984, 0.4642244757780935, 0.6155148037253474, 1.1546377387021545, 0.7103026209173681, -0.21108740599677348, 1.2588439750468137, 0.44961182345324247, -1.5621030256437043, -1.3644011884763476, -0.457998581527137, -0.8106214925145073, 0.6267384705898382, -0.597866134634706, -0.8148997828529901, -1.0729961534736283, -0.39940192492100374, -0.32592180343050087, 0.26733376592088554, -1.0531725490583663, -1.5739661722721243, -1.670361005669631, -0.8917274997706938, -2.0931502105918027, -0.42032858916280147, -1.735029580953342, -2.2403137012247885, -0.7558634552504713, 0.401523880592083, -1.304553258569124, -1.3552778948391764, -0.30093664507511786, -1.0044753096225219, -0.9709405101217088, -1.6027575853048797, -0.7576659298530374, -2.5072441071588276, -0.7023631556319855, -1.153919793917352, -0.3986282640415052, -1.000679874122737, -0.48608348821166614, -0.7086032871325056, -1.015787660702278, -0.6849794818810566, -1.4414741805918416, -0.32150976616265836, -1.194029658314282, -1.2316397009769093, -1.0115093827980328, -0.007114902534136413, -0.36538517281844085, -0.6503757518366429, -1.0945762499044047, 2.3301005824415912, 1.2066113558311808, 1.1907193694506784, 0.3854156213609094, 1.0156452923959982, 1.223301156661885, 1.0729820315613843, 1.9158040833338736, 0.9083355898517886, 0.9250852135427436, 1.95522506064545, 1.2341852204553523, 1.798200338953043, 1.698960913768295, 1.4904431783835668, 0.591218350382901, 2.0378586464908617, 1.4704841708594065, -0.35152530249712743, -0.20384021988772982, 1.249313704963807, 1.0470846435258658, 0.7758776648591741, 0.5373782777067804, 0.8466954560374258, 1.0982528541736425, 1.3451070622633239, 1.0932765685393915, 0.8925771857135832, 2.238545469139385, 0.7228760718443624, 1.3354340066735906, 0.7949198352556021, 0.8147214835774537, 1.4901094331096203, -1.307831716876542, -1.4017877409280635, -0.7701369708708847, -1.4167535194202279, -0.46324784420823195, -1.1027424664718755, -0.9130898416283185, -1.7971369926096723, 0.35295649192304357, 0.14881509713269858, 0.6117115254218471, -0.4171428054683332, -0.8641415561888421, -1.2919837983526616, -0.41403178833041454, 0.5329637143498278, 0.07689359554660405, -0.9524143583701865, -0.6155174048466691, -2.402777670646339, -1.880537606713998, -0.5492677145193015, -2.3529237733655544, -0.940183882551252, -0.6747062043251122, -1.4131076932563036, -1.5214118948822024, -1.1576800121681836, -0.10919017170147523, -1.801109573178842, -1.4066365745022238, -0.8377015609500232, -2.998693719215963, -1.7560401459785442, -1.364846208995832, -1.3480834645361641, -1.1961641126433675, -1.8463336136575619, -1.7271567223747892, -0.3825217160824094, -0.6372883449540044, -1.0215231719318523, -0.8706737594308225, -1.1650959701111614, -0.09754270948089672, 0.17278356748776325, -0.12115553309587335, 1.2308469775086728, -0.3540304063797852, -1.1311732305533948, -0.42529269966917604, 1.542124234295821, -0.10299756514980418, 0.42555059939213663, 0.689132803031912, -0.12385564659023064, 1.1225588054764357, 0.47627326285880206, 0.6443355086345908, 0.9044821581698855, 0.9212631023461194, 0.3157603209917011, 1.6990464714729765, 0.38664048629900605, -0.05074471190373896, 0.3280125662652048, 1.155627495564722, 0.9518258279510862, 0.11292199141549046, 1.1069490236708674, 1.1375859389755405, -0.6653330426048487, 0.10306151363065474, 1.7210782930212654, 0.658545761934343, 1.5655675025340305, 1.1674009866097583, 0.8558735541004946, 2.126238476077152, 0.6886665973103414, 1.9826754287417738, 2.0649740617435794, 1.4410236342385025, -0.17111914912524, -0.3943763642404754, 0.6574295624153704, -1.1364518917109059, 0.03862339848887032, -0.10561863869550309, -0.8095646471843809, 0.5470570919143241, 0.017488248481811547, 0.45621052926151534, -0.510281822378228, -0.06574772466903235, 0.8290478903975733, 1.124215625290423, 1.3305101527780685, 2.4135808040071773, 1.087341199110706, 0.4244741343755318, -0.64881575303753, 1.5364935738537948, -0.20747113880954648, 1.6507840007792254, 0.5449528168739931, 0.9843891020231279, 0.9351303542097195, 0.1472200842400475, 1.80175093636627, 0.6856631089033098, 1.7503835387129927, 0.6264129682013584, 1.7434465989760954, 0.6773005515955117, 0.29937824967585125, 0.5198583589798318, -0.08535500566897643, 1.1940294799482984, -0.849423179069314, -0.06202428628059043, 0.7412850608437068, -0.9185163465416185, 0.8765331085378397, -0.15348762958463635, 0.6380246502511581, 0.28074820073446183, 1.5763282532655458, 2.129521482905629, -0.9423366363047693, -0.5423129264926478, 1.0310280001562095, -1.60300398847192, -0.9420972231484062, -1.5649261828459644, -0.9955361953322824, -1.1174683176950797, -1.1260221639323185, -0.061184418315190156, -0.4202590525334569, -0.018916010036960484, -1.183567025282826, 0.804040046279542, -0.6095591078052882, -0.8261690649805898, -0.2771846952748678, 0.8090730595092105, -0.825138958666711, -0.11324217447660466, -1.1792939774446323, -0.2850414548139547, -0.04479794639915764, 0.05721202548492605]","['area2', 'area5', 'v9', 'v88', 'v30', 'area4', 'v68', 'v77', 'v109', 'v62']","[np.float64(45.83094754584654), np.float64(16.964536072120065), np.float64(9.961837858557642), np.float64(31.853666605366282), np.float64(15.42143566143443), np.float64(13.051826148684558), np.float64(74.06169294562396), np.float64(10.568496813358196), np.float64(28.4329077621989), np.float64(29.442827424530154)]",2.9250274494775663,3.261395422084339,3.258559537169801,1.7551594190809912,1.7801790010566638,1.3338780882123642,1.1927072428935828,3.5349443232085322,4.213748044345711,4.186330977869559,2.1574723540531444,2.4196271796985216,1.6709081973682975,1.5939698342804687,0.8144861306428504,0.9985570021055998,1.0494173674048046,0.1836992078264057,0.13462861176992857,0.08923040310617038,0.05422612541343319,2.84168580332204,2.903588713472376,2.82655270301122,1.6439058239009319,1.4369306161973745,1.2316753027050766,1.060160052119426,1.1977051194856287,1.4401802274839923,1.4181994548629673,0.7558700229828286,0.7240616404522543,0.5665082049807817,0.5863983384726118,0.921436428939875,1.1682495138957774,1.2377595586073955,0.3679582147215792,0.40149513534739123,0.26583278455379616,0.1984058156019158,False
m565_b,f682_c,"['39', '40', '41', '42', '43', '44', '45']","['72', '73', '74', '75', '76', '77']",m565,f682,False,2,forward_no_out_standard_k10_lda_nc2_sex_on,forward,lda,,standard,10,2,14,6,7,True,0.004974390845745802,0.9950256943702698,0.9823946952819824,0.01760532148182392,0.5381627678871155,0.4618373215198517,-1.6889617497126768,-1.319096568590285,1.9987616537740236,-1.29978254462415,-0.000445768174948578,0.04470438647736763,"[-3.154710902395009, -2.183302662626644, -0.47732383440732595, -1.79147932973565, -0.8779622033347904, -2.0653168293569815, -1.272636486132337]","[-1.7449496698746032, -1.5697438672900321, 2.5202625749822354, -1.9730829972336879, -0.7023164856434765, -2.1004221233634017, -3.6634234117090285]","[2.131484305989783, 2.8054096424764703, 1.295110981748386, 2.2253089630783744, 1.3077159139230337, 2.2275401154280967]","[0.23020248162773863, -0.9653870240686506, -0.06618863804574457, -2.2944992700317575, -2.372720476039055, -2.3301023411874318]","[-0.9081320626283501, -0.3245333427920775, -1.2663520106503627, 1.5166782141013928, 0.7416171781907593, 0.6837876017359531, 0.46818712246673966, 1.4191594959727731, 1.2133965977784995, -0.6551090579685711, 1.8037768162463332, 0.08712540523636486, 0.8026731498557346, -1.8973577406950433, 0.2912431945659685, 0.6108134453303596, 0.9723389849109423, -1.6141387706226367, -0.32861243463087, -0.34189402226412974, 0.6648166029224408, 0.4261079596274229, 1.0022829865151281, 1.0039299520831482, 0.850011669708906, -0.6890074599470829, 1.4806338238826215, -0.1074250807200636, -2.233466584000482, 0.3395258113503029, -0.7158899996168654, 0.1879711596761858, -0.31548811792072623, -1.1508836461052514, -0.040719198777402474, 0.15078444530017152, -0.6424522914683413, 0.1774098630371905, 1.644905467449878, -1.3980233128939972, 0.27690313888408175, 0.13729735136188, -0.6131323508109657, 0.6122380646812298, 1.5258267694629424, -0.3408729901781642, -0.2115320929572257, 0.9527933824302188, 0.03235769557998107, -0.9758592215216058, -1.0902909707484845, 0.7882746936638743, 0.7964485169845772, 0.8613596634738667, 0.6383047563130481, -0.09590918944793869, -0.6204332950685538, -0.22079387732670674, 1.448479059483032, -0.5062819874850499, 1.429637792885543, 1.3747341532710728, 1.8542529270956394, 0.9835584469300643, 1.1413219401893824, 0.9880749275170935, 1.5362485957569565, 0.7497861694677378, 0.6762845384145976, 0.7446774409217475, 0.03726370360961684, 0.7183029691806628, -0.24133684159587218, 0.3032306695089171, -0.78935364229877, -0.14145340546479807, 0.4393157273181144, -2.371048679624109, -1.2788137568666984, -0.43889772287779066, -0.5520689503864264, -1.0713323422905394, -1.1004191158985626, -0.7203239704462621, 0.05820153047237129, -1.1075930135504293, -1.7267317255743047, -0.5307439612409691, -0.1667033274935789, -1.4766127380952374, -0.9091569781259171, -0.09889946407980241, -0.7611049949412838, -1.2435632377371832, -0.5256750733759511, 0.13791739188653296, -0.6390551298595705, 0.19368597057948564, -0.04082342561800607, -0.21944396170640798, 0.1333202503343797, 0.18758330252712424, 0.7077013789884384, 0.3942530282236952, 0.5015422847089095, -1.0999291360190213, 0.8327778165133112, 0.9252831206350576, 1.3888637887395323, -0.5699087624595268, 1.0410436400981844, -0.18458460873775626, 0.03506317314208289, 0.10963421225784963, 0.9292808775252632, 0.0700388213368975, 0.30913076167934944, 0.46942063988943916, 0.32304844291013296, -0.7869915177339382, -0.9329420228960675, -0.41465151523214633, -0.2910322445807611, 0.7379903929943927, -0.25555539494513424, -2.5175550146861965, -0.33157277346115177, 1.2438354195142685, -0.6991147260705086, -0.9235278917697459, -1.1668513179982878, -1.286728458615565, -0.1308955567129077, 0.08078406764380436, 0.3931469559206561, -0.16888041808157805, 0.7821625295185829, -1.303935296998525, -0.3130996512986624, -1.5623716613321286, -0.02059594325968414, 0.3038026352166591, 0.43831627335134804, -0.1625677635003343, -0.14218850637281985, -1.2360240596750847, -1.2810729263996268, 0.6045128770814525, 0.8251976680545116, -0.1792962339035656, 0.9517898320216955, 0.691186275755005, -0.8437916123471675, -0.04968181888879799, 0.809617027394369, -0.4060779340719101, 0.9365791543617964, 0.7859571122958193, 0.9826216871022676, 0.6713852172366805, 1.0780433417637587, 0.2591059770904601, 0.687334224492627, 0.04304537331961663, 1.3272324346038444, 1.9032987597329212, 1.8152823019073756, 0.672179791612586, 0.6720770549115682, 0.10688067339846827, 0.5530703289948347, 0.3990731579099046, 1.0587542528660276, 0.5425771338616525, 0.6910371020686062, 0.030172968985454733, 0.612854466581288, 0.5550376555523432, 0.9735695592492783, -0.1253554692302366, -0.8094083524621558, 0.8556859396408169, 0.9718928830562313, 1.0506502004459692, 0.6268708472468241, -0.004306360252544059, 0.6919111938011839, 1.188749925079699, 2.317620787038862, 0.21067852624941869, 0.45436841294530106, -0.5621645672263638, 0.5586133948921921, -1.6311605722078377, -0.9558002074079713, -1.7786830508459717, -0.47358604333856, -1.4369247972632795, -0.9194855683880745, -1.0828066218430465, -2.733967319543879, -1.1592765664204874, -1.0173409090442609, -1.3883994924406031, -1.0396298044201013, -1.3262306261993988, -0.25988068067160475, -0.7933404280967532, -1.7122805762846909, -1.272360046561185, -0.4418598609492754, 0.46735235124943575, -0.40824658683760656, -1.092937679995818, 0.699902246631305, -1.38163045420662, 0.006492037288611471, -0.4589529529511399, 0.2615741304248041, -1.3286452374654794, -0.6595162731091566, -0.10053877045442983, -1.6635114189726543, -1.27998196291976, -0.3490529697095972, -0.0788121981954, -0.7165145186775201, 0.09897131150085434, -0.2566437986200414, 0.42187679264805633, 1.2472513455620273, -0.6155276332370716, 0.2972450337127338, 1.2754190190128298, 0.8146402665314678, 0.898164117509232, -1.5210454584717923, 1.1423899228052112, -0.7157928477541399, -0.14959658605293902, -1.0334142686635466, -0.9718858837008457, -0.5803776935365452, -0.8534605085045639, 0.8493530864190919, 0.42914719346382835, 0.31738038737362906, 0.887724496735229, 0.69905802556977, -0.17067928513358477, 0.8644326293512387, 0.8178498788291728, -0.026990011212653955, 1.3075510453115449, 0.5737847598880016, -0.05678983828283445, 1.222063366154161, 1.414492596548515, -0.11387795510850988, 0.5024000700520637, 1.7026244111350457, 1.6487180618091124, 0.6395253378814495, 0.03968921944884208, 1.9206608746492293, 0.8217782931714772, 0.9707669257570333, 0.9398097740024597, 0.14246486351649132, 0.8357146702133572, 0.7178705052414632, -0.5159382341116909, 0.23591149260424843, -0.035624728833135, 0.11255660372248971, -1.1905270545289883, 1.6221858958409006, 1.2930254726021893, 0.5796220353964329, -2.1146671043646466, -0.047298719035557435, 0.7740978864931388, -0.4052228372781284, 0.30028514852608307, -0.8222599241607406, -0.9684624216736814, -0.31441745938712934, -0.35673664823469114, -1.171750803997713, -0.2216166761889417, -2.2811274626789237, -2.6036391242813153, -1.389627800759972, -1.4672358692193237, -1.5882992632209734, -1.484830008628273, -2.172282170579274, -2.6393672363902922, -0.9013827737545821, 0.6521455039871327, 0.683147809887833, -1.3877844644099044, -0.24464728476893885, -0.41512983006516385, -0.3265137951452059, -0.4521988100443958, -0.9091328950308084, 0.2169672646579925, -1.038556885244723, -0.8412371272719933, 0.6149038546824638, -0.4238456280148051, 1.9295351465453288, -0.20344357931182325, 1.6228761125945994, 0.2974786474898069, 0.762894715069617, 0.203796870092784, 1.5481967232512652, 0.22012100833173842, 0.10251749583805471, 1.1140077702044078, 0.5823906794579651, -1.2170965923636785, -1.1762709506172129, -0.9301512042761828, -2.1448499451723957, -1.870403629884654, -0.8790149404926139, -0.3194753942756236, -1.533454815314262, 0.8384216512494828, -1.4124874967927439, -0.057082248104108654, -0.8842981466639614, -0.26570163223138576, 1.6111802119387477, -2.512475713624576, -0.7707481908345175, -0.7200047023350173, -1.350036817711532, -1.2886470338526153, -0.8289115810855101, 0.03528062763667408, 0.9653117134317019, -0.6363648404903048, -0.14288243336570544, 1.1122948589418733, -0.0008607335213925456, -1.1741831873715969, 0.46259448574111967, 1.7372931663900568, 0.19694439711217898, -0.23101963180935997, -0.45806070994096965, -1.9113174741899237, -0.8541384087152063, 1.7787276290962373, 0.39383316972837884, -1.3619105463582297, 2.5713211774122, 1.8789979332109386, 1.828901506842356, 0.14537370624688192, 1.9046631730000176, 1.0636669937398382, 0.46722455829085446, 1.9624372016243985, 0.7386881692033399, 1.5796426758727695, -1.7010830926267435, 0.5669552899786559, -0.05391833218562516, 0.07883873121474717, 0.6203534137526431, 0.8043258700528584, 1.6832308896275616, 1.615375628372918, 0.0030407530323812585, 0.5167478702853058, 0.6706945142406103]","[0.9230347225597357, 0.491499406496898, 0.6437415596703756, 0.11275348424157058, -0.14376066143545937, 1.196619098795667, -0.17821483370213795, 0.15276978694244656, 0.7757338977236953, 0.5486412961126602, -0.21621092781405882, 0.6779131739810261, -0.19090124604201003, -0.8605021057559652, 0.5120598226384766, 0.4005179082009905, 1.0969796017115379, 0.06519029459645585, 1.322624965368802, -0.5509239525215451, -0.08705479379616676, -0.01474214378829191, 0.8271725852554472, 0.8393544274508103, 1.3090494118561307, 0.5654479208320768, 1.0023478138505895, -0.11630475107954359, -1.031494190721098, -0.01580719468267998, 0.6540743654727315, -0.0992024815013533, 0.9900393032284065, 1.1639677343505108, -0.41506132416845065, 0.7513422881566588, 1.105814675689999, 0.012134979770446306, 0.6500096376355354, 0.9841098519666512, 0.2785595475296374, 0.4405062537191786, 0.3947308060541786, 0.02743927798440103, 0.6313035522816326, 0.5174906125845953, 1.2187682834736124, 0.5933276026165284, 0.01465941951826684, -0.48633296814560767, 0.413836142581312, 1.697359007191208, 1.3109359304325796, -0.584428588762941, 0.13267771723745406, 0.5968397832462436, 0.08907388012729886, 0.46378777978189195, -0.5023247820010668, 0.3128273395877256, -1.5146802537623358, -1.1388650085156273, -0.7103915939703831, -0.7833204725904171, -0.6929444150401313, -1.3660928132978718, -1.1658754113298682, 0.17028320651790368, -1.7239992058604878, -1.828602775747638, 0.40798232863641964, -1.3527337034601195, -2.0543425041403522, -1.5267332623514291, 0.027660753610658884, 0.7636150078461083, 0.5848776506749026, -0.08300739319551982, 0.6758717611328502, -0.9063908985187198, 0.08774259919934926, 1.3642042141606303, 0.9442651034598947, 1.1600952296444642, 0.8446310642188768, 0.5808863042988528, 2.1145298904772205, -0.5412085037915965, 0.6838063835131427, 1.6607769833220758, -0.7083098862874151, -0.1306136002673874, -1.2172386441263598, 0.5494153560691251, -0.634739401384701, 0.6053710709899477, 1.7750035270216353, 0.7068142033987381, 1.9268970991551597, 1.4737377661473978, 0.22848280674498875, 0.4401620920611566, 0.0335801738780247, 0.4818803403431509, 0.6216059085243196, 0.3634536451087831, 0.8507920408994222, -0.12214912530536007, -0.26723001696467924, 1.1713459418235739, 1.6948541184485457, 0.697104166314096, 0.2709316658588044, 1.0506594138990284, 0.2404027682053863, 0.09576713176388234, 0.055473275371747205, -0.14597731840407047, 1.111813091447229, -1.21236861527752, 0.46211309666924294, -0.7773477817812835, -2.353456386391988, -0.07196464438094509, -1.6479881760325485, 1.0971330060490903, -1.4668274937734203, 1.130918998050506, -1.6502566615700103, 1.0372676391477262, -1.2398721893448699, 0.6772641101850488, 2.015526787544175, -2.1930089762763574, 2.1618067693455654, -0.3329363954742107, -0.6805951759099076, 1.225057290908761, 1.1564991500057578, -0.2737742478581844, 1.4235183671431004, 0.41918890833937794, 0.0276969597455965, 0.4333841139663702, -0.19778668491486226, 0.5832065624467853, 0.3266932624682579, 0.7379977704799117, 1.4676426470022155, 0.9996880352494726, 1.92721229957956, 2.2261416300446837, 1.3461444827865976, 1.2398391296317917, 2.220032337902598, -1.22469479173987, -0.5856875191363321, 0.255164201564124, -1.6435217757601335, -0.16647002824816187, -0.2722532355510639, 1.1339245318908515, 1.684136760984955, 0.46480271554746183, 0.7759694805836282, -1.5052556873090375, 0.5527267561606296, 1.5437247037147033, 0.19811314451767678, 1.345666390502558, 1.9747702782957133, 0.9161155409965511, -0.10195331524389763, -0.37983668484428773, 1.194982326562919, -0.9117630489260147, 0.5778071387874512, -0.4007888513371287, 0.35620320928819627, -1.0253059716503723, -0.8047517069214721, -1.2925776156807365, -1.5183462071929426, -0.2622166867894789, 0.6989943140016135, -0.9259473995117242, -0.4085555199505203, -1.5211477966510298, -0.5244269545611302, -0.07067773500100856, 0.03107671543445015, 0.9950847607846642, -1.7358377616237775, 0.4185385691975148, 0.055357589568213766, -0.18581644558316915, -1.2608028013940014, -0.21567131455207772, 0.49077945765828357, -1.1355491205794468, 0.9289186878545189, -0.024218772503057148, 0.7435418482839324, 2.3995668699792154, -0.18180225836305233, 0.6186632207362704, 0.717631536714726, 1.0101636575540316, -0.584365815647182, -0.09499820187408782, 1.5739145785349913, 0.035541498917177596, 0.636564977560351, -0.6488520624280271, 0.9321355715475649, 0.036048391632317635, 0.418356244337462, -2.175175865480933, -0.3178678051644218, -0.4740342942803022, 0.5837890987996075, 0.6446402990231274, 0.2296973929889706, -0.46103185698075205, 0.040291059282434954, 0.6253597392901245, 0.034819925634000326, 0.5812399783940774, -0.9096163581708628, -0.48447639176976315, 0.42882993335596814, -0.2500987179081001, 0.12665157767881863, -1.058378207830999, -0.90217577329854, -0.9529691115480833, 0.3310404162744048, 1.6059508357115089, 0.09262860918389343, 1.1215642833813027, 1.6593306417374596, 0.9896949355011984, -0.9503409394329705, 0.12749894734599349, 0.5387560643855941, -1.149643965054461, -0.035949301243566045, -0.3513050910704106, 0.8572380214665045, 0.3557431917335047, -0.48243609300240226, 1.3076674080964024, 1.231610723487333, 0.9925017073238902, -0.13264767134319194, 0.9484168338318555, -0.8953445300922401, 0.17142708331121995, -0.34548279541677485, -0.8672893338407909, 0.4133097639701169, 0.06357977525524651, 0.3286334646507981, 0.38740575599478666, -0.50845517385391, -1.882256757443202, 0.2642043134667245, 0.2259362907510707, 1.1750475664004458, 0.9270038586121578, 0.9704341057479972, -1.4262468760800042, -1.7516938045724009, -0.9447282725789286, -3.938047232339059, -1.0648933648150785, 0.43597971874084457, -2.149168641248703, 0.8696153880075143, -1.1666333038739534, 0.6554684832400794, 1.4100196626520638, 0.3533315714668443, 0.4180001907625117, 0.654881632835975, 0.19620537285301665, -0.9297175065194961, -1.7622910723864884, 0.032529345476906835, -1.0969931375789217, -1.7175640222847366, 0.07264491662542154, -0.76919614626116, -3.2143659788300867, -1.6224925799846106, 0.16082914462249562, -1.5901431788194316, -0.8151395551711039, 1.1149255317673983, -1.0545197377025126, -1.655209642165379, 1.1263166627544485, 0.10402880795533505, 1.7767941095991884, 0.01591108240158338, 0.02760049434907547, 0.40837846092585706, -0.7250045555149325, 0.9522481229345664, -0.6329346181859861, -0.48163821244304944, -0.7363694765009898, 0.42349467782913436, 0.04401990520566343, 0.6246179536151528, 0.29108808485309523, 0.538858268973537, -0.9426238399824947, 1.0504757711435457, -0.4923312554691738, -0.44719073937901593, 0.19558617155466035, 0.5865888585345411, 0.1520327648416923, 0.137059158348994, -0.7161241916885853, -1.4077183784772531, -0.26196537871747566, -0.06774239905098053, 1.084594561340629, -0.38153761053878943, 0.0629732077823996, -0.5933570518400162, -0.09370406636877213, 1.2982717393838517, -1.0993151196389572, -1.7954239716879747, -0.3541288318066833, 0.1474052954693041, -2.0051145701065747, -0.5152575456146843, 0.05545079840657478, -1.1748544740831892, -0.7296062384601194, -0.9567375099012547, 1.0694186101251022, -1.2686761594501814, -1.0929583897043107, 1.1642906237172075, 0.18555635994071512, -0.13213972389491477, 1.340276129877937, 0.8707410666474774, -2.2459901030252323, 0.0781001519310944, -0.06781263189696511, -1.0554705699809008, 0.22791933488924276, -0.9695698467106131, -0.5825613228386972, -0.9436527005958395, -0.9262598438245129, -1.4693781648899236, -0.7086883335482395, -0.5657264972552479, -0.992144890538223, -0.06330644422512544, -0.8661194522393257, -0.26287791626303036, -0.9929412541966196, -0.3640369568028861, 0.7546576656698926, 0.16105219167435234, 0.18343142463571066, 0.17944486737491724, 1.198889036004439, -0.5861373168415903, -0.4491209792225123, 0.33314637987018997, 1.3309349292234218, -0.0951998114937862]","['v23', 'v56', 'v86', 'v38', 'area7', 'v46', 'v67', 'v12', 'area8', 'v22']","[np.float64(58.63191770177999), np.float64(24.547827567067532), np.float64(10.105567898244066), np.float64(26.49982740427238), np.float64(11.68451398191335), np.float64(9.193614607899937), np.float64(8.871229999695457), np.float64(12.00363524169584), np.float64(64.40571055979483), np.float64(651.4757314903914)]",3.6877739806210057,4.259145964231924,4.359330144020433,2.4947380146129245,1.8342601729745256,1.7247092859130337,1.757714363036055,3.707037427452835,5.321247249459459,5.1117823254646195,3.1605838886884476,2.5854602637421165,2.1026839139310893,2.319136770167958,1.3251405703807426,1.307313200369725,1.2706390176571303,0.4850187651869995,0.08005160628903285,0.20647637930160676,0.11138242427187028,3.6877234034867,3.9234733616436066,3.9698759642697286,2.284998380900662,1.6903404144753407,1.606232587291983,1.4976937285534366,1.0073749200063034,1.5482715364495991,1.5340430254725796,0.8330241891094794,0.8081856718740748,0.8442307513918863,1.0215352557016457,1.2657711567521224,1.76649360453772,1.323188295713075,0.7211635700809793,0.40739459000938316,0.3453643569134883,0.38987200621605334,False
m565_b,f832_a,"['39', '40', '41', '42', '43', '44', '45']","['109', '110', '111', '112', '113', '114']",m565,f832,False,2,forward_no_out_standard_k10_lda_nc2_sex_on,forward,lda,,standard,10,2,15,6,7,True,0.004974390845745802,0.9950256943702698,0.9847309589385986,0.015269010327756405,0.5381627678871155,0.4618373215198517,-0.9853424833118923,2.1417706563172616,-2.4576626999673477,-1.0356268578721066,0.05680675481098996,-0.0230410326692603,"[-1.6900790205768395, -0.753809322572777, 0.49367794555422495, -1.061709088569105, -2.0371451189249434, 0.6703957764784317, -2.5187285545722395]","[2.200288356084697, 1.3427134683076145, 2.1057047404566127, 2.9251974849859637, 3.027866583166186, 1.1012499058772167, 2.289374055342539]","[-3.4686043152034203, -3.5012671999982303, -1.4705851269511236, -2.1716711552804036, -2.211509630734374, -1.9223387716365328]","[-0.7056445667315129, -0.6029196225473727, -1.883693289485433, -0.7416891576942546, -1.3617572733423515, -0.9180572374317156]","[0.9913419626242299, 2.0577699956353848, 1.5673506378233963, -0.6515598204718295, -0.816972022171971, 0.7506601610562061, 0.950334116111552, -1.48698060298858, 0.05522294861000074, -0.9633820822330185, -0.30593616707805515, 0.9391486939474469, 0.3100242118725207, 0.8374247671632719, -1.9227399675167607, -1.4343215513700576, 0.08574067767432465, 0.17097598264698494, -2.0734597452442136, -0.8546734129429856, -1.8092425384979536, -0.9795762503312954, -0.3418630563766125, -1.3106796177286832, -1.3411947125662071, -1.2655376558485774, -0.6351161127609724, -1.3821347784178273, -1.2636544032965251, -0.16720503801873735, -0.9043997519857382, 0.8238136752398058, 0.07805328320726129, 0.40822669049697774, 0.6048343028105848, 0.472442220011457, 0.37422973800476855, 0.48154083651142593, 1.1127955566212266, -0.582348709030529, 0.16057326348983733, 0.276525999747279, 2.0516308974128767, 0.3795453240783661, 1.2835033580296054, 1.1536221953372012, 0.6675765677316624, 0.6640581697120155, 0.8032205204139728, 0.6733800094815504, 1.02500894057453, 0.4105973643027707, 0.7585128942291838, 1.275900992209601, 0.602664314935133, 1.4421569547096544, -1.5181989290134594, -0.9399214209180244, -1.1359059481687408, 0.16746503656442743, -0.7755853174717379, 0.5500662538365171, 0.5623340715292758, 0.7380018419022912, 0.40063918399799453, -0.11574383596330813, -1.3217425630574515, 0.35474675550315915, 0.06466908803101411, -0.8591169560866644, 1.0439682879917185, -0.6310389485019724, 0.7566092786128111, -0.5816767500680932, -0.41726922365379077, 0.945641903230329, -0.38771583435344636, 0.8844268352039362, 1.2479798129105086, 0.7549893746430777, 1.4795627711493884, 1.4161433606506424, -0.5486330342906641, 1.3506350882884333, -0.3160749206573478, 1.1588970232663207, 0.19724495919379686, 1.059772101310368, 1.6626177310457864, 1.2918692288161466, 0.5646287502903546, 1.2986579113836236, 0.21816879774859116, 1.0532974565334456, -0.3723244300819087, -0.42018580616053547, -0.7448034426208816, 0.41563698853671366, 0.6449453165699677, 0.9876061020324434, -0.06515683589067119, -0.7979214398541865, 0.8343259010002553, 0.589198248376132, 1.1506144666843812, 0.43343271680634987, 1.4323551522627422, -0.5118748103088969, -0.2773981615916223, 0.22760062704873477, 1.261340481064073, -0.5379225032099403, 0.011897738688197141, -0.08160621879434439, 0.14137456964267128, -1.0580725181950283, 0.3027867837914871, -0.2664638578964936, -0.8057504201843637, -1.6686419188504902, -0.4795090184242317, -0.4233570682616502, -2.000439223703446, -1.6572386737925198, -2.333339335553013, -1.6476128277823057, 1.0198065703179924, 0.8264834341690726, -1.6277946340189893, -1.717265023472015, -0.9233135893156877, -0.7980716107224888, 2.086968043324838, -1.0931071700017199, 1.981205053147236, 0.4601159037077521, -0.13654467180317253, 1.5033351389070377, -0.6249431737476645, 0.7344738533448529, 0.46299505936178886, 1.4206285371670373, 1.9596830512576024, 1.2122301469667625, -0.604660981441079, -0.7525496572190778, -0.41373886733114623, 0.2866284649613614, 0.8000542300968327, 0.1739518857889382, -0.7933631841218002, -0.300624493619691, 0.5419100553547114, 0.883335492811762, 0.09063021848785224, -0.5722104161642564, -0.880869858261478, -0.27878010817409116, 0.18526576755679255, 0.17071168430760206, -0.5009830142707192, -0.3005624171464004, -0.3560404720234032, -0.8815033641732709, 0.37396051058442975, -1.6928336561351869, -0.17782376586010062, 0.1313885588670502, 0.24506852805792637, 0.40665489164203344, -1.1740115007298801, 0.6422178457435428, -0.4234926000782068, 0.9592040108378446, -0.21684679503540857, -0.014225945233094353, -0.5777020173640507, 0.6728442197323422, -1.0017503651232882, 0.6971811064287009, -0.21686205976584283, -0.027136142367612127, -1.1301870328946289, 0.06286169280290287, 1.3478981778701702, 0.2400342520644612, -0.08976169154696421, 0.14811531316559723, -0.1198061456432211, 0.8088618438562536, -1.0382675254754856, 1.122902045969198, 0.20793767509818895, -0.31749594464945563, 1.010942503183921, 0.12270117301434766, 1.6228988714281207, 0.6347521622871926, 0.013558328152673793, -0.4730503168171439, 0.17129093423054176, 0.40809951848795617, 0.4066753416212765, 0.4331085995241814, 1.2946615339709364, 0.963009940925123, 0.5879558111301589, 0.584078948189117, 0.8046765521190824, -1.230961659706001, -0.6175501497294832, 0.42832124257110166, 0.5490370788248037, -0.2618684085761618, -0.20590543042748125, -0.5538060773705584, 0.06125197874013405, 0.9169089597515949, 1.1520405754526963, 0.6099434556008567, -0.5020597070818992, 0.709005799426559, -1.8056230238299205, 0.1657860793838997, 0.9672199302621104, 0.833625712794028, 0.28796784824611155, 1.188263890704998, -0.10025215149406853, 0.2160858798480103, -0.31263893283855093, 0.8682626690300744, 0.7002342738574469, 0.9589184044106517, 0.24968237339056215, -1.0778668895090788, 1.0963920243794716, 2.6091650779752817, 1.2909222064876515, 2.377649666200347, 0.7630846666445363, 1.5698111455802428, 2.2608654531417174, 0.6262468749066536, 1.252204782052806, 0.4280730739677529, 0.7115375261448998, 0.8653159878387295, 0.793336384691911, 0.029013093968359018, -0.05261690577972461, 0.8092622968201791, 0.6448594665463846, 0.4304802209971928, 1.506601919914986, 1.9397797029422938, 0.1531215113363554, 1.7485384497867724, 0.7844641573004802, 0.38504805585849083, -0.23218819216437403, 0.45792452971322883, 1.1389508609346346, 0.6947346146536432, -0.2886698875588288, 0.9786839823027231, 0.2504431652590913, 0.6316256283324913, -0.6898144021738407, 1.574583681397774, 0.2791263472148208, -1.1419974347262534, -1.7994052281745512, -0.8048757085360998, -1.996535091621465, -2.4904690415987396, -1.3159104784010947, 0.4537680377506638, -0.08344818526841952, -0.40893911737513944, 0.7657961709808191, 1.3695257856288, 2.205449442674986, 1.7648056844215056, 0.2399823949050184, 0.23387204293403194, 0.7986930935162075, 0.5060536402228406, -0.10414275508531612, 0.15609435306695868, -0.6621626747403655, 0.2723132565490604, 0.6909417026967102, -0.5016866921040316, 0.2556912429692593, -1.6640820330287045, -1.1567026297926066, -0.24289565049943937, 0.8816190080824723, 0.26250759871511786, -0.1732468533617079, 0.8209558927450675, -0.38853232073863975, -0.05805153830949566, 1.527128931609839, 2.1741281331088316, 1.1773914456435874, 0.850472864795304, 0.25823177194669933, -0.36525371144410484, 0.6525775377315077, 0.8553312800595574, -0.9698717412420499, -0.5056714088666799, -0.3729348850773359, -1.0992765349714657, 0.07997089116973642, -0.23166230383838204, 0.5928248999582673, 0.019630433182631333, -1.088927928139933, -0.8839154830621254, -0.6403688324323832, 1.2607414002093265, 0.05289150179029669, -0.9502858903117747, 0.18373685370854403, -0.5909929752847711, 0.05591134352010098, -0.7427434526639299, -0.3920351497687555, -0.7410904898576107, -1.221544180147974, -1.2142891821434878, 1.762565793520849, -0.09098532088386492, -0.7137755618013202, -0.3094457913370008, 1.4242781471606971, -0.3261256427789163, 0.059011557364088155, -0.44772294729968815, 0.9227854567973041, -0.30438812541901156, -1.114296425104086, 0.1629707641785112, -1.2102338905376155, 1.3990287245603348, -0.05022634391651326, -0.5572932944328804, 0.14656069937876298, 0.3007566126097944, -0.7634529765062508, -1.2075290902589069, -1.2265702605470918, 0.3896990609385258, 0.12549782989601965, -1.7393851432783645, -3.0551810720599475, 0.039955901650714165, -1.1946239355788888, -1.8567683092423335, -0.4845585300149942, -0.9923655630698287, -1.462005477643978, -1.256668621856339, -1.7178628833559408, -4.1957235476794, -1.7888848147807086, -2.962240113938837, 1.3052294378689326, 0.739386932402945, -0.2681702767694825, -0.7454657291937373, -1.3292821297639679, -0.02694460393631134, -1.24733037807137, 0.7562168336585431, -0.823457060812339, 0.39706236086479746, -1.0894499116594039]","[0.7520310362813397, 0.7083628843990949, 1.2167170463031698, -1.42253540406713, 0.6047206644799472, -0.7276293794319175, -1.1161373017198835, -1.474048252183749, -1.5056678366823253, 0.23128655881551213, -0.869621956472325, 0.08700429539854487, 2.2770863334727993, 2.971659261314412, 0.4005758255818072, 0.9934307569109082, -0.8256649021178838, 2.5760735745389485, 0.723127973305039, -1.3516202363372913, -0.1413982661146922, -0.8827749375320008, 0.1693430564741689, -0.6029371810736126, -0.9014594070835855, -0.28117668651947053, -0.5724064815459065, -0.06575126350989416, -0.35668710492209127, -0.9054170056757179, -1.556551843794645, -0.3833352042566967, 0.699660320974902, 0.05412595577735905, -0.2990203101127312, -0.16701944889007042, 0.09307233836867367, -0.6615876698728562, -1.3275346369969603, 0.24589097908970256, -0.1947866772138774, -0.5193223222558531, -0.20996944096688308, -0.35775206475366983, -0.5601610493048843, -0.24454197555394508, -0.8416813983350986, -0.15682750614409513, -0.7035771375074537, -0.6052879006307917, -0.49564569123329855, -0.2568064977301481, 0.9804595043758277, -0.23374621882036, -0.2543847538647646, -0.1519241338752822, 1.0513449776215777, -0.18573352680681554, -0.5437742756631814, -0.09560902475668652, -1.2849870441986133, -0.9337784799364387, -0.44335840945997446, -1.157356900222456, -0.8017438552330433, -1.9215626340619556, -1.1053312261904134, -0.7387901628329578, -0.6156850523208437, -1.0966950794369843, -0.6302384930573477, -0.6304249145187883, -1.0297321568880164, 2.3557567217683073, 2.3222614607812235, -0.1840989131318305, 0.838131935830918, 1.0081079150879984, 0.6484557348932524, -0.1459538526543147, -0.2572941534563703, 2.1269628766661763, 0.4803381579711135, 0.0905336110400965, 0.4310033860359173, -0.08274746835510123, 2.249675701095721, -0.29078328681814, -0.9563337778545922, 0.3999690922472868, 0.1856665745159739, -0.4231468190318953, 0.9721363254115478, -1.1952627577549835, 0.5902799686610647, 0.8843794478325606, 1.1662347929269352, 0.26755018743787545, -0.20229130152692115, -0.7703021724394572, -0.696711309077195, -0.4862757884108392, -0.4555282033315674, -0.006285305262305028, -0.28868913011666286, 0.05604725660700148, -1.1028880078252823, 0.29948800504249395, -0.062285521555954876, 0.032702670028732006, -0.5421250474317968, -0.15648576519924529, 0.1662466173593568, -0.15442687292802143, 0.4859894023922369, 0.3914558807388266, 0.8358998779061311, 0.4764494639248824, 0.5473495866430742, 1.0257462538841384, 0.08978172927332732, 0.35121018433234596, 0.19464858922373077, 0.7060402709381406, 1.9037916701902644, 0.5920009025482756, -1.0905878012457615, -1.078212006658996, 1.127397055753118, 0.3597164805211179, -0.2607886683169403, 0.6241861684536558, -0.03737177388247622, 1.2608089990944498, -0.04983633427298005, 0.905160490673145, 1.3298445742561156, 1.1682497902335631, -0.25925915468740185, 1.7434424074858252, 0.41585312161448823, -0.2839788986152352, -0.6171674949451385, 0.538652405525162, 0.09717117456735859, 2.404412448576886, 0.5346340031272204, -0.06755509823483534, -0.4128338156534486, -1.094984961900893, -0.2687190941609496, -0.45223586634721885, -1.453496048436022, -0.33915685797357886, -1.2841577617244824, -0.5747918064459563, -0.5327444170494459, -1.07943396734332, -0.3456168374057963, 0.3123379143742815, -1.56468893090506, -1.2344503682877526, -0.6154523083529352, -1.0728881015913925, -1.7037386879717749, -1.5865780307388746, -0.2496766329391683, -1.7619752153509274, -0.03108362771214287, -2.680595108599436, -0.33268582304926836, -1.4486288847676918, -0.21911389673978016, -0.6121819438456624, -1.0654021876097735, -0.7960596925697858, -0.194315177279689, -0.79291296678754, -0.9818226008695791, -0.9460133497227554, -0.0015244512395543035, -0.8052671967238659, -0.42811122398047213, -1.4212617794046565, -1.7225333312202857, -1.4498039605077693, -0.47160387083231015, -1.8271104172860693, -1.162972246213683, -1.3824134006904163, 0.056972593749692144, -0.2770255988697474, -0.2562956972166149, 1.4163553936810631, 1.8157447512692042, 1.799419567108964, 0.9273313061482225, 0.040436998612870693, 0.48560228239212505, 1.0392412809881277, 0.6761498792412104, 1.808243856383859, 1.1704232825218013, 1.3393079322859738, 0.7041432848172028, -0.32438123934620855, 1.0197477469207448, 0.4874732262021226, 1.1237173495207295, 0.6374847254824934, 1.608844998680548, 1.244175803217847, 0.7978439555703493, 0.6589453606939845, -0.26820533630591437, 2.104070299501978, 0.2720616465178797, 1.3945990742154624, -0.6733126894867528, 0.5731694473595037, 0.18738175318155617, 1.4659980766651308, 0.8570831356277675, 0.45256657517091603, -0.17773230036673962, 0.01658354163000388, 0.16491036033345063, -0.07106052478803641, -0.6321855557923718, -0.6652570094603715, -0.5072916494488703, 0.3743557632561138, -0.7029972512369319, -1.5488839167516377, -0.14028359801692739, -0.5147353182833887, 1.1686157691968968, 0.10973640802330745, 0.3297051852012398, -0.029961118776798166, 0.7381049727168233, -0.14406233466597537, -0.26402772674931063, 0.4585633556055201, -0.6932291466500293, -0.7160406144222715, -0.5604762805294343, -1.1627292993612417, -0.6016212613048205, -0.9290568938540787, -0.47281941766804203, -1.2303216083506234, -1.8499654853678165, -0.42675675593705403, -0.08205189064454528, -0.6879464078393518, 1.8680948602497391, -0.9790440096295271, 0.6733755579500185, -0.34063411859603326, 0.6624974194519327, -0.08334769818957845, -0.6715639805271884, -0.08436827388555435, -0.1705137957990819, 0.46494064746185104, -0.18994420698605405, 0.5513762984946566, 0.8523085753267902, 0.5393235356734483, -0.36593288399471385, -0.6565878368960962, 0.4412277691600176, -1.1777887597056693, -0.6060513689193547, 0.6472239168838751, 0.5114105686214341, 0.5603179861586679, 2.941891127484532, 0.7714426915781847, 0.5049611276869723, -0.5821865458335219, -0.16882628808672914, -0.023633934020930822, 1.257760443007063, 2.5603466499879164, -0.30803434176262245, 0.3038927532456601, 2.45691336924433, 2.014310432582013, 0.20691436396935775, 0.5641212241676593, 0.19651026445721384, 1.0459378289679755, 0.20036253410538465, -0.18742392943648792, -0.292483763663735, 0.28126792821872987, 1.7877794902389486, 0.17585751727774482, 0.33132324563729487, 1.215019836349147, -1.2387395183038044, 0.7624046130105848, -0.06386419054618848, -0.453712415376197, -0.9912155651472369, 0.5793681744239408, 0.4257191120809949, 1.3144307774995392, 0.5582082464847563, -2.03059723682059, -1.2508816429988063, -0.9425646445211816, -1.2750751449176703, -0.4953161997181881, -1.4905216219825597, -1.7511845656951455, 0.5590836545513631, -0.7737426898051306, -0.7752351517067284, -0.7937928508164871, -1.5215820294643807, 0.46138885047041983, 0.4366992262449178, 0.852420133876133, 0.19595856252228835, 2.5687564091415767, 1.8375843855514304, 1.9573405476682009, 1.3200733055522, -0.29377932349590036, 1.1973423335169964, 0.42547256601630196, 0.06375818730948048, 0.278556930425001, 1.266722425252125, 0.3204232160374453, 0.34597770712444226, -0.41407382235637924, 1.269347331038268, 0.7793667399843994, 0.2047692141316086, 1.183543912891109, 0.9426539797227994, 1.8058940663950243, -0.1990287071279225, -0.7027735814007583, -1.1495984877349896, 2.772597480084808, -0.6648177124427059, -3.1084238489062352, -1.0909280658475204, -1.4247770715161272, 0.6212573310269314, 2.219675131873446, 2.0082164293307136, -1.2726963040719987, -0.44701395641400027, 0.9415014441491849, -1.4045074869974625, -0.5191638813559885, -2.1531541066523965, -1.8604416553204053, -1.7239416651678243, -0.835851924764922, -1.0412180288410338, -1.0184975047942881, -1.3492468337394414, -0.7847226784038168, 1.4442935370773264, -0.12759881368226997, 0.01796684470960296, -1.0524659107336656, -0.7013738513665113, -0.3333083659356002, -0.3199335111248504, -1.59078193802226, -0.15623902931667935, -0.3113588530313584, -0.2576294807196458]","['v112', 'v34', 'area9', 'v61', 'area10', 'v31', 'v86', 'v6', 'v68', 'v89']","[np.float64(54.61939359124364), np.float64(20.47087498973689), np.float64(8.071289095919974), np.float64(20.851170800708015), np.float64(9.23775150201434), np.float64(25.238610025419895), np.float64(5.28096585037769), np.float64(5.486797737147016), np.float64(23.418899647814854), np.float64(12.5330786189178)]",3.5019397172922817,3.7938239193366163,3.8111054306570766,1.8367982958344504,1.6121593993594538,1.2210959078816692,1.3368180975787884,4.649717730844824,4.80208295782456,4.698487686882774,2.3517882095451377,2.0928428956465592,1.5587080003766964,1.4683655798647086,0.9676239404801017,1.0940054701777473,0.970322029362048,0.23368978703447416,0.11527676332120662,0.0725958838651381,0.03757959957342416,3.1773975141893684,3.4320777058177447,3.49778956066615,1.6457390164255676,1.55538703412333,1.1061111239077748,1.2570946844690463,1.4276264885704195,1.4753704936555445,1.3468247241486786,0.835643755087174,0.845387070017538,0.4485451856699777,0.4176465386807392,1.0221071566406048,1.3430720678954051,0.986651623623854,0.42454997420018836,0.41406349867363007,0.22079417096427478,0.22880777896953364,False
m565_b,f832_b,"['39', '40', '41', '42', '43', '44', '45']","['115', '116', '117', '118', '119', '120']",m565,f832,False,2,forward_no_out_standard_k10_lda_nc2_sex_on,forward,lda,,standard,10,2,16,6,7,True,0.004974390845745802,0.9950256943702698,0.9901077151298523,0.00989234447479248,0.5381627678871155,0.4618373215198517,1.1267408676276494,2.0278125761071304,-2.4566620502560697,1.0599771930501656,0.017986315559430137,-0.05394895325735158,"[1.4817230454169632, 1.3689394498471417, 1.1474809593692223, 1.8322102078588682, 1.4723250251485318, 1.249968404513792, -0.6654610187609734]","[2.2174855583856576, 3.3590284102835093, 0.6249196064717104, 2.0388117532666006, 2.5416104581700725, 1.0906282044249063, 2.3222040417474563]","[-4.069366860728046, -2.7778654145058796, -1.8731315055769606, -2.232962406014957, -2.4409379080215032, -1.345708206689072]","[0.7657959308446569, 1.376425142273528, 0.5605310042674072, 0.9365578962732211, 1.4518629158773744, 1.2686902687648054]","[1.9580025885672427, 0.15609126329811485, 0.9629544649151275, -1.6921275897902899, 0.8818503386286548, 0.25862297579397847, 0.3952217140351047, -0.9591556817651586, -0.9924400291059571, 0.4999872891766234, -0.6721233193202668, -0.32924981461414554, 0.48347046273718447, 1.356438998399795, 0.3611063493754004, -0.8847800539576555, -1.1964734318955739, 1.0303000816825476, -0.27854956132206743, -1.2964253139666475, -0.5298266141876167, -0.9508887394223783, 0.3104152537120141, -0.3233340380159809, -0.339400037583097, -0.0562559747059821, -0.6092937642614297, 0.3088821830014438, -0.3334943923118173, 0.4040803674912096, -1.5218344243780748, -1.27239212426924, 0.402132236175835, 0.6636095050043709, -1.555620133993599, -0.7826546480273474, -0.8211874271166665, -0.6603727872189629, -1.199721523983973, -0.752195557132559, -1.5574270743737517, -0.9028635781718509, 0.27699750668148637, -0.6940877174888038, -0.18904663439513514, -0.7307414950900883, -0.6529368629930148, 0.01576807100291713, -0.49440661120572077, -0.22976967471940074, -0.253690284567745, -0.7784263486305556, 0.4374931337692125, -1.1488691513877982, -0.6368210730405002, -0.09664138355754678, -0.051371744999049736, 0.6253851961892999, -2.1917267048517473, 0.5087862321750847, -1.4059993736392058, -2.002854241041196, 0.39442008064992445, -0.5768593611393162, -0.7744196188690581, -0.8232224534134703, -1.9207365078150107, 0.4940446881238844, -0.3765054947915116, -0.9096942343851958, -0.7539002342261085, -1.2760195369856933, -1.1670550762385428, 0.4145676974375138, 0.8833277404252824, 0.8378089333479167, 0.5100120602244658, 1.2244853872581365, 0.6994978290783664, -0.45411270120362435, -0.5278680360651365, 0.9287123715086849, 0.3874458372698749, -0.165392901153588, 0.3224358924259436, -0.38183369439707304, 0.8415125666849088, 0.7279574708693005, -1.3239946404479095, 0.20871558139701613, 0.924775298653819, 0.28476972376973186, -0.4046969146694818, -0.7643277697710193, -0.1123187804152477, 0.7358022731458699, 0.6053911586386512, 0.3129532913525628, 0.9816969136057728, 0.9426849336580904, -0.1831591325697826, 0.5154713717056851, -0.6774671013798612, 0.8753164182790468, -0.017021175485703605, -1.0273383898231756, 0.21678918900571204, -0.7632493273830331, -0.6348791337998213, 0.5743315627212723, 0.3686811436074576, -0.22639565093237776, 0.026223983018288197, 0.09397496301805063, -0.25876458233116867, -0.7764483431690328, -0.1376879036777749, 0.23339936311759873, 1.2329586634543312, -0.28054767398886565, 0.7897728284856113, -0.650807589345107, -0.16510210347246282, -0.9249616154697836, 0.42573022135920685, 0.037966596477059474, -0.32567171461798633, -0.48304416211610074, 0.4676365316190537, 0.0903912950296653, -0.028858804639835024, 0.8030129636769534, 0.8140654106548233, -0.17300503890713084, 0.6996462567542022, 0.04930011072458517, 0.31388058574890326, 0.9061946012958974, 0.3172454225942837, 1.162673407232718, 0.6422647054319471, -0.6490729389631721, 0.171100364547399, 0.32222952559615153, -0.3359534444073633, 0.2539937337070706, 0.06427416470162164, 0.6143988589756357, 0.4306840914782715, -0.3296144040805575, -0.7062327768318742, 0.021384337335497144, -0.7323848195317233, -0.4064760320445717, 0.41870777840731255, -1.589365303579691, -0.3518733855780238, -0.021327340167519044, 0.31975470813510753, -0.7299086121744054, -1.0367185828874692, -0.9004182527737065, -1.2802690809964203, -0.019660755412435053, -1.4476428656728375, -2.350415492105833, -1.0696324045364836, -0.7857292244252019, -0.25187931360935334, -0.975129116247428, -1.575526137674543, -1.6766824014259067, -0.8071094823811522, -0.5288777933079538, -1.4756821463543153, 0.043037850597142574, -0.49703135412776756, -0.06968276590617753, 0.43141007694360783, -0.39390225703091736, -0.12720261162825683, -1.290688873880094, -0.45178699834203995, 0.03867699922709352, -0.7633564361192763, -0.9959935550390084, -1.1305820419990835, -1.8311041298788333, -2.308999773061229, -1.1851253813697498, -0.4064766948671105, 0.04303089457886051, -0.021711353417112837, 2.2031481323882676, 2.7812215568030223, 2.017894618035265, 2.212750081168524, 1.5723346326084213, 2.5173651228308107, 1.066926215401235, 1.4341544780799527, 2.6242690139549816, 2.174959884179658, 2.333258444644176, 1.7824567155212965, 1.107881318752373, 2.3655895084220924, 1.09215537428649, 2.802963993451572, 1.5148047525209396, 2.0834550273492662, 1.344595445357133, 1.1387971805304649, 1.6509717308755645, 0.8864561877158355, 0.8188651842934553, 0.9470121610862987, 0.6253582910402837, 0.51967902530999, 0.1386654576042767, 0.702989558724898, 0.9629299311115436, 1.391107879209166, 0.3975834007601009, 0.8783781893382188, 1.1588960295696837, 1.2938261147516636, 1.8633844762141585, -0.889514888319918, 0.02982087364785545, -0.3353818539366549, 0.46311979945640147, 0.19113110534492228, 0.17760804789849588, -0.023969702476388206, -1.3587596379567721, 1.6210840306803278, 1.0468814348889002, 1.0928701290535083, 1.8153341301526582, 1.313565750821169, 1.7550081350752234, 1.2496637309089667, 1.391328112286086, 1.7465167448807282, 0.607834061340442, 0.23382751428465942, -0.9074331507897208, -0.07021504437026012, 0.1465650702142154, -0.5746206598930533, 0.17481740074900085, 0.020369001561750588, -0.7321851253248508, 0.42222751072272996, 0.8469339778929329, 0.8122890910172831, 0.536131151097466, 0.5327912914700177, -0.06724139484125537, -0.7013163542489874, -0.30369321428970725, 0.5123638481684022, -0.04827444320731303, -0.18789907328045669, -0.5581937057187257, -0.2898386319533819, 0.24957643910147523, 1.5436543708188843, -0.46578414305898114, -0.3322367622367469, -0.938352604958031, -1.7617436324403972, 0.06159877052597738, -1.6729274322684924, -1.931704866855966, -1.9076019914240436, 0.1602713254822302, 0.1349919358229076, 0.3317219320617929, 0.14688487597019886, 0.7650155474601482, 0.23251441544336057, -0.016670309979531676, 1.2218021049529941, 1.563231992469496, 0.3375682306049969, 0.47447924205519, 1.3684256528479013, 1.2772141549011464, 0.8802483660787577, 1.0653152002350499, -0.5651166940380841, -0.36806983891301137, 0.5170244518979834, 0.7451428157025232, 0.006868479607404164, 0.18111626567497965, 0.612198562193263, 0.14520137807772593, -0.24383472698931866, 0.6411571974081328, 0.7647330642763376, 0.6541841690254369, -0.016263617236541246, 1.618378446765482, 0.7614773826789873, -0.42809133305417096, 1.5025238265701542, 1.6522724962043907, 0.017934469203536325, -0.776105224512945, -1.3075470564879947, -0.2920921665205063, -0.37789156095953774, -0.6450144690823245, 0.32274149410545244, -1.6429000945832601, 0.12996165244053054, 0.015623030375724947, 0.10686303376076688, 0.07404128886853283, 0.2626779682046076, 1.9451065809652495, 1.2748150326932728, 0.440110939842721, 0.30743439599918077, 0.5588317671371005, 1.4858469417621434, 1.4959484024582725, 2.79257620842002, -0.7041586722256671, 0.18539745466237847, 0.09109915921536624, 0.8916999566292076, -0.018797559438045938, 0.6044521577058035, 0.42904039905972857, 1.3492836069887846, -0.047004398785811245, -0.8636645842809103, -0.12006884474466964, 0.8138030466879941, -0.7776819956781881, -0.6017623083859845, -0.28444169113820306, -1.884573559978797, -0.5263286237631747, -1.631568008756026, 1.3398291049379656, -1.8031835985299953, -1.7357097211670622, -1.4986167067467513, -0.23740657809825896, 0.8042787047770094, 0.7282816786144282, 0.5464442455392235, -1.1885894831171135, -1.0854776204661027, 0.17536368093102872, -2.0310697100156574, -1.3048453953437296, -1.4402010132908007, -2.1608717353115945, -1.9118266115541875, -0.8376987809306149, -2.0715599822014803, -2.7171685905208687, -1.0813681196809066, -1.1114527062297725, -0.20687451907533244, 1.0045606414575368, -0.7222237606259022, -0.5296142581725893, -1.3511036742404443, 0.0396441877528882, -0.8828418250638232, -0.6259533311694907, -0.37781073532790077, 0.5600805299872046, -0.4010958243474252]","[0.9425702555190343, 0.6859101346119344, -1.306246479024083, -1.1728870388783175, -0.18171185031433357, -0.2899499614103941, -0.4616700193447073, 0.7866848225543058, -0.8608870751307736, 1.103579494456323, -0.177962551774173, -1.7011593132104263, 1.4132377681937156, 0.8320859160892988, 0.36029456009042987, 1.4004379259326856, -0.10907455104373186, 1.5431898146591376, 0.4538167952722476, 0.2214869494714992, 0.8172601997054942, 0.08531421322480479, -0.4171547647253643, 0.7205108976032072, 0.6853308526975829, -0.16111871672901765, 0.14330240202873085, 0.5092612815532079, 0.24182572699181576, -0.9226489215452606, -0.32809743828590765, -1.5104373193726919, -0.8969910623179828, -0.1427275326816725, -0.5867517556135111, -0.04420672813462776, -0.562493138725368, -0.008465573592250225, 0.24704192062310149, 0.6781318834484497, -0.15315633682391178, -0.7577943304451232, -1.271769585715834, -1.0727988677559182, -0.7789612561517065, -1.2022973387837117, -1.058777811185418, -0.817962458798154, -0.3360459762257607, -1.2628174037402813, -1.4903440548831772, -1.0687457897749961, -0.02656686567018054, -0.2961191893186108, -0.43055555037213095, -1.7012202229312563, 1.9130766775725725, 1.0867778296405197, 0.11975803254206041, 0.15251093581188463, 0.788439879578316, 0.054961095650173736, 0.24475584227973396, -0.7197519673587304, -0.4271470839103084, -0.6065833042051774, 1.3289316892713579, 0.1312936344874426, -0.18555905948938672, 0.31130858243148296, -1.8696698933861773, 1.6985879679800875, -0.020702406596389434, 2.0464284844312006, 1.5043780335076307, -0.7409715342522433, 0.38593444777992514, -0.05108882689159274, -0.17377321902543805, -0.050121924099176415, -1.322613349551084, -1.1576053988879527, 0.7578806921861267, -1.7610934381129215, -0.06845115002580784, 0.314668200635694, 0.04074345213062094, 0.9945107331339382, -1.3647921768620335, -0.8018772497940433, -0.6111760316742474, -1.9400956465248629, 1.406224302061935, -1.2972962744899732, 0.4374374625164392, 1.2621516354298405, 1.122122387802922, 0.45645985484526935, 0.8262143970178646, -0.9022738958771553, 0.2206100187129352, 1.100216185055408, 0.19945802936098925, -0.19347149429821753, 0.39377412589227584, -0.28451182383590273, -1.3438395388416824, 0.35862566586772376, -0.10107346494852987, 0.08349470554946284, -0.9831838861151231, 0.8615669123211263, 0.4030474394669265, -1.1175445026982553, -0.9645233558920419, 1.814769923477515, 0.4149048383379898, -0.7651616238546368, -0.02558441079039431, 0.09832156626816452, 0.6097866355472685, -0.9824409175950966, 1.925302832009396, 1.6324415106100179, 2.093902479837498, 0.2988859149312732, -2.0656779448272244, -0.46422090563714147, 0.8978936400208037, 1.636385535562467, 0.1346391297108068, 0.23689850817583158, -1.4228030205903668, 1.1372931169335487, -0.7317398503443634, 0.9989246560044744, 0.9825878125813157, -0.7829207173681776, -0.37577524184236155, -0.4815711645094369, -0.8879056352695253, -0.3362677357166483, -1.0830309819944575, -0.3681190336252036, 0.27242107717840114, 0.49437150126675233, 0.8019947219789446, -1.7631215422286342, -2.6670954148743506, -2.479505842258968, -1.294661147153158, -0.8405139089788852, -2.2432697443398153, -0.9744626333512479, -1.6635471363751646, 0.7036884456846385, 0.3853960560168395, -1.3343284237905755, -0.34417577210129197, -0.34352861481949865, -0.3193026529008208, -1.9610838101443124, -1.52130709565183, -0.5395222911358071, -2.107800403745841, -0.07502890443182518, -0.4344200824348132, -2.326109400748502, -0.5924953453475581, -1.5579213630427242, -0.6031497911977236, -0.5121673279266803, -0.8176707319475758, -1.704888145818755, -0.9268692216451438, 0.12997423817062295, 0.5500734821751906, -0.4095992658966723, 0.20171622512429438, -1.0526463540384272, 0.8217400982423386, -0.0834971122926042, -0.31465130000329267, -0.47155917040616807, -2.844202034906076, -0.9712107529010304, -0.7965040291611857, -0.4775202651791628, 1.0059575759678459, -0.43666359522280407, 1.1297886042122316, -1.2179997257184332, -0.9416579673743631, 1.0213323518914705, -0.3052480020366699, 0.25943668963684, -1.0607968699646992, 0.07465151972304424, -0.8243706480251876, 1.4645482523718272, -1.015571803493454, -0.23622028481762483, -0.5751463464170036, 0.7222168699657636, -1.0946283922586881, 0.2563842803449901, 0.2916513761356336, 0.005856884671473111, -0.49331603011590686, 2.3653861630053132, -0.6084962668527143, -0.6198154061319208, -0.9965489590913023, 0.6024880968858232, -0.1041478870899352, 0.07626549607813661, 1.2997129491073696, 0.23017201392277367, 0.5924776846225889, 1.118084475457966, 1.5699081317581935, -0.2523772302783724, 1.9950430030814097, 0.5381845501717848, 0.8311210007120833, -0.9353680779852693, 0.22059573714575328, 0.2520355534902878, -0.8345126275169633, -0.09946992819271533, -0.54405153346642, -1.0183328745035756, -0.20177652393630185, -1.4429942848357953, 0.004424299836491298, -0.30237285795980323, 0.2403434468863529, -1.2969396305624352, 0.2219772854301271, -1.2878926475320687, -0.8014692066940634, -1.0499458171990708, -1.2608226855945943, 1.2701766506464083, 0.6752252819207138, -1.6919639698496332, -0.8197208220004296, -0.7176904897616775, -1.7079210554021242, -0.5976098917012951, -1.078516267123123, -2.56534513790388, -1.4388242073358142, -1.0448698433345343, -1.4101652978246926, -0.5599517430392027, 1.6019331961804533, -0.6562600468498636, -0.2060632919309074, -0.0001325331244091097, 0.06736327323772177, -0.29198519017723396, -1.6118659139008307, -0.9578779556472666, 0.4936862427731614, 0.2155646939908821, 0.6726323027673713, -0.8265141152522445, 0.3809348319521865, 0.003304958452313121, 0.052055650846292836, 0.1091246314682227, 0.44456769502363364, 1.0778951851307332, 2.0653264522349084, 2.655505233404967, 1.0103969733749096, 0.034651138384844814, -0.06324027001129713, -0.04005788512941001, -1.3531625708998758, -1.8905827506158304, -1.2076407038949193, -1.1440055411263204, 0.5003222648176928, 1.1439575337810477, 1.1737410372064316, 1.5220263982037046, 0.7191290266000295, 1.6680635733633988, -0.05682155712130824, -1.7619077799566494, 0.4472701487364861, 2.022587671045099, 0.384101500709594, 1.7797425921848105, -0.4400276409238625, 1.161341759778734, 0.888868066680844, -0.6297451256191992, -0.15118412766291156, 0.5308299574729544, -1.043429973757996, 0.3681313389454672, -0.07501363445039266, -0.3332837354345547, -0.7738679485189173, -1.0809063173582958, -0.2340440690996288, 1.4792130572945172, 0.6479667627484351, -1.086121800542103, 0.10765290902943578, -0.026816653817654575, -0.8731167998534736, -0.2894220289232253, -0.7391978628324758, -1.0593865473239752, 0.0008034739756709875, 0.39524517975962076, 0.6928765281774486, -0.28481477006894923, -0.4495112076755164, -1.0827941313641094, -0.6670637587139525, 0.9566645598910176, 1.3314366774584603, 1.2519972509746753, -0.7220226020737771, 0.5331943604066834, 1.489650051655555, -0.9096925156793711, 1.2081109926741889, 1.1081176136927564, -1.0725172610483056, 1.3921200866345027, 1.0221133171494667, -0.5413451793754702, -1.3357116430639546, 1.3125498397466384, 0.45020107977070023, 0.1852497476043245, -0.09115791658773464, 1.5262035631121724, 1.11352756607488, 0.40084110849021076, 1.2935413117416124, 0.9953472977023399, 1.130636093296842, 1.0363569836682023, 0.3082249331146737, 0.7073437657446989, 0.7507092641619627, 1.0332779198722133, 1.1437413567455512, 1.2683847993207171, 0.8089266317249333, 0.8849307512820019, 0.7519028433294058, 0.38592466863291924, -0.04872853036627894, 1.0315916680346995, -0.448351204397855, -0.3324856064710493, -0.017145377484482312, 0.5465655877520521, 2.054544777151368, 2.822474029346395, 0.4920813902736801, 1.2705780790341274, 1.379855012431586, -0.58557220504799, 0.48836971997036926, 1.276152883290348, 1.063188776264695, -0.17417856734551468, 0.2504197995057308, -1.2218531995049047, -1.40891105119783, -0.9578700948201867, -0.4989309327151007]","['area2', 'v49', 'v45', 'v116', 'v21', 'v91', 'v31', 'v6', 'v85', 'v36']","[np.float64(48.94193771341359), np.float64(21.07849141486296), np.float64(23.535983690800688), np.float64(13.477643818926428), np.float64(52.60007440183611), np.float64(11.07014393353993), np.float64(5.528134735798005), np.float64(13.586020687355072), np.float64(102.14741643053773), np.float64(71.15091896088384)]",3.711803039035688,3.8377258076527716,3.959339225621167,1.567969789533223,1.5709694925444793,1.2526194627969789,1.110441496581856,4.551238300940684,4.717896769289066,4.910205453069734,1.8830035885710792,1.926808037961688,1.54407667092108,1.4591383140545098,1.0996615538964185,1.1151124312807679,1.1924991758276455,0.17106784663969424,0.058954226519918884,0.039058460534318766,0.023963615427867735,3.583402917883719,3.6054807544484477,3.646404084198697,1.4723519594027026,1.4509822537451662,1.1578838321952354,0.904733908928919,1.3134395329385076,1.2823766239442456,1.285136158178271,0.6532463544983267,0.5552199259384948,0.4381989732038748,0.39853840925945355,1.0302254607900485,1.1387225933224703,1.1811505734215526,0.33771146610564023,0.33774485068907845,0.21878970963547567,0.22750226432214346,False
m565_b,f832_c,"['39', '40', '41', '42', '43', '44', '45']","['121', '122', '123', '124', '125', '126']",m565,f832,False,2,forward_no_out_standard_k10_lda_nc2_sex_on,forward,lda,,standard,10,2,17,6,7,True,0.004974390845745802,0.9950256943702698,0.975538432598114,0.02446155808866024,0.5381627678871155,0.4618373215198517,-0.5979281410690701,1.8791480322327916,-2.2989761947317335,-0.602820786186252,0.04718990592092874,-0.02503178873625191,"[-0.2980742158105817, -0.14360597435586497, -1.0392069008567921, -0.6421581726906052, 0.09963907279001918, -1.4162985263608414, -0.7457922701988248]","[1.1763366157285213, 1.9979405441055236, 2.1073154324700263, 2.090738859544517, 1.8142975789443048, 2.7346872916440153, 1.2327199031926324]","[-1.67573614219774, -5.333915776172208, -0.9328855083201846, -1.5504423241816094, -2.769540765294492, -1.5313366522241683]","[-0.7762481383177541, 0.6655843047736876, -1.2543683609064125, -0.6972890379244003, -0.3026629510924979, -1.251940533650135]","[0.1702982370998324, 0.7568931178802066, 2.095244797567214, 0.38280780798125513, -0.974080274015356, -0.18841410690598753, 0.20816790323789913, -1.5393992765719406, -0.5227800552607529, -0.5272334049034372, -0.6299503312863829, 0.9006749677047111, -0.14898623599701144, 1.9790859192078392, -0.5619206663945986, -1.4362419798896209, -1.2145663684731947, -0.05677394546535979, -3.0610426298701077, -1.991607853434433, -1.0260878975983723, -1.2332047406719815, -1.4303775647548638, -1.3603188488773983, -1.4628994011641465, -1.0218463755534033, -1.444445681914406, -0.3973620161623519, -1.7361950645540578, 0.48394466031524724, -2.6495967237515283, 0.8019467205504, -0.5836634691825275, -0.4423245528331007, 0.07945609886346001, 0.301753771125479, 1.1845685601097455, 0.710372059925838, 1.0798405986348072, -0.18902970606150657, 0.788943889224745, -0.08798276447221555, 1.2114875495540571, 0.8678909779052456, -0.07024605792030096, 0.6929625150197913, -0.25813147949022197, 1.2575914012331517, 0.4724039483560962, 0.27158044261928715, 0.396409449171331, -0.1503158129954263, -0.028895860996353495, 1.2498765553063294, 0.9364477732237492, 1.044491574615159, -1.0450656939393843, -0.9091120967399077, -1.5161407375413216, 0.32394044549475365, -0.8647841883405556, -0.6599849308182739, -0.14240751658432932, 0.2559622896272159, -0.031613733933004776, 0.05132436538988679, -1.6302101462103553, 0.20554349119718227, -0.9878104924075359, 0.16499116670662176, 0.49663000708196686, -0.6634369695079743, -0.8298709424182061, 0.7303146781664445, 0.4666658088837316, 1.767009501975622, 0.4789306027625191, 0.33508675112346537, 0.49411635308280827, 0.834465082292492, 0.6202202056251109, 1.45441534416027, 0.3541455554760167, 2.045122234907219, -0.6840776375633308, -1.465018860555149, -1.00932818978338, -0.34371333283891486, -0.3342436352737347, -0.435023042389353, 1.7433174313776891, 1.924668917340972, 1.0823293446527176, -0.2685298028939695, 0.6799281706022476, 0.3149904965288377, -0.9295397965042398, 0.4103243067658009, 0.16742511657661555, 0.10436989714451285, -0.5822760924652964, -0.7925293384635244, -0.9004944115257526, 0.8013332664262253, 1.0019081235796734, -0.5617969706160502, 1.1843479555252803, -0.6979471330278259, -0.9044937498945239, -0.20457188391064143, 0.7475777164462841, -0.6419764457151823, -1.1430034196923715, 0.5547198469837733, 0.7566420549464858, -1.2094863662225575, 1.3903280004320366, -0.558507434529057, 0.7247325421800269, -0.4860760597176469, 0.7316688606149524, 1.7286683293075031, -0.15328695803878045, -1.067412537884201, -0.7986551040133617, -1.9752333290232025, 1.3688760491801737, 0.8740577661074008, -0.003780316755657429, -0.5397691813627281, 0.09692860377125134, 0.7525536783143997, 0.9992983266234612, 0.02515754813730499, 0.40736188613000757, 0.49376080885023715, 0.2238417248843288, 1.9905053854539514, 0.08873152294450296, 0.8780400736542116, 0.8517960100558114, 1.0700807818773566, 1.176316936355223, 1.7305531874948856, 1.054884831544627, 0.04541678177113135, -0.2871907506005175, 0.20491049247337664, 0.9384998919785184, -0.9297148978470755, -1.1783369741196597, -0.5521601970673344, -1.3760033950965758, 0.06005922628127248, 0.4715652296456812, 0.8711489737259602, 0.0648658382879228, 0.31729643226969184, 0.3261769885432329, 0.796461063654048, -0.23841571138076567, -1.171043306368186, -0.3581055132246621, -0.5809423933212712, 1.0391813331129072, -0.6418926568872594, 0.9242606998151323, 0.0075771399073921095, -0.27387331137080273, 0.2175957405757266, -0.5725630191409964, -0.8293793040302869, 1.132406311173967, 0.7394259333399386, -0.10173998154813581, 0.4659988640935088, -0.11587487662077496, 0.14252701026765777, -0.4637493289662611, 0.7806527022974575, -0.5905707723397153, -0.48610881947039325, -0.48707359707978265, -0.11631380804479616, 0.20447172127337981, -0.27555121051125286, -0.37997965551368756, 0.9236027016749679, -0.8321209729770868, -0.040141084645860484, -0.8993101728185893, 1.1852401470735427, 0.5738332981335167, -0.8896595158030199, 0.9011553171659477, -0.3862133263489417, 1.6350487471752353, 0.9854765568418741, 0.7668233419387803, -0.22767774675404626, 0.12178970112565145, -0.1339754561410441, 1.0496398648476033, -0.5525644508979548, 0.1969067136633111, 0.1828887942997301, -0.38063911248512583, -0.26523698161576165, 1.326672511356213, -0.2851142751032314, -0.4133474418947725, 0.3326623274421747, -0.3481329825039722, -0.7399314913676208, -0.6004740950112706, 0.008983106912066273, -1.7777929848280483, -0.538856869009988, -0.22283449657242743, 0.29530178996786394, -0.7135194150880513, -0.6785414172099005, -0.5436416654026266, 0.2261055017717871, -0.8134309384015838, 0.5298522111109809, 0.6840090336588294, -0.027560732455002544, 0.6708411660213817, 1.3783661626309098, -2.5640537467536726, 1.6268708330083796, 0.31693775128188423, 0.7048251414475248, 0.008715836834352548, -1.3810717867196112, 1.8359180591865492, 0.03697734614053673, 0.2412851159721097, 0.2765654600693892, 0.7325500771095049, 0.7171893624323636, 0.9616056265007168, 0.565254183253327, 0.9137842693282427, 1.8422605168412733, -0.9295037020484865, -0.6422374282534853, 1.5443670926058042, 0.4824137453905619, 0.6281958793840412, -0.32783842144744313, -0.015852702571426194, 0.038986638262204124, 1.1879542664091272, 1.1908787196697481, 1.6636137020101949, 1.389240091902831, 1.7733596608932658, -0.25731288424215143, 0.8033756487129299, 0.3089907568656133, 1.4974798211777451, 2.466654344099418, 0.4516153243886002, -0.15838805427177655, -0.06026626891754467, 0.9960705526695883, 0.8129461549821491, 0.7581483350238528, 1.1266270192429302, -0.8790054818232013, -0.018113857442776812, -1.4068354755039056, -0.5410048440252476, -1.7786955336751054, -1.5815894457875748, 1.278081901668968, 2.8607343459574666, -0.7935811716361905, 1.8711895565895809, 0.8265860900744862, 0.980567289332957, 0.807067227953495, 1.8310543125127168, 1.1772472756953263, -0.5433822273534772, 0.14549034278785505, 1.073069125210847, 1.8663805932870787, -0.24652592989517838, 0.47891462591498735, -0.6322701460725811, -0.5522668429608701, 0.00825095913680486, -1.2256021955375342, -0.3020223931636245, -0.8555400430186213, 1.3961801679481514, 1.5875497585855673, 0.366623502566422, 0.967183394098485, 0.4730071763638373, 0.4903247340940397, 2.121559776179912, 1.126206124143759, -0.82438306211494, 1.2595845305350606, 0.6129798017673584, 0.7071360715406122, -0.37979713875254045, -0.46852542823193993, -1.2649539317966039, -1.5023327511372062, -1.0150316870739668, -1.040737535641521, 0.8317711670309522, -0.8807428739066335, -0.025596398769991997, -0.5566546282589786, 0.41531697570855297, -0.5780882371874594, -0.5748906109121684, 1.237641671810102, -0.1255610756640639, 0.0416423424447809, -0.12184870290258218, -0.6192740887075374, 1.1505239856263136, 0.30081124879118787, 0.21892278201489995, -0.6473783404617538, 1.0729424318226828, -0.6319276042056509, 0.3775807624856779, -1.5613249020810493, -0.1437798443534677, 0.5397677731009497, 2.3177167539013586, 0.423780317844269, 0.9681320798820692, -0.13447861100598937, 0.32680337316923863, 1.463680306666989, -0.4168086979331274, 0.684526508950437, -0.06226296929795548, 0.9857917475699322, -2.030779638244588, 1.2795090806593967, -0.30414454294908555, -1.2091739082847064, -0.12656188707267135, 0.4894993126993529, -0.7133209215702577, 0.6856104218143426, 0.014672974676092571, -2.0247554390646854, -1.0904614142029752, 0.5620061609282057, -1.6664221732010729, -1.1951403437005579, -1.1202354425896477, -0.9981182227966932, -1.3218945258640713, -1.8273943023086403, -3.75565143906195, -2.7688145142260283, -1.2759635420454405, -1.5251007527489109, 1.1013044936172594, 1.4702639688314327, -1.0015028705929643, -1.116750833587688, -2.1667547169181303, -0.7573554108607996, -0.7622094813001166, 0.3007376666769969, 0.04704119110093069, 0.233390697443309, -0.2961313478136077]","[0.8516482580785495, 0.09528099888578605, -0.14503395700548857, -1.3959519960448041, -1.0524021992694017, -0.7336586903518361, -1.1089316242717469, -1.4146745024672636, -0.9306893223754888, -1.1156640942589104, -1.3916654113942388, -0.8126573473569522, 1.9392252982349005, 0.682438765612437, -1.438616254488875, -0.7480958377994179, -0.8628567822911488, 0.5245264389342397, -0.835148681930443, -0.8256020108968805, -0.9182413582523721, -1.2087421092642052, -1.1927360432602816, -1.1946143577526003, -1.0839612969983725, -1.2646700324495488, -1.215707262802577, -1.2363636919877543, 1.930610931275519, -1.3407730360576997, -0.4215864284199307, -1.1660270312104553, -0.8253186455816978, -1.104841076196123, -0.4916616187808002, -0.9309011772381321, -1.333133610274949, -0.9430382198296131, -1.3182224270953744, -0.6299020370458571, -1.4119133795057552, -1.020436014456176, -0.8375618402497066, -1.1790353418698418, -1.3812389905577198, -0.6271141208432426, -0.4027641573429828, -1.651671080423928, -1.0338203410290412, -0.8683917873556948, -0.9903094039911895, -0.7479774467006549, -0.9636188055602768, -1.3453307611588234, -1.0786579034343464, -1.1337312099195953, -1.1056160251345035, -1.0590231919559667, 0.21998823762851477, -1.2101041849336682, -0.01711374000911584, 1.2195237739077993, 0.36194830640819003, 0.2060006871532175, -0.8478821766846888, 0.07883989434124603, 0.5378459948275329, 0.27014767304471476, 0.2044232323640382, -1.1818964056717007, -0.9423965243981175, -1.0051039487360613, 1.0371362172624634, 1.5694964398334992, -0.1481322310151886, 1.1147965601471872, 1.35834949165346, 1.4739793568378161, 1.7791492155203679, 0.3696210801313126, -0.31390007566010186, 1.4260967095105581, -1.416777703169172, -0.21633422676675043, 0.24292897143338635, 0.6291009217411113, 0.6702077998218415, 0.32451850450181446, 0.481739528472657, 0.7585254264876063, -0.5233038249943566, -0.6695544492099543, 0.15859901047373812, -0.6275973325042798, -0.0661326059815016, -1.4535176891551371, -0.8098938877092886, -0.9260691078093835, 0.4580325963536873, 0.808902333179218, 1.0995651384965073, 0.7432048852098125, 1.1226805543467984, -1.4512254486351936, -0.6090518782369226, -0.4384970723717684, -1.0519007178502477, -0.8946847520115385, -0.8985220741557199, -0.10579915690772944, -0.8421318669987103, -0.5059309818336205, -0.4424181770224691, -0.8845050549020422, -1.1500437681653253, -0.6685913623143359, -1.5359506237500329, 0.545232374474234, 0.03768868402997773, -0.00042618432933035744, 0.17277980610493335, -0.4417309684567065, 0.859085835216843, 2.428277861136014, 0.03253671011266498, 0.5463316610035581, -0.007193439772564414, -1.1298288077195875, 0.09582478691797108, 0.7255897189526374, 0.16544758119819858, 0.20365180497135982, -0.21922264469531086, -0.2533050884667471, 0.34030485687346695, 0.38452203987049616, -0.2596388978320234, 0.4112300252562609, -0.8877481509725766, 0.133964519572936, 0.09950156757382812, 0.2016631287836381, 0.23631506314784756, -0.5600548827532397, -1.3561082934622246, 0.5022940694911194, -0.6313529411896878, 0.4179004895274384, 0.09341331495388519, 0.8765348239779074, 0.7400892041573273, 0.5348239551231065, 1.561763802100615, 0.6432109118682641, 0.36882681365963177, 0.4488944125093509, 0.48288505985193064, -1.5222350842944756, -0.8489531057720511, -1.0869778504311105, -0.977359998859494, -0.47451389018904205, -1.0600931724134812, -0.613099254002213, -1.2318994859948686, 0.07252695398441213, 0.2016821912848962, 0.4814689737314845, 0.4552368579020153, 0.37597564298953967, 0.6342767193414923, 0.8802968374884377, 0.4360401813513694, 0.14324320752332192, 0.4229448017504803, -0.5744391183552301, -0.919757483475238, -0.7506170671704148, -1.2060320574353278, -0.6272036119119323, -1.0783102600679433, -1.262651932539791, -1.4700315190732416, -1.0648462140809574, -1.0983784443616211, -1.1921537992269562, -0.7990999234798183, -0.1812219845814225, -0.8255310334843299, -1.0340725465773135, -1.197497884088203, -1.0056122942712329, -1.2826270474840729, 1.301196593291348, 1.1206137984463633, 1.5508178053494148, 0.8770256480082648, 1.266284347637138, 0.8226327325740297, 1.4359530785572943, 1.6557007989827743, 1.6047493110933715, 1.434194631913462, 0.17415017428580268, 0.9050325536365958, 1.545047374195105, 1.3692036569034602, 0.0667543737375743, 1.4132596518662206, 0.10796349166953687, 1.1682240579808119, 1.5167334295451185, 1.4730568572131668, -0.08821977753327127, 1.1257036690090814, -0.11143876877181402, 1.12996717571543, 0.5432518695651958, 0.37452821479278886, 0.45418341063045925, 0.045928029484706555, 0.1972281312380656, 0.9180466035914656, 0.26021396502670713, 1.7062049006819922, 1.4401462826381595, 1.2524852433994427, 1.6640705684095114, -0.24959253354023453, -0.2777893224177378, 0.5401320252066933, 0.27882020272696806, 0.3739464524692481, -0.1455036676325536, 0.02335499770293094, 0.21496376966533673, 0.8362150106671473, 1.4937369543527117, 1.5025246675691108, 1.6541561795953919, 1.2870805551709072, 2.276707794280059, -0.4612664726292843, -0.0002647605310088533, -0.4505004968169981, -1.913203546824407, -1.1053662201130425, -1.0233418087841328, -1.7372471115418704, -1.290366691927023, -1.9225569816444459, -1.3496261460943417, -0.9943516165771304, -1.5601935483784413, -0.13585227276861253, -0.38490179294590193, 0.5514813754449461, 0.05925749200679544, -0.052524300419596076, 0.35347507002741235, -1.785676521157496, -1.3626855972288592, -1.4515202767583348, -1.345961888648338, -0.4378973259017541, -1.1201332969450937, 0.2273564928381753, 1.4118369246843507, -1.5856528510816292, 0.04596219935375041, -1.4629788047051009, 0.23612224841135057, -0.8357320656341043, 0.5421913034914744, -0.19266250573506896, 0.37970805785525164, 0.3089408900530748, -0.7997733399184592, 0.8659142540475602, 0.006989192220013345, -0.15528852694047823, 0.23556120420986426, 0.06860790811938994, 0.11009551603252309, -0.7208205500743651, -0.26999650700717454, 0.4758579886171226, -0.3394779302017518, 0.23857907691891403, 0.38214491789189003, 0.31757684558997507, 0.11153615121241094, 0.6232081866169678, 0.7063881080696425, -0.06722807286312392, 0.4717575563969789, 0.022106365377650303, 0.05980994956133645, 0.4145606430131997, 1.3177362702349746, 1.1353423941443799, -0.1557232623934029, -0.4099324261936266, -0.07128038227398038, -0.428260615538183, 1.69414057336864, 2.3629124778907693, 1.0272181101744167, 1.722017910715301, 1.3571871917770817, 1.1832126210366345, -0.6548267988990618, 0.3133285616976068, 0.937851254211392, 0.5248207814934139, 0.2810310054156188, -1.5161094398439334, 0.3220849393370881, 1.4769137039298714, 0.4112503342564362, -0.006308048854966324, -0.012170857648064314, 0.4086940251379705, 1.2996667769329953, 1.6403674636087235, 1.6552996974782623, 2.0585230104593903, 1.8847126589882905, 1.526769530375603, 1.729961864159843, 1.8201989897784696, 1.6460405624565086, 1.3443258974244507, 1.8863073003007373, 2.1875126384339936, 1.7147847118627542, 1.2104394496777255, 1.5166007147521487, 1.1199914583912316, 1.7608073630026535, 1.3503527691990698, 1.7071043948944404, 0.45635229192719445, 1.2075219161563169, 1.096790044431541, 1.175920464556538, -0.21706916262544532, -0.9954829675588523, 0.25141329618983577, 1.2239154995435875, 0.26361364599023085, 0.9372747085758908, 0.2080840693100842, -1.3679351701221099, -0.04106596666311267, 0.04983420399878926, 1.7655206972944386, -0.9765023830556393, -1.2531828380956875, 1.729061870870249, -1.4925891176994492, -1.1302098302465682, -1.038149492663214, -1.0503938329021771, -1.0937020347866653, -1.1455337036015778, -0.10876707800377956, -1.0339479032116263, -0.5145337031462521, -0.7809569725194504, 0.6214305465726055, -1.5612574433241468, -0.7572993143883616, -0.8853061045013163, -0.9622503785110704, -0.9307577997756973, -1.4251766979085445, -1.076168441011336, -1.103558067323344, -1.3181201331491676, -1.6727139571835945]","['pred_proba_f', 'v92', 'v89', 'v10', 'v2', 'v42', 'v52', 'v74', 'v61', 'v67']","[np.float64(129.8650272499655), np.float64(18.540462372683958), np.float64(8.794027392767726), np.float64(9.879765139399197), np.float64(12.742023039947243), np.float64(9.340258456895754), np.float64(31.69155557074822), np.float64(19.07598064378344), np.float64(16.54421722508697), np.float64(864.4627709726947)]",3.0089422886579196,3.3805513320888814,3.28144440101856,0.98179062258277,0.9225017535572256,1.9580515360949167,1.281378459914213,4.183016872081707,4.2110994630615775,4.101428236059199,1.2845159115946823,1.1680101599353612,2.5581075115302654,1.613724527944785,0.9484012774583375,1.1080799150349825,1.138089450936585,0.04858020972878473,0.02626468092687073,0.13786492541581782,0.1212376318755416,2.481968818419044,3.129953356056424,2.8763717044361456,0.8695943344624598,0.8454313429888439,1.7807930817076212,1.2190984411128825,1.5871951077709423,1.476193225090429,1.4300810951065932,0.7715409104970024,0.7838215262631907,0.8648430798438679,0.6850073240515611,1.0023447752760541,1.2243298404006324,1.0714295247285481,0.260782616660295,0.2699346467213133,0.398864608792775,0.3033353798749573,False
m565_b,m849,"['39', '40', '41', '42', '43', '44', '45']","['297', '298', '299', '300', '301', '302', '303', '304']",m565,m849,False,2,forward_no_out_standard_k10_lda_nc2_sex_on,forward,lda,,standard,10,2,18,7,8,True,0.004974390845745802,0.9950256943702698,0.001088462769985199,0.9989114999771118,0.5381627678871155,0.4618373215198517,-2.3079221490019646,0.034728119056640604,0.004449415059117223,-1.8863408588811392,0.04230934310378145,0.03897015757914081,"[-1.1791111623100532, -2.118254712410344, -1.6923876153524553, -2.9980526871340296, -4.01579835688118, -1.7059252737453947, -2.445925235180294]","[0.4027741464726642, 0.23441920636518562, -0.15843284115345188, 0.2325295036961621, 0.4827657461350952, -0.44905960188625604, -0.501899326232915]","[-0.7885582380390413, 1.2252957339908022, 0.8865280972109522, 0.7835646057198028, -0.20622943416168024, -0.14234958174304088, -1.6859815557031188, -0.03667430680173801]","[-1.7945064247083176, -2.291084684944536, -1.716007648003872, -1.9483414860861519, -1.4518629458594414, -2.6364232040040068, -1.2768578828634525, -1.9756425945793368]","[-0.744401846173952, 0.0879807690222052, -0.0716325481218347, 0.8463538952255726, 0.7192405054929077, 0.27693103185318113, 0.38257507382184003, 0.8387578316002334, 1.4647125826472776, -0.3498892457204972, 0.28621587060453657, 1.3145541684062045, -2.3656071311843405, 0.03764298560964087, 0.4818249107896468, -1.6446408747180727, 1.4426694029606477, -0.5818772806254714, 0.5439737663012363, 0.3312728665678742, -1.2850212703504331, 0.2518647822302577, 1.0150696323392248, 0.41240667629784483, 0.22819654097033532, 0.9682153499646909, 1.3475785715909918, -0.05657981017021612, -0.8743519003696789, 1.1987047554592636, 0.5433334246551188, 0.24795668940982352, 0.47043420615235176, 0.3381017340125103, 0.29918987748270987, 0.8640488345254326, 0.8662062044547797, -0.13836477936387298, 0.07770646375758128, -0.8492668646167921, -0.3917061807891243, 0.40541390810117256, 1.1413494077038262, 0.6377865265989385, 0.31196875932629603, 0.05541459052930593, -0.49839052726993804, 0.9335263574384243, 0.4120022901529158, 0.18565947768390653, 0.26444238640072326, 0.15008874413250722, 0.48889871758660675, 0.00904340094025303, 0.07342168697082449, 0.9725755527696802, -0.9456350124999945, 0.6150662868154575, 2.006735995006567, 0.2948334968002419, 1.2101394011614262, -0.834370788878697, 0.9634209234500665, -0.22294135078389127, 1.0054851374235958, -0.4155576832005535, -0.6783466791984, 0.2916364024667103, 0.7519014157262979, 0.26012075816295527, 1.0363467212806232, -0.5060857371288747, 0.20238654474784493, -2.1090552701433163, -1.5481368886195634, -1.314588810565304, -1.7993795103205656, -0.21803050611509994, -0.3956956702317704, -0.5432310625674077, 0.1040587778154734, -0.011958391449522874, -0.38979352643033593, 0.2773865143999748, -0.1870634259785377, 0.3177956741966477, -0.09650006803480202, 0.4233766499845875, 0.5613083010656312, -0.7340233986717921, -0.22908288290750242, 0.25588627984897727, -1.2886653628369955, 2.6563249681243906, -0.8299488178693012, -0.6855524325737852, -0.3520549350147567, -0.023345046105743904, -0.8548707833832647, 0.08146417652364214, 1.135302893531052, 0.6749376589824083, -0.46168473313240066, 0.14279616123518238, -0.7550396984541242, 0.6127010763833918, 1.5106169758756656, -1.4221840515059816, -0.07460885479175242, -0.8155919977584203, 0.6205782546896766, 0.21025887384131173, 0.5970499225132511, -0.16362475083879988, -0.3818295213900019, -1.0460572960773211, 0.815975993667033, -1.6298571463665277, -1.5523875748772438, 0.4758839279430557, -1.69467228254835, -0.3574817601419121, -2.394912954971168, -2.0615755038568833, -2.7243911766572078, -0.7260265213224963, 0.42416933380195493, -0.01202990412040914, -0.9954791623041925, -3.055262478822615, -0.3209085211296991, -1.6909216116379067, 0.9731681707150087, -0.783021822689038, -0.017821207153110613, -1.3258538389872387, -1.2277737173089012, 0.8654461035488579, -0.07336694029649171, 1.3854576743424711, 0.33969608203094614, 0.2175007310362173, 1.3741383405457, 0.18506845011039497, 0.171437525559995, -2.0367553664625624, 0.5885613356464743, 1.4046670398639944, 1.1155861202359565, 0.6560276948621953, 0.3854515446142089, 0.8263411621664509, 0.9866277267000093, 1.2638312023206417, 0.6276365356291165, 1.2190512558552182, 0.2633201994208486, 0.7853679411903381, 1.9200948577584709, 0.13162274506543878, -0.15477663850103252, 0.20766800625216758, 0.6473372619122221, 0.3141148361920583, 0.9585292099748292, 0.2771331883457823, 0.36750252876540296, 0.7714648251205796, -0.40492703889680565, 1.753944194423333, -0.6220390254351924, 1.4211930290035915, -1.1248066194096251, 0.24375274320136908, 0.1270943610715245, 0.8001466646103184, -0.7121764358815041, -0.29415277553272134, 1.2105254166495665, 0.5439002081764736, 0.9490462208973051, -0.5085501830894481, 0.298630042218436, 0.8658434588928944, 1.4240913151667345, 0.669656628399484, 1.0847573690199206, 0.8697540892287022, 0.3186794856695479, 0.2083525203234773, 0.22791244791451407, 2.371024169868907, -0.21702654393872584, -0.8300256250954298, -0.7736866124366342, -0.6172700147747466, -0.5361900345459458, -0.8461032430356906, 0.6225821826756509, -0.8677238534818319, -0.060093662071240894, -1.2223384351563524, -0.028890492014399242, -0.49637016187439315, -0.028802762178614945, -0.6494535108025282, 0.18827869117036333, -0.6959600792753715, -0.6221648842966706, -1.7872203504270154, -1.3854443925407725, -0.287960644061833, -0.15591714292421466, -1.3752277536216948, -0.7777319941287156, -1.2742668059373632, -2.004198200983618, -1.3910805206643568, -1.2672777114172502, -1.3941767119190092, -0.8471206480235054, -0.4195757247272957, -1.3308099119837056, -0.9497485425869311, -0.46610392227636216, 0.27945140699374194, -0.22576671923878447, -0.029987319490062204, 1.1321878720985876, 1.842516210597136, 0.2539943797207542, 1.5162887520309931, 0.13922458516185604, 3.011631353066868, 0.884774625698137, 0.5749042298317997, -0.9184645557511188, 1.2519704439165447, 0.13712441735109945, 0.46896385657770884, -0.08388190896666094, -0.1451921414332509, 0.9231549698806075, -0.7095779699347508, -0.0025509990290312865, 2.2463410233475467, 2.2853723272234454, 1.1872957375228697, 2.636723535223276, 0.9816234541370248, 1.6063279392094127, 3.310965022116738, 1.4039868478201105, 2.0984039435405353, 2.105012839855014, 1.3671680262829213, -0.7602669103709668, 2.3018130484099615, -0.839449460668661, 1.3472316857229094, -0.22249323030565712, 0.09474761559868261, 0.37166618572503934, 0.19722293021171386, -1.1590631790636783, -0.45905960653347944, -0.3192527295954931, -1.2893424219272616, -0.538468033404067, 0.8434982342417009, -0.30696743314682556, -0.347704017404454, -0.28558344822888204, -0.4638774894487906, -0.7154791650931547, 0.21882411989387357, -1.6595066054315177, -0.3472253075392315, -1.3604214186916377, 0.5042701025502917, 1.6201326080366478, 1.037361324700629, 0.7976802109638945, 0.7505847112209316, -0.560188436521806, -0.8592228975876804, -0.15686515156301956, 1.5626982647276948, -1.2528909579895007, -0.6891247557472461, -0.16106556686037365, 0.7271371641043785, 0.7658445975369127, -0.2941119824579773, 0.6004557166182474, -0.5416041234994156, -0.40196414966590227, -0.30951154802223996, -0.6403528947499578, -1.1209420652780315, -1.0037058180718552, 0.21421636438176048, 0.27355499532872374, -1.0707294409820125, 1.6230255240318363, 1.5189890019874257, -0.3491517972415409, 0.6419037196674735, -0.773945391754725, -1.0998171156259713, -1.9149123722339099, 0.3364724501739127, -0.48419749901548403, -0.046549934077681335, 0.8756868590368629, 0.47467281408212464, 1.046438844434718, 0.8626651732433309, -1.6093080027646145, 0.5270444145481873, 0.7800287281395379, -0.669667857230213, 0.15811442297977713, -0.5092597426743745, 0.6407287237189402, -1.4640295834564014, -0.18168918586503854, -1.1256563831845483, 0.15463730792306085, -1.1949600990898672, -1.3986257468145324, -0.2933844645705676, -2.149994357533337, -0.7059386625704926, 0.5038883310177733, 0.06848228040871408, -1.2809459115648496, 0.3418461970898357, 0.7737137160805331, -0.13781675800370563, -1.5143984755181068, -1.1556115943695036, -0.4733073846820376, -1.6320439636693802, -3.0274710040946715, -1.6521711374110506, 0.2879458759345679, 0.7697303430246769, 1.406866948842867, -0.28528379448163194, -1.0155080909792382, 1.4651150685347547, 0.44398387698409936, 0.3758470653422815, -0.36141364081694266, -0.8343447987453173, -1.4226550530525632, 0.27555128416886915, 0.04048566821866716, -1.0360305260504201, 0.288343026608272, 0.00898411550189975, 1.4501393225950212, 1.4450026317272302, 1.149366832655025, 0.7704897072064221, 0.24421188458038065, -0.7325375279855927, 0.8377884840794361, -0.6841878874816233, -0.575808431162998, 1.0863633912066215, -0.40897054472986133, 0.2451740543714581, 0.58078893835618, 0.6143373504493047, 0.4062039319151841, 1.197714515238365, 0.9389436913628406, -0.08093169913129744, 1.2260658693868693]","[0.2402855269473915, -0.480065596351298, -0.2584864645889117, -0.31505563710466783, 0.621430534378559, 1.2256222517623279, 1.2300053585208943, 1.303574800719449, 0.47735474659816235, 1.9017937925949386, -0.15217928721559862, -0.40912191220552624, -0.6722983492427181, -1.057616800189126, 0.6961390386128516, 1.2969111167819212, 1.5298587581084861, -1.5454138182203663, 0.6723088746686513, 2.514907502637452, 1.7432335763620148, 1.196787762475551, 0.65198585270533, 0.6751887828109417, 1.5540981215435679, 0.6842799723789202, 1.2967013771517049, 1.5902820227533865, 1.0466938897246123, 0.5976963611281535, 2.406991248036788, -0.2933274239415485, 0.7772990087770584, 0.08661353184143368, 0.663234717124121, -0.507728801437692, 0.18453190017947146, 0.7178865994289669, -0.06078097007079786, 1.5981593167362056, 1.1900114017794683, 0.6534423763627588, 0.4411193060192776, 0.016614764496036705, -0.640422006024154, 1.1248712600575677, 1.1843519462310292, -0.017711315428086082, 1.1983442025049473, 1.2815785857517459, 1.0353520466590347, -0.6853750417184308, -0.23962098393081374, 0.3310945883553958, 0.5708721297758773, -0.07326351524106298, 1.0862820263861686, 0.6915044187718207, 0.8842059637229609, 1.3492443368805487, -0.1462109119747574, 0.1647734125323382, -0.7071881713270826, 0.7537592418176021, -0.48611979180148746, 1.821304334047444, 0.5289847651474587, 1.279111329951265, 0.3732005590413026, -0.0006900619749591584, 0.46740255048074686, 1.5097845507709093, 0.560140746709851, -1.510700243406792, 0.16091042629292188, 0.024153314663952784, -0.08901526740127347, 0.21034281338559757, 0.8086163002169374, -0.47215197950623644, -0.9224326160945308, -1.3288392589274656, 2.0600943272464467, 0.18451743645201066, -1.0253854583193027, -0.11151427560230213, -0.3368635646582464, -1.1631111067165587, -1.2303489882606244, 0.5334466080379635, 0.3598199060655711, -0.06730109380119592, 0.36109766966025963, 1.5743601519730137, -0.5489385991997994, 0.4747233173838262, 1.632322537602012, 0.82316047397811, 2.2802843031624103, 1.3568238747265648, 0.7297597879935014, 0.10108455382191071, 0.789411767941347, 0.7037778784453756, 1.3218489355229341, 0.43788390079450684, -0.7951375334655367, 1.5682126587622391, -0.199933859398568, 0.9834966730431762, -0.026479144042442473, 0.6868210368197725, 0.6525145087741969, 1.2923121122488075, 0.0737102370316498, 1.5936965851872673, 0.5085448615639563, 0.04861085373030819, -0.35969401889844715, -0.0809804465043612, 0.5631777572851433, -0.5874035936344382, -0.6610042034127639, -0.6436295264624468, 0.013648916266975748, -0.3527019304565083, -1.1921708388168444, 0.8009143344791892, -0.31786503266418964, -0.1386324922576405, -0.584790451857045, 1.2612960434277845, -1.6001626168422374, -1.5094632958503051, -0.7689589179976206, -0.686566448957504, -1.3903564615161668, -1.168180636535317, 0.8003003101782428, -0.9757066265752453, -0.9442352311625609, -0.8540311689290163, -0.7383058670632769, -1.2585438419603, 0.5599081384827683, 0.10679102348134974, 1.517941237888844, -1.2313190701005714, -0.7760824050560896, 1.1162822266247217, -0.006374069497090882, 0.9108570751754407, 0.7749605166736684, 1.5582163484455207, 0.19827790232419792, 1.2463605420645243, 0.34483335002472315, 0.0981362821828264, -0.1452485684481479, 2.311042937553471, 1.4038559854360353, 0.5797343804514133, 0.3878971757278104, 1.1251529810170908, -0.7016986674788195, -1.1521828970877266, 1.137770235082315, 0.24690924752852916, 1.9607006852037858, 1.1861350392643308, 1.8375308742481113, 0.8918462034534737, 1.3582420024997996, 0.9507619291367346, 2.1296505424699235, 0.9115190105223795, 1.3754025186083623, 1.5527258592506334, 0.1358441580577315, 1.1231117890969746, 0.7505926290901646, 0.8107222133850496, 0.16533156996828124, -0.2903794738684154, 0.1633353685424263, 0.6603809795150636, -0.01443647627751371, -0.19306557126950422, 0.9080971385668978, 1.8348936697689484, 0.33835958919446996, 1.0905494762945105, -0.3117673460115973, 0.8442904635095481, -0.05700074033130934, -1.9909600863763652, -0.5228874031932012, -0.2378346868110795, -1.4720135876348868, -0.4801149104109799, -0.14056716411292403, -1.0696650289057918, -1.7758685287745914, -0.6859922187498846, -1.1457256232574315, 0.09862097440366077, -1.6881106867420654, -1.064965490845721, -1.356981139464914, 0.9813841812992792, -0.6756450740012194, -1.9186191939087798, -2.505362607523167, 0.37977080692837517, -0.4545447891693618, 0.537074439294307, -0.3183155772155153, -0.4357422268959903, -0.7577315701781959, 0.27815319500552604, 0.46176553350548677, -0.6706459552555073, -0.12912035991836665, -0.7860618386987779, 0.08465833905407999, -0.8410897059287473, -0.44151553761917073, 0.23659998010222272, 1.2620270655611225, -0.40533442657786445, -0.4661864790423965, -0.006249460839522197, -0.7224006200843138, -0.8872454104904584, -0.29467426447577344, -0.9788401728128207, -2.0552838130063145, -2.3415727931265686, -1.0180377706615085, -1.9279716820476458, -0.5240285130000121, -1.4997057713115534, -2.569390009719927, 0.18475394594626068, -2.5592211259761006, -0.9670980864949836, -0.9891870953147917, -1.1554768552743102, -1.268587261649819, 0.5770132980992384, -1.7490071177243625, -1.5745086103798533, -0.17040964938349903, -0.110063772822595, -1.2993644280243437, 0.6298488800578379, -1.0065790760267392, 0.9568814372442316, 0.11323374058147072, -1.0923556232176757, -1.0493916069081954, -0.21973368626800516, -0.6543760358762721, -0.9312954159850447, 1.0996093698012213, 0.08765638856250703, 0.5915104606418958, -1.38658750568717, -0.27284036886227025, 1.437027562849519, 0.3414646375900354, -0.9240266679137188, -1.0590201595270339, -0.3196760188124886, -1.0101055176534037, 0.6109431159731343, -2.294604733984941, -0.7474419815026303, -1.1388587477575196, -1.6866180676334874, -0.7410591435011975, -1.5468316967454985, -0.5184226171785127, 0.16379852715475055, -0.23002466865975338, -0.5808877716082663, -0.6680005851032981, -1.193951862246973, 0.3998940745838964, -2.0125848742183883, -0.4243856347792418, -1.4106970042159197, -0.6280093200322597, -1.6522725476519624, -1.490542479733473, -1.9464711527342302, -2.176326722077307, 0.40894577869218207, 0.42560416194671075, -1.1953204287229509, -0.16084922446988856, -0.004588028625102398, 0.0445528587065134, -0.06263186240059196, -0.163665034685077, -0.6062389800603792, 1.3487159465148286, -1.6345889448554745, 0.2056439461545049, 0.2633342219949618, -0.17605289433624377, 1.7362823381936925, 0.219161050710719, 0.421487787062738, -0.6396692548867785, 1.1491572148115046, 0.5211685500213015, -0.2971501228946384, -0.0933396977350662, 0.046779330208613454, 0.49228077528334324, 0.4650998014184648, 0.5247831310154251, -0.15852158260502888, -0.8469603321981549, 0.5930826303981734, 0.6491756382130591, -0.5047608036171919, -1.8940986929942059, -0.7593712834460442, 0.07718359191144487, -0.9531060779878049, 0.2693906386688679, -1.5207797883759906, -0.4560795947479225, 0.3770151713170639, -1.7143515038981159, -0.5236171102801013, -1.4152330292032638, -0.6293329089146373, 0.9229723489710823, -0.43517600437130877, -1.215115511272311, -0.5724039807253869, 1.4316274534391258, 0.054413999751620215, -0.4583636956541612, -0.5753578431686841, -0.34487021952528335, -2.143143923070897, 0.17729942232225968, 0.9577924859323507, -0.4820210070575485, -0.5202321755110945, -0.33191875361845946, 0.04932188521043004, -0.7715057134716015, 1.3125580679303477, 1.089023816690481, -0.8821053321303621, 1.2501244876547275, 0.7986780218267886, 0.3331745731915631, 0.7120982353820624, 0.8320968500966476, 0.5755371933094375, 2.4639077233053115, 2.5168487447378816, 1.337893157125808, 0.3114342927345565, -0.3323502171778176, 1.234774595522517, 0.7644547361863916, 1.458966093524323, 0.863457335215231, 0.6254863578669373, 0.39793078272364923, 0.08307569871319825, 0.6251194658539576, 0.9499920421491833, 0.7697258122824101]","['v106', 'v88', 'v13', 'v59', 'v21', 'v49', 'v115', 'v41', 'v84', 'v89']","[np.float64(45.638576693665215), np.float64(8.982398053818011), np.float64(8.832346677040835), np.float64(12.916372198105533), np.float64(15.996124698438896), np.float64(14.431898759183724), np.float64(8.089310620896557), np.float64(10.48293671772058), np.float64(34.45905264581453), np.float64(22.938640330634396)]",3.006254857505132,3.113964548752112,3.024394641711869,1.3009743176315627,1.0015756800415117,1.331071724219515,1.1699365069342182,4.233440541998862,4.251543056048614,4.210475715748505,1.6106577571478036,1.286556281882813,1.659829855114527,1.5327687833747143,1.0174040887922242,0.9970807279612178,1.0575285546230044,0.04199078876814021,0.02387319349678607,0.21546122236653117,0.13050336879297225,2.312371564061082,2.6099626737988344,2.476971291961407,1.2016629242219046,0.9391435501002907,1.2293152939290728,1.0608176051633127,2.0,1.6418207376954712,1.7168613753344322,0.9211507843198373,1.101419855082553,0.9258357478808564,1.0555924402166448,1.0188576309022284,1.1234663544759456,1.0917463058772077,0.32386964864756246,0.31321203225100197,0.3642553756643122,0.29899523583879317,False
m565_b,f440,"['39', '40', '41', '42', '43', '44', '45']","['451', '452', '453', '454', '455', '456', '457']",m565,f440,False,2,forward_no_out_standard_k10_lda_nc2_sex_on,forward,lda,,standard,10,2,19,7,7,True,0.004974390845745802,0.9950256943702698,0.9783520102500916,0.021647978574037552,0.5381627678871155,0.4618373215198517,-1.7367890808041422,-1.409129885820311,2.215350219461709,-1.0947911295380004,-0.008792461865099613,0.046003798182436106,"[-2.0322396106708163, -2.722144929068979, -1.6455572180838471, -1.9209243363286532, -1.7471899749158988, -0.8888452311027117, -1.2006222654580878]","[-1.389699411880787, -0.5066744507934788, 0.07103308336275657, -1.4188397927280885, -2.6275159586871313, -1.3760165789882166, -2.61619609102723]","[1.946560986795343, 2.3455182342756573, 0.9347053485776535, 3.303288960875681, 2.086075827242295, 2.2877591703582425, 2.6035430081070907]","[-1.8071103143364373, -0.6900434480559045, -0.1979703061893056, -2.970474823689603, -1.6621005941453897, 0.35787392552611996, -0.6937123458754847]","[-0.8514713702937532, 0.27809682464441493, -0.21568191955713661, 0.23162956856851705, 0.4690571784765782, 0.38928917344410197, 0.7208747612374017, 0.7925045312525058, 0.40706953846638544, -1.045093431757369, -0.06289610606927651, 0.08529960960477952, -1.7085532852078036, -0.7073670770829249, -0.4095002926718105, -0.5655154446160261, 0.33393525677865993, -2.2177932113935657, -1.004722127924411, 0.15067636156191788, -0.27071564800414644, -0.6268271438725815, -0.8310362134340278, -0.534884049529882, -1.55841780146892, 0.37563212154905695, 0.6646502372167399, -0.5922511399895134, -2.252601296268124, 0.679179427229657, -0.5931611774691128, 0.608142642354145, 0.7187074029974666, 0.6693722959351274, 0.5866898733520018, 0.2866896716687726, 1.394642257045805, 0.2719539672240025, 0.7528162404720675, 0.21736734701152982, 0.4246683937901358, 0.7166957933788229, 1.1663238160465745, 1.5422055939345367, 1.2411325797867407, 0.589596009114459, 0.27244222912697846, -0.25293152688619663, 0.5734662559171877, -0.06962461889749462, 0.965392186855714, -0.1609352200680172, 1.276330460751374, 0.10863310434602842, 0.7257471900137608, 0.5875327922843749, -0.6880500466657405, -0.17028793058339511, -0.4354026479238273, 0.09793728573557292, -0.4148837635424167, 0.15354419737910752, 0.5136722135956115, 1.0628108787734605, 0.27292190852882187, 1.2050045827130234, -0.29567110235622457, 0.6194822895711727, 0.569804713243124, 0.339987607741286, 0.14495615011301877, -0.8062106804107044, 0.5243223636537372, -0.45176992882102557, -1.5571649617036678, -0.009812094648507384, -1.3750627635031252, -1.1206474427556015, -0.09852836135260877, -1.5891020506941207, 0.8888861836041412, -0.014014520481365625, 0.3470617377293426, 1.1035733883176984, -0.17881622415987852, 0.3667507900886207, -1.3952098117768226, -0.8085475291596881, -0.5464641042862453, -0.6794312361152136, -1.1733395896154526, -0.30876991665518305, -1.78143006953758, 0.1433072312347878, -1.1978275166251087, -0.433613386778071, -1.1278537676975993, -0.15869802578133851, 0.4694698455044472, 0.4469551353417577, -0.047139322186232326, -1.0479429060885024, 0.1382054534751995, -0.1212836465990568, 0.09231152605815009, -0.5188460199089922, 0.7672226574725691, 0.08190897797701176, -0.8861878869829328, -1.1629375139008438, -0.148445275365533, -0.5071759988667469, -0.8485862541675988, 0.6390979608248886, -0.2951951782979665, -0.507632500236443, 0.8114223480618117, -0.5299638919743662, -0.7145590476118655, -0.8804098388571469, -1.2399241348664627, 0.48885517196866635, -2.043687488460154, -1.5546399627696939, -2.3293724487155583, -1.0553857877558053, 0.04637234525021217, 0.24861864622350574, -1.6662530339485215, -1.4395375367140528, -1.2868018162440662, -0.19366173663377576, -0.4903100427554013, -0.8618291733286364, 0.009038173528545489, -1.4383506704629851, -1.5640197794138506, 0.024547371502372038, 0.3312740864025895, 0.14649920075539558, 0.2693699812976204, 0.15048813957718196, -0.2051120323930869, 0.5225068990913923, -0.4584070420122845, -1.9004385595147086, 0.08708967596346763, 1.1094536950757756, 1.1786723504975707, 0.6443007539363123, -0.15224044654566207, 0.04506912920545902, 0.3577247981720496, 1.12936428383345, 0.796492165072875, 0.03483271523257155, 0.3042945858337751, -0.2507432566221248, 0.41509535321339164, 1.1852801648476403, 0.8902594177012657, 1.1936869968996837, 1.6913125309994725, -0.05881639505313041, 0.8516476824790772, -0.6394993371084435, -0.09694306695720145, 0.20785110787585792, 1.2529360625955956, 1.3930465479602565, 0.24271352544000172, 0.503464839924487, -0.07673580495259463, 1.2465427211762559, 0.4188894535860338, 1.4515072198559131, 0.11564236272640165, 1.208216504399124, -0.002577383675628258, 1.2947788719487237, 1.0169925091087235, 0.2943698538247803, -0.013129994537680581, 0.12464657594153755, 1.3543637676814326, 1.4574119828481031, 0.8515556302349444, 1.2508046185385933, 0.11826600793884795, 0.7276230907725123, -1.475428785616147, 0.8217333828937153, 0.8298096515774845, -1.070291413156171, -0.2721265948267117, -0.8704901539122449, 0.7655426313680229, -0.8435582370588931, -0.8766334681273643, -0.7498018915442315, -0.5914435693648058, -0.6544262166434894, -1.2377543401528242, -1.4267446835132602, 0.3347854781851259, -0.30855289690660426, -1.1501929314418087, -1.0429347949547574, -0.537727290757658, -1.7823457824673732, -1.1219084474051235, -0.5632179663387045, -0.08282461103735106, -0.7005482818650305, -1.1371205582041384, -0.22117463822130204, -1.5171289202095513, -0.7688465653802994, -0.6904615937678981, -1.4631618881160977, -0.8261844380248679, -0.35042770208083607, -1.9200057954207495, -1.0609648372679983, -0.545972467598185, -0.42092497524482564, -0.4636478848098352, -0.5126781550512851, 2.516014507054616, 1.7304866598035271, 1.7336158916515119, 1.9713079791983388, 0.4357518402367213, 0.8131022522029796, 1.1911015203286959, 1.1370679355141151, 0.2126370655997765, 0.91920610643659, 0.6600778943248282, 1.791159668568383, 2.4172580663374865, 1.9354081553982156, 2.442244905776018, 0.9083383945201894, -0.19653798812672174, 1.834618792118513, 2.71468293117501, 2.461450088595623, 2.1789012353946546, 1.5209263688080554, 2.4465195428251287, 3.014519022973188, 2.276404265460313, 1.7208215028730232, 1.778470685740519, 2.4992746127158374, -0.8012578703768074, 2.2173336751534163, 1.381467934847808, 1.6185535585674125, 1.8005466634653073, 0.7763796016577496, 1.0429052972514152, 0.13413336382259025, 0.7390125131227379, 2.559779409664814, 1.0509687700560484, 0.2867009042271325, 0.5365095230180308, 1.4463944765362173, 0.39616422738794504, 1.0633659143727772, 0.6634051362722115, 0.07199434639898694, -0.5293935128400228, -0.14900663918206114, -1.872076825568686, 1.0404030645196773, -0.24349254557323943, -1.212315299469569, 1.0908951169617578, -0.38909435064136766, 1.0979469536334854, 1.086216934733551, -0.4841854822258847, -1.200001461473861, 0.18877589094041117, 0.079270534006194, -1.1890828812935457, -1.081250363781655, -1.1668281192418986, 0.8165901495384364, 0.4496265267105909, 0.07546670656676972, 0.8167677910126943, -1.369263884486845, -0.43264056305704124, -1.4204570278653803, -1.2894838184952313, -0.2394764214103579, -1.028252183872565, -0.8610867198533598, -0.28699112811981714, -1.3171163227582945, -0.5730898993301182, 0.11926381860939049, -0.3086765687262917, -0.9709501200266315, -1.6135365439742488, -1.260481614858648, -0.7509065206445503, 0.38326684124402505, 0.15299941711460277, 0.11760651100893481, 0.3296533192622937, -0.40047604904916634, 0.145681712882491, 0.8234542809360094, -0.5856605986973712, 0.19755248592253274, -0.15752007161877887, 0.5863917262972124, 0.08096289309357167, -0.22785404253953515, -0.7597250183887666, -1.1102499735304392, -0.41796338508946806, -1.5592389841171874, -1.2356021852026604, -0.2525931515801374, -2.2420242915592783, -1.7309807907852608, -1.4097125610969374, -1.5318070874116794, -0.08811392034850406, -1.3067587503247005, -0.6925197802313059, -0.8642048307768563, -0.10897013674913741, -1.0072980101599964, -0.49873716245014216, -0.6032579932860258, -0.39694507571573406, -0.1481284422487977, -0.7601284076385068, 0.34354362412814554, 1.075980988392515, 1.6068291499179599, -0.40809176632466654, -1.2153792276766198, 0.23979964098203221, -0.36791553086265233, -0.6234826500715127, 0.002834236890565055, -1.0809776793428174, -2.456644578978007, -2.34141678083389, -0.18236308236104162, -0.5875974054107405, -1.7894314409085725, 0.867082477751106, -0.3148152013355663, 1.041762110034938, 0.3647501112558747, 0.7213928778791624, -0.30903584237926585, -0.2228335085302497, -1.398599862794054, 0.04240899697047586, -0.5136751045678809, -0.8920399423566779, 1.1446203472732446, 0.20315653421185692, 0.7418727543429245, -0.39771866529796, -0.07141505299563171, -0.7122109498468701, 0.8638207873995482, 0.06815759785585421, 0.30864272640237267, -0.16304743206858768]","[0.32193406686066556, 2.2072212966565323, -0.6876035394312525, -0.45615776569828265, 0.2502452480696497, 1.7700843771331423, 0.6625901732631426, 0.08744709684238756, 0.7002611311021882, 0.3645887372038608, 1.0300912591505214, 0.797623526992569, -0.9214776409606587, 0.8571943698817326, 0.6611449615571708, 1.1140599078271152, 0.6608239735314901, -1.003237664555727, -0.7862882092530448, 1.691668861304771, 0.08152209936044369, 0.6135563666388635, 1.451879330865059, 1.3429454808623817, 1.6847143079897708, 0.7656932069336271, 0.4680099575449553, 1.534953803685119, -0.8413111268457554, 0.5260632754591383, 1.284404449573266, -0.3954953867112517, -1.7569346037211975, 0.10798481177647365, 0.3679987534462409, -1.2789636363417094, 0.5454693308584062, 0.5115356039622578, 0.7057966221047056, -0.6713201580022832, 0.9008384834416314, -0.6551382603811041, 1.4013765432780514, -0.6660207680018958, -1.194393507707675, 0.4035358592437718, -0.9717485491894303, 1.2045598316931372, -0.1983978394143323, 0.2694049350808933, 0.5322384935940488, -0.12529830572960332, -0.6751186042756581, 0.7282763972946915, 0.5013932101613717, -0.07105301238499512, 0.8292780697062081, -0.28921904928093695, 0.9060773117609622, 0.856140622397305, 0.8316777615538226, -0.7490214662014527, 1.724738951948632, -0.6006596754818455, 0.4829557640245703, -0.3861356499989439, -1.1913301703557964, 1.8110786957286482, -0.0353389313767012, 0.451392197546606, -0.6064759325132381, -0.541100901804048, 0.31020358428838274, 0.19700886935525436, 0.3496878786420555, 1.4914301024524603, -0.5463905282730633, 0.44094622625888846, 0.8092317050554314, -0.26435738063840164, -0.4713837002332908, -1.7314466867464247, 0.9746859771685459, 0.10194648007143786, -0.3164433180235905, -0.7993565024278568, -2.2957585235791895, 0.17289673330337102, -0.9963650298526794, 0.09678939656451536, 1.3073362880818487, 0.46436443570315994, 0.8693039525100156, 0.17333866875451892, -0.06192767863298152, 1.0442710290453043, 0.47989301422759917, 0.3130330498101872, 0.9210438598742299, 0.7152456563674799, 0.7331295645091523, 1.0707372230590673, -0.15781538390408123, 0.3384525227632869, 0.3333661374675315, -0.3884407945631709, 1.7583044518985638, 0.18900028078745612, 1.0815189109354726, 1.2422629886574132, 0.02114977546260758, -0.4698388369639232, -0.08764104938215138, -0.5834760326074566, -0.529477472137602, 0.08602619096972172, 0.9926077410369093, -0.9135372630072556, -1.3375667275488736, -0.9053970348775824, -0.4421665006691263, -1.3562429560061835, -1.9260227579215532, -1.0438332167108537, -0.3080279096287144, -0.15205129225253292, -0.9531131473668721, 0.7388771691392593, -0.5110230381493763, -1.0089378305836574, -0.5977775810892968, -0.7977171451952597, 1.3998418163707314, -1.6811096462705284, 0.25488414755512495, 0.5008407202825795, -0.8692270800765851, 1.8271292170987872, 1.3968799874149704, -1.77335061860655, -1.5210004448320298, 0.7044754454348666, 1.404465022335191, 0.2295611944542349, 1.4366493955000623, -1.5428499827353368, 0.6298320257664379, -0.5752656618109269, 1.4649152812772603, 0.40488086532918394, -1.0692963442897527, -0.18292278862689607, -1.459216038228001, -0.1229289163780106, 1.090388846094746, 0.9108473094371804, -0.1557702748876375, 1.338044096175997, -1.0977287139999785, -0.3590503686374271, 0.08547380366423465, -1.3486280038194587, -1.3364536906221407, -0.2708088077765333, -0.6206999781836557, -0.1475705845430276, -0.19626383233382882, -0.5959778984824582, -1.9622611613784176, 0.41933105994127673, -1.1160283737088421, -0.5719632285422277, -0.3575950304405288, 0.23821278785840466, 0.90748378471002, 1.0385030499798011, 0.05777987421819286, 0.12507200184506595, 0.48152736788805045, -0.6230762449596573, 1.0230134657312306, -0.5674554640125229, -0.8844130340644454, -0.8618959693368731, 0.6631995694434939, -0.9478311370426724, -1.2260521240800863, -0.582645026551592, 1.197218140588121, -0.4000871742666849, 0.09813228397370964, 0.4069204177525301, -0.46785857035502, 0.39782065826634927, 0.8305756820382986, -1.0230547472478246, 1.8580970531971353, 0.38410782563245915, 0.847167074903022, 0.6828105789356138, -0.7728045327364664, -0.3475872045967414, 0.5052862085987109, 1.1012931220913493, -0.7211778612443984, -0.5271158413241736, 0.7601459528416481, -0.14556928348099962, -0.0448986105054023, 0.33555541272071254, -0.35946789731363615, 0.13990680761441346, -1.179338442815018, 0.1463972630601953, -0.5004563404344965, -0.7789925247427169, 0.2522363874359853, -0.9396172985682553, -0.08269783507234445, 0.30332136797864323, 2.2437163935825595, 0.014618773895918482, 0.5792938727877001, -1.2389616585184078, -0.41826570135124297, 1.3456589844509035, 1.355363849646403, 1.5544244536628615, -0.8130024918440689, 0.7575713849322296, -0.42797862210352927, 0.2005405700980055, 0.3438061081784836, 2.0142119137691648, -0.5477839723959106, 0.02893207026381865, 0.013035834589184832, 0.47635729172276187, 1.3548492111496375, -0.2734172823357888, -1.8891961240433286, -0.32824749985849166, -0.055933412676557416, 1.1415208251114912, 1.1697742551507972, 0.3852074216905624, -3.0091870670980474, -1.2449375017792208, 1.007442398941498, 0.28260417053548953, -0.41914498037882375, -0.8139721843104767, -0.585645405885414, 0.11204277639594663, -0.22109094292764517, -0.7595022577412935, 0.8156469910460176, 3.0597399669471335, -1.1340651077920065, -0.1058668079772599, -1.6746085381563898, -0.2634672214334683, 0.2146500362384305, 2.313670281410099, 0.5247419719518068, 0.0641325665186257, 2.2646999813958715, -1.5905291485411928, 0.5809576290003371, 0.443127979858082, 1.3422838907656773, -1.6331363998036328, -1.9019051008417676, -2.1131855690246963, -2.033333524493727, -0.9664132682938068, -1.7853392156742955, 1.0182907443462397, 0.627135260549932, -0.9584563568227134, 1.2620109169247553, 1.1053295489034944, 1.1130932884449154, 0.967183881119725, 0.7527182293786543, 0.5177227364921644, -0.3540385519179202, 0.040104254712836455, -0.15867653271920734, 0.5500178362587189, -1.5690704196224592, -2.245523352153542, -1.0949122019784137, -1.6207806303113623, -1.2182591897402282, -0.476733538035556, -2.3059833339523697, 0.07166840912470557, -0.3804258113515165, 0.884356808595224, -0.2419995917594442, -0.8107067037570849, -0.22520544360339792, 0.015962371495953823, 2.3460881619795835, 1.877184189718397, 0.16258486867611538, -0.3967712571787291, -0.12062417406151278, 0.7673794127485383, -1.3744079201457282, 1.2895620339453302, -1.8824695400497615, -1.4204870644154826, 0.26196246971374904, 0.1030321376367051, 0.6907546813540323, -1.129001258049537, -1.699845236882889, 0.7685264717644517, 1.033174976146107, 1.049625127767963, -0.13521322523946103, 0.3711694317737091, -0.010039908521536467, 0.0017332847016755212, -1.9245756472790871, -1.8541525578957754, -0.6587435602640875, -0.7794399904068858, 1.7153408682669835, 0.22609931759948185, -0.5659374886845158, -0.3891639401449748, 2.1558206372881017, 0.11959773574721404, -0.1500586397728592, -0.5887525973810853, 1.8144482891146052, 0.16597111174468326, -0.3789277820491, -1.0481456356434424, -0.8536458575509429, -1.8050060534490189, -0.16238509182649963, -1.6920579013166799, -1.7738909379682126, 1.7666515490780634, 0.8424118193857222, -0.27358817331842705, 0.33863247551917086, 1.4952925484311985, 0.9772389281969207, 0.2844296903665779, 1.1744180945212737, -1.2064049680532845, -0.7242418602766344, 0.8317153979245643, 1.3277492200470238, -1.0393591883594995, -0.8376730008701828, 0.5776110341687067, 0.9646239368740217, -0.6939127580885077, 0.41645029462464167, 1.1484237557597534, 0.2968299943218356, 1.0414551738912343, 0.8383105555809256, 0.18972044699672955, 1.0318627858865064, 0.8771281765394413, -0.7349036062464968, -0.024270453529834805, -0.5947951532914265, 0.35647949245953053, -0.5443072539597019, 1.2225374133081628, 0.5632570100855666, 1.214438053133591, 0.7996448118677374]","['v9', 'area2', 'v58', 'v98', 'v52', 'v21', 'v40', 'v69', 'v73', 'v35']","[np.float64(65.05854337323545), np.float64(12.230811261334322), np.float64(15.562355677332608), np.float64(10.995604348363148), np.float64(6.1730816705666145), np.float64(13.512125016528431), np.float64(39.457102234097086), np.float64(39.60745691476458), np.float64(6.11175087105257), np.float64(11.038261185945478)]",3.964620272158099,4.203615143293675,4.127314435592788,1.5051918050705244,1.397317851591773,1.6870777859012254,1.7409133533223022,4.266478056548162,5.13179671156824,5.0774138087713565,1.8853347164691523,1.7652399943356512,2.1766229234839867,2.1645796992156163,1.417046709170564,1.4402708922779237,1.5525482961541202,0.18275101586590026,0.10049258161751407,0.1094052933648633,0.09580129975756957,3.952139300265851,3.957912732323039,3.9910754523595044,1.3768692933699467,1.2378165468063442,1.508930053073366,1.356727974080338,1.125538606990496,1.5350115467329875,1.5327551818010146,0.7153388394060783,0.6382183836636752,0.8271365438429886,0.9842244001636484,1.4305125181732932,2.053701643971287,1.566059784857258,0.31403264425516647,0.28431869126037657,0.3442921962783502,0.3109917959096582,False
m565_b,f1022_a,"['39', '40', '41', '42', '43', '44', '45']","['552', '554', '556', '558', '560', '562', '564', '566']",m565,f1022,False,2,forward_no_out_standard_k10_lda_nc2_sex_on,forward,lda,,standard,10,2,20,7,8,True,0.004974390845745802,0.9950256943702698,0.9976875185966492,0.0023124595172703266,0.5381627678871155,0.4618373215198517,1.2594281228625508,1.6486626505095836,-2.3893210231210067,0.7357506571824857,0.027030370931575388,-0.04573922260112088,"[2.0298466853602157, 0.7854330317847856, 1.7630435075812083, 0.3944631889740117, 1.908583524921205, 1.1951562728285388, 0.739470648587889]","[2.086848379609653, 2.7859407465153185, 0.3115787860207694, 3.0210506650085147, 1.104456795538005, 0.7820984814481937, 1.4486646994266328]","[-2.340853635967176, -2.058000351574215, -2.3508788282730384, -2.675086515233652, -1.5946181503552446, -2.526410232415357, -3.4172365964849365, -2.151483874664435]","[1.309089425695312, 0.596933609488177, 0.5643140030660388, 1.3622638532777307, 0.28509391186232014, 0.7862934074537187, -0.028198970097328246, 1.0102160167139167]","[1.7227799290376686, 0.05373177036893444, -0.14647725708478493, -0.6048653011324775, 0.05071619197028618, 0.3862389891457419, -0.5392637562030379, 0.4419488301038587, -1.8361534758596894, 0.7966323429484234, -0.016971409663636382, -0.9099490846212964, 1.9820095132063253, 0.9619832679430403, 0.36070084491774845, 0.5379918994436111, -0.7512760754427321, 1.2493549989744903, 1.384040099341344, -1.2476285633848971, 0.13281218513304807, -0.22868941186170036, -0.3276427928339604, -0.940229297022169, -0.40984743155595654, -0.40364083930297595, -0.44286999864393456, -0.37391536075452503, 1.673497121688576, -1.8885413768737034, 1.0979917534309802, -1.4360897323723396, -0.7568205025512521, 0.6814623119329623, -1.0009934712019322, 0.14875467419558908, -0.011485796238398358, -0.9745919618119608, -0.9678715583052888, -0.8364475109458657, -2.1107341075173163, -0.43347787495703755, -0.8657084018888297, -0.9702259665291745, -0.6341491913830091, -2.6535845628033257, -1.4018806630860194, -1.270894301395606, -0.25750483358999143, -0.37473353349424054, -1.8422585855427616, -0.30155278922127937, -0.5307283162169305, -1.457255442358904, -1.3008315810047164, -1.8284077010904474, -0.030102671430051287, 0.5990438002717862, -0.8310415233920219, -0.8098314303097146, -0.4570237017595303, -0.6261084447260806, -0.8584168974238433, -1.002480945559342, -0.5819018931611701, -0.9572141007628612, 0.439910787491217, -0.2471509397338257, 0.49127156991325366, 0.398115677807993, -2.5005538475778786, -0.2372090557996905, -0.5063509512456685, 1.9307394359054122, 2.1282138895231397, -0.47405663386360863, 0.6126457547213104, 0.9964223566786774, 0.012564177967491767, -0.6927094542657047, 1.4692952058245425, -0.32995144990507713, 0.2842197437597448, -0.17569005248439426, 0.8172193412255873, 0.9209142640173218, 0.007872355185589756, 0.27904707138880996, -0.2603174283904635, 0.7552227103840237, 0.501488103049256, -1.1400769496515613, 0.42627132703260207, -1.3599972395184745, -0.3987756924994842, 0.7775811010881779, -0.3313725359190517, -0.5374194842417288, 0.15916393832356637, -1.31432433289972, 0.05498955962719087, 0.2915146140916933, 0.4976724690710164, -0.3220288435668956, -0.7598829814232975, -0.09331319077223572, -1.3648459359223402, 0.027866170348659295, -0.5471418008033294, 0.7323700807206917, -1.8103051447384624, -0.6361313359118438, -0.21714056139722898, -0.8887277079598696, -1.4103295257343489, 1.4523310836514074, -1.8369453890428982, -0.12807276724195213, -0.4200437083820099, -0.05021872138343231, -0.8575021366265588, 0.11452272582826416, 1.2366683400271563, 1.9787691942868182, 1.8272516345217924, 1.1334732882747547, -0.47633527682663684, -0.8538821736562914, 0.8970876708965915, 1.8431386390904023, -0.054348945459544794, -0.61685543755469, -0.4853608350789982, 1.3778506563259967, 0.14849627679711272, 1.5937369317703627, 1.6526006215570201, 1.0311847870121889, -1.58351970779404, 0.2226511004955773, -0.06792555959009718, 0.009079294820062858, -0.654233014548738, 0.6937262047728142, -1.7530717031165397, 1.383352075981386, -0.14935192730479702, -0.8882422170036909, -1.3410831291564997, -0.08010112237257752, 0.5153790562184152, 0.06315643763157934, 1.0502283361422498, -0.06522692662641444, -0.5327520701164931, -0.16135414163721112, -0.4069189497021089, -1.1591408859358108, 0.0470352264276875, -0.49983638115592516, -0.07355498344651155, -0.45496359346663223, 0.2792683224029016, 0.7974600836456113, -1.9493530595587463, 0.265595681203619, -0.9088041447907148, -2.932044392684031, 0.38709188437766545, -1.0044923710139328, -0.026933592528951465, -0.12665755871261147, -1.2178490907370814, -0.6392229422384743, 0.1370610357219422, 1.5192734519761142, -0.08229630133353798, -0.8589147560482101, 0.3711208983936931, -0.6329131321800399, 1.7886558412728601, 0.09044751121100635, -0.8497665836059842, -1.0071674674977196, -1.6685653099663869, -0.9522953119525358, 0.7685922133755834, 0.15530473057617683, -0.9421931550319645, -0.38620842571251424, 1.5853011749510373, -0.9870846681569304, -0.7191785180637267, 0.6506908962402524, -0.10575677225538863, 1.2556667571360929, 0.03321687802614896, 1.0020727447110882, 0.5801184147068958, 1.4732355122381184, -0.5570465158279078, 0.8552307534471816, -0.7958346473117194, 1.4692386218684295, 0.1957972951332644, 0.22344234859463877, 1.215154218280599, 0.6877388466115785, 0.4268942071731794, 2.0663607963279897, 0.5946536887828707, 0.5110023445443823, -0.03278534642702687, -0.2839106328741163, -0.21998054582535162, -0.17215433314263642, 1.455042532809312, 1.2170466197835306, 0.18354393566440713, 0.5320417509937804, 1.7514754246528985, 1.0265771562264039, 1.8744923796690605, 1.2914112491147043, 0.01749098202772157, -0.9161020139219828, 0.7970998188328726, -0.3824500310744616, -0.950845518983709, -0.7652776119864746, -0.7879037578434287, -1.0701789438400968, 0.035792760747336935, -1.461862172115616, -0.21704825570222724, 1.0664070466358413, 0.8804225534241674, 0.6951566010681667, 1.0020552458000873, 0.19308025030271017, 1.4169107017825056, 0.6031556743881555, 0.32267551863552185, 0.8129785332177166, 2.0454222264541984, -1.333893694567652, -0.7469199252759768, -0.10116672853768652, -1.8964751615951156, -0.11830528787233008, 0.11221183574522396, -1.851532690668094, -0.6454823109607047, -0.4090178809978622, -0.5642803516030171, -0.1853410504775012, 0.41972605466259355, -1.6320308521011944, 0.18720532740055573, 0.514034931172278, 1.0442569446264414, -0.3965562156574017, -1.4295407503271622, -0.6628538152611017, 0.6643355945612526, -0.09247585093372931, 0.41436738219331526, -0.7482664205077372, 0.8843848792326943, -0.38455828432658157, -0.3119743422949696, 1.7489688003660369, 0.5835156632768491, 1.606905215435479, 1.7163671293940514, 3.2227230417018613, 1.8048396178082586, 0.6686961454945022, 0.3135929893760094, 1.4158703557334285, -0.3898672942050359, -1.3959243344515688, -0.4667575349086937, -0.8397600438908297, 0.31885133796182336, 0.9055065745005743, 0.7534784270922563, 1.7822548215193526, -0.9364486510775222, 0.8325929042072643, 0.41657859463271174, -1.1673902011162849, 1.7744397311079225, 1.6643342591126944, 1.1422512663805187, 1.9606399439080096, 1.5057524029576803, 2.409474559645782, 0.4491377506798945, 0.5508398903211543, -0.06741993654037688, 0.6719589145172401, 0.2831072360810026, -0.29718516859064903, -1.6996755291549308, -0.9607386740662542, -1.5221788081077317, 0.01580926640096542, -0.23498297429420742, 0.10392643349369128, 0.4381328568107261, -1.1216291857502174, -0.8015474825207716, 0.1630108213215781, -0.7212437876568939, -0.3111679476860349, -1.75107786633707, -0.6501841285475266, -0.644569236424803, -0.3506011579814934, -0.2561536665410015, -0.36962008216335474, -0.7393549747762386, -0.5250290658877419, -0.6032116562865885, 1.479895334414763, 0.8992356046983857, 1.839627560428209, 0.52650942882737, 3.2561448124175403, 0.9511288730853683, -0.33945965717746723, 0.15539430969056442, 1.5855432600671593, 0.23749087893649823, 0.39691687148404015, 1.5998853023220672, -0.1881553137051124, -0.9958371155555464, -0.17662759865526978, 1.1475357831627337, 0.1636119080480334, 0.19172795603017062, 1.1349027393210054, 0.9987744307571454, 0.4882778865087855, 1.0383166646501614, 0.2592455216607005, 1.870265753379898, 1.9527901699815573, -0.4907048546909786, -1.6636492335394504, 1.0361938809920155, 0.3738297314172365, 1.035275901796738, 0.980941187173715, 0.7620604456564806, 0.02086940394919823, 0.10192785585013635, 0.7886682097824537, -0.8115511951959458, -0.05639653237342105, -1.3201957755009999, -0.46505303817959454, -0.6187302769118352, -0.29945057288496124, 1.0843132236796007, 0.4702870731281227, 0.08033572942597748, 1.2203697798181912, 0.5662934452575089, -1.3813693716447821, 0.719443842233096, 1.0825388351414065, 1.0525273459849818, -0.1827891380880953, -0.4088140217056019, -1.6438548100652315, -1.5396820183897117, -0.42130093187445405, -1.2705268972151773]","[0.2681403318916407, 0.943803264352469, 0.618005652790151, -1.4407910419860575, -1.169780446951848, -2.5068680444551883, -1.0635200442874622, -0.4421818810894342, 0.4076541277949757, -0.3649094479581495, -0.881537596323934, -2.1238366330334237, -1.199282902807445, 1.3370809324394457, -0.2958004885052089, -0.27589085952215575, -0.739155883491686, 1.074080038190762, -1.1490907549643696, 0.6602141292502076, -0.8683001294290211, 0.2630622493650585, 0.2820545345844177, -0.6813082989563755, 0.4177640240381887, -0.8733879344899854, -1.299780820398558, -0.15726509000941374, 0.3341194359237757, 0.5436216099521345, -0.7920828619965783, 0.6611761639340632, 0.2555039061291927, -0.26019850595514776, 1.0499299236827533, 0.1856988677054351, -0.16858594519292588, 0.55039912325405, -0.5064822163741466, 1.5301101355442346, 0.9663261676486152, -0.5980245928535809, -0.05397506586672994, -0.7206904992620404, -0.8829926093841033, 0.8901786042864073, 0.26248646072197024, 0.9918351742545358, 0.4905612521813268, 0.8741397194607051, 0.9031049082583543, -0.9128850505829175, -0.19200353160032488, 1.1159688389438414, 0.11303330695719452, 0.46884598105644043, 2.146628804435126, -0.048583990592592545, -0.16229038204317664, 2.353080946212858, 0.1429965833501546, -0.6647123955137164, -0.2769783157320422, -0.616193202580691, -0.5098908167300259, -0.18423881395247352, -0.015650552411997427, 0.08903684430973048, -0.21795206279289508, -0.5489944291894012, -0.804141140832845, 1.2217588703980948, -0.21402404206220155, -1.307887592935383, -0.4780142922843224, -0.3429707528769635, 0.0035800404205232218, 0.007189222136831401, 1.1710979626412197, -0.4034728649028402, -0.7868353251883647, 0.3571439964836543, 1.5814429395225746, -0.40889493933284515, -0.6015600598118539, 0.4433404015358076, -0.8438539356438386, 0.21673882306363132, -1.4005350057937354, -0.8080204878279444, -0.13208786037777306, 0.5530417100447345, -0.12680094854409416, -0.41021264069908014, -0.6065892492600838, -0.26516313786410944, 1.5846674481445238, 0.4955794257574463, -0.6445947451664036, -0.6822675152350717, -1.8292039134496314, -1.3287825818820855, -1.0213149719254118, 0.1529818675991628, -0.7373005703130807, 0.43734915628227605, -1.0327353698865287, -0.2631165703997022, -0.5864557815283648, -1.8047109537772557, -1.4052390179535295, -0.15852520860076283, -0.681568410910757, -1.9438458508941157, -0.5928469117482666, -0.5095972745429418, 3.1804221965690336, 0.41317532949807173, 0.33578625599471235, 0.11667385857702725, 0.39317127460559087, 0.10153854319471473, 0.3136978994358081, -1.1838811837204823, 0.5097413542204565, 0.6876331972047149, -1.3999176935018518, -1.209705195710216, 1.5410446350034355, -0.06479975039951465, 1.634864247196748, 2.8316704278301854, -0.5192051845341491, 0.010207433221184985, -1.9231934348482214, -1.7850199771419168, -1.7569460221447557, -1.898915561310898, 0.5633714840564867, -0.6000909763224217, -0.3704349981457603, -1.0756871611743393, -0.4652624906113561, -1.5192759301277847, 1.6555657488204516, -0.4678266418608281, 0.4200987918463158, -0.8123921302315548, -1.0708841284314214, -2.185966045348766, -2.093680230599721, -1.4554481352105846, -3.1830416865173956, -1.517760686210976, -2.495564312395699, -0.1329502615289623, -1.2493238812627154, 0.7063977840999817, -1.096424609836243, -1.7351903568487186, -0.5737502270739725, -1.7264818482497184, -1.934533535503794, -1.3174239124388596, 0.04507739802667, -0.6630747174471456, -0.1582033299525512, -0.712547455624827, -0.9362944554985749, -0.6483194509815455, -0.3447985489398002, -0.966241423249747, -0.9641349279085247, 0.4505854255208012, -1.6786635779048449, -1.1696092124347068, -0.2518993475037864, 0.5381025033331042, -0.8125272173072441, -0.43487767171688546, 0.44671232722613385, 0.13254902751084854, 0.32005848378809465, -0.8230196419918702, -0.6944874481956996, -0.6319847297828377, -1.2280366947513048, 0.2626478049206851, -0.31615104586617077, -1.1641131515003276, -1.0776918353039002, -0.956476365840788, -0.22815816019482313, 2.4827123925850727, 1.3730851534378246, -0.4931115032166748, -0.02240351348804028, 0.41660333730194204, 0.627703487850813, 0.4545185928179462, 1.1459709533726352, -0.46175158623494017, 0.3998373998663579, -0.48856251506100284, -0.16191758417788082, -0.1129208747650811, -0.06157344592142637, -0.7610807742989889, 0.24728161144644287, 2.2245333128945655, 1.0623839224164229, -0.09422145199491333, 0.5874399113136876, 2.5002781977630977, 0.23130759927902192, 0.9486183347592941, 1.462198177375979, 0.32662449800732113, -0.2613881279007518, 0.5000300794700175, -0.17054652898847675, 0.9398290588444526, 1.2287902850175494, 0.9303530142487395, 1.6877745189101698, -0.4740446931093549, 0.4396018614445247, -0.565386214599311, 0.7648754691710233, 0.5081544198696938, -0.27947848771450395, -0.6861599154251468, -0.7481761671906946, 0.24621593436401992, 0.03131187238187771, -1.598577626000584, 1.534658777137841, -0.931731898522404, 0.3344081252049813, 0.5763198842271665, -0.25852548008444876, -1.1426494960863582, 1.0471810429693091, 1.2405615500345322, 0.6917719267058141, 0.8012079987667363, -0.14058434908228784, -0.20009018453829816, 0.5255302793121832, -0.12964063661517417, -0.7099844225365209, -1.058502550784341, -0.1135858735809193, -0.40649564875571687, 0.1473260812325645, 1.3970683477785206, 0.5409798027733076, -0.3000980987392348, -0.39294741794463606, -0.7593465763634483, -0.3605788522013955, -0.6823217488881747, -0.9140857173900927, -1.608968255751183, -0.5156381033533946, -0.2567417661800131, -0.5477196567132415, -0.6449493096370073, 0.24090086955681989, 0.5036075657829465, 0.22333868830938808, -0.13355258522753172, 1.7240134647588952, 0.02445822501154733, 1.8587930658526286, 0.2317219781973067, -0.7354813469514939, 0.3359714641209001, -0.7163426926210231, 1.895882334836516, -0.8495982669899363, -1.1365503982634646, 0.3340421724545963, 0.5380686090532909, 0.8419221956055785, 0.7711058518936068, 0.40280061567850256, 0.7296580154541082, 1.0833462605726525, 2.5568655985335145, 1.9576098040546064, 1.0883060826066284, 0.5385678465440048, 0.4225547790090572, 0.744146340151277, 0.6546940977962186, 1.216436289632958, 0.5491195266471334, -0.4914457661412245, -0.4185091133818636, 0.28722100804786865, 0.34638549222797604, -0.040194587781272495, -0.7233884301241231, 1.5299947423596847, 0.542598602473992, -0.05218507751212872, -0.7578272699468064, 0.5292686207737848, 1.09199237753392, 0.6786274591658987, 1.3886962393840996, 0.14509624691380896, 0.8247546176699946, -0.7107807809622048, 1.3553610020326683, -0.612815347091345, 0.5876373277820012, -0.5134253932710651, 0.6993428544941778, 1.174807358675074, 1.2144916146823155, -1.021904844621703, 2.257655641114341, 2.10980477205903, 0.5653393503044633, 0.8396464774393155, -0.28229928876286087, -0.7012832255202336, -0.8884367936029629, 0.6809389321362257, -0.35262068649661765, 1.6131447767546534, -1.1397186823271586, -2.4417431697439196, 0.12425363764431273, -0.5379015662127714, 1.7770285094870921, -1.0519777109364974, 1.3171047674488678, 1.1184428623204976, -0.07203602383530706, 0.5908607036089919, -0.2040203980216748, 0.507788688911849, 0.8106286874458947, 0.4327884258949557, 1.7982907093754639, -0.042230698682427396, -1.0259660071346113, -0.21732713158123917, 0.2870353563146507, 0.5551423507915757, 3.601797052192438, 0.7507019836644216, 1.383287924134957, -0.07090679034870576, -1.0509466000406547, -0.7194277267107421, 1.0237486734270052, -0.4412525632866305, -0.9425113722433611, -0.807167143249688, -0.9508485687669465, -1.0398330294529021, -0.7263602229757905, -1.2368472604639233, 1.0590558463154383, 0.35885527068334205, -1.020774025703098, 2.1243775089668113, -0.30314458230162145, -1.293447570974865, -1.2646853417094701, -0.002388590026876154, -0.40102373652055695, -0.4826123787825098, -0.5687005205752462, -0.2496291352275799, -1.4261942857511196, 0.48733986877373175]","['v49', 'v93', 'v27', 'v73', 'v30', 'v109', 'v92', 'v13', 'v117', 'v72']","[np.float64(117.21084789891873), np.float64(10.253032809773432), np.float64(9.717931573128107), np.float64(8.956773039047379), np.float64(13.11901351271518), np.float64(18.023717374312998), np.float64(11.610615213418205), np.float64(19.85299310011862), np.float64(14.417478651113921), np.float64(9.574557331184652)]",3.7612203655032226,3.9229370206206076,3.8375651036016634,1.5692679039211461,1.5299234530308383,0.8961534761446039,0.7862157486182677,4.561661139310655,4.760287784482628,4.740746830679648,2.0324265208372188,1.9435060204810957,1.1913874063736858,1.0152449348608044,1.3463006009907736,1.3707019405196863,1.4625146475637085,0.19375373014130134,0.13186726212709143,0.029268597750679717,0.01918334573955849,3.6487491459835573,3.66424327216802,3.585249968408519,1.4097561776511927,1.3047498981614591,0.7716653205479462,0.7349487637404348,1.3828665065666519,1.464084936710833,1.4358597882583157,0.7417118865302172,0.6560437328283726,0.6037991210975034,0.4795490982831879,1.2980260880485217,1.6045011663241648,1.3628264417843,0.3540695477400091,0.3298284764131259,0.19422017948329584,0.166178891291336,False
m565_b,f1022_b,"['39', '40', '41', '42', '43', '44', '45']","['553', '555', '557', '559', '561', '563', '565', '567']",m565,f1022,False,2,forward_no_out_standard_k10_lda_nc2_sex_on,forward,lda,,standard,10,2,21,7,8,True,0.004974390845745802,0.9950256943702698,0.998424768447876,0.001575226429849863,0.5381627678871155,0.4618373215198517,-1.8584290318985661,-1.0072662935724845,1.3158246397473645,-1.2553825136210062,0.006515501588742968,0.04486594268759935,"[-1.7129957897611867, -2.333560265073446, -1.8368362557621163, -2.3107902770437625, -2.2399583209521046, -1.5958810415060014, -0.9789812731913439]","[-1.0450162597549582, -1.043613549460495, 1.492693656263381, -1.6395187266519178, -1.631163528228281, -0.8862735424245116, -2.297972104750609]","[0.5999484918322366, 1.3142644383785445, 1.1175907473639741, 0.8703026461190398, 1.874932349142152, 1.2570496111484157, 1.7145859727318211, 1.7779228612627314]","[-1.199594570328171, -0.630310669343932, -1.8157833155596976, -0.8224950363189321, -1.5077955388976672, -2.0795993399242687, -0.5958745215669695, -1.3916071170284126]","[-0.8785320656158941, -0.3829508477266809, 1.2045242115650694, 1.2252145816421212, 0.40964507628491725, -0.37965487333707615, 0.2840811099493562, 0.4793398173639048, 1.0701143592867108, -0.3098927440106114, 0.5494568489852025, 1.8273242642989505, -1.3235980683451694, -0.043506065003356666, 1.0129525262234624, 0.34816394999997285, 1.2408672454854601, -0.44493274998479154, 0.8476162266530926, -0.026072485311631602, 0.3574079474351703, 0.0318285612346751, 0.13538395853856924, 0.5785885992770792, 0.7655548359129281, 1.3134461592509663, 0.8815445975571743, 0.8050629290594004, -0.7454459189882616, 1.2630925819395347, -0.3350773177223742, 1.6953072312782564, 0.799792396337478, 0.3436815361234085, 0.2139997550915741, 0.6377881723497909, 1.199625254017477, 0.2958250116218588, 0.8075265525957757, 2.536438509712087, 1.0107818871143142, 1.5870392673220246, 0.5816571700409676, 1.4059198694943593, 0.9748501219741547, 0.7701189421947725, 1.0926215900636598, -0.28088825475793955, 0.012829265753096841, 1.4214666711973158, 1.8483981103953206, 1.0903016033001842, 1.122745918024599, 0.8014032083833785, 0.07142790180683253, 1.45271709695951, 0.5412773673497514, 0.32739073273362873, 0.8375466501976081, 0.5789204032838045, 0.14072641005274794, -0.16351799310540532, 0.18061144117536937, 0.5398255590007979, 1.217961893973994, 0.3002938965538223, -0.10015848333934824, 0.12931309132966196, 0.23064827333498653, -0.20504758777898044, 1.2846099705468386, -0.23230480270481405, 0.0497848617636132, -1.3778504208949858, -1.2893741754664858, -0.9039335351507313, -1.3970836993569256, -0.4559110309270868, -1.1464786189776777, -0.3440216249474042, -1.2652607610581836, 0.8603935963770989, 0.5497889766706775, -0.6749926816037939, -0.8515481186990658, 0.5434526203043821, 0.2935790858550555, -0.007902523895283066, -0.3553757845963612, -0.9348894238409964, -1.2553598962776025, -0.6565980094374096, -0.7324788893843782, 1.2694271590128319, 0.020690240747454125, 0.7754329432826881, 1.4100677503559849, 0.9212967474448088, -0.09870236356214573, -0.4026592252753492, 0.46667052221230765, -0.6907966193010178, -0.40670186237011907, 0.09219301482080611, -0.5634220172018235, 1.4007472919350756, 0.5760147143401001, -0.6380230741543776, 0.12919104221595207, -0.23517921284697807, 0.22456526311723357, -0.04164928371679606, -0.7021892277527919, 0.4659957218034493, 0.5351013043523113, -0.6163033194841321, 0.9971481986387096, -0.8891177128373899, -0.3316733498672333, -0.6896486394551842, -0.904120121489739, -1.0851192730066839, -2.25744913317974, -0.9203728797344609, -1.9267593132887426, -0.3338485731379757, -1.13335945397448, 1.016158181042096, -1.367599987053534, -1.397090664970528, -2.3741503155921766, -1.283058504630944, 0.1042117774218777, -0.30952587452643965, -0.5613009710474344, -1.9792795865281925, -0.884033730860471, -1.1573143147384186, 1.5131534925409607, -1.5783769054035863, -0.6729365129460394, -0.6138791439591248, -1.1385447844841772, -0.9763754748823879, 1.6876675187261532, -0.9114062900965124, 0.5396170606590399, 1.4389403768439175, 2.6470660438895113, -0.04286479404874882, 2.393090047623651, 0.9723977140616773, 0.4215056561319229, 1.4347776034688744, 0.7950385476043458, 0.9087353730917648, -0.16982672255355274, 0.6181663561624295, 0.014959020983284051, 0.10256764078952015, -0.19765909001513232, 0.03387622354914249, 1.578398922919675, -0.8821673506036625, 1.953456777316634, 1.3382873772922605, -0.07425591024098291, 0.4587991946302882, 0.2020109768127011, 1.311500120236699, 0.2666324453306171, 0.41154159079383107, -0.7851515836506137, 0.88571556162689, -0.3919877556510394, 0.361777247606306, -0.4201728701331149, -0.6658981772550168, 0.12948161978792322, 0.62061046516984, -0.7595179392468766, 0.2411515731240078, -0.04991881591556455, 1.1001538054559705, 0.4507491415654663, 0.7265728235081634, -0.5637537421000015, -0.07223498253666667, 0.4398325413137837, 0.1891538605473303, 0.07863417215223219, 0.528643283824211, 0.4238955489737526, -2.313178535088292, -1.148117033930973, -0.14346234434097702, -1.5216273765921484, -0.6917303481102188, 0.5551440158796961, -1.928947206227173, -0.07547152578547997, -0.5506615230004102, 0.38797309935148977, -1.3049894074934558, -0.17959962071202756, -1.3259578487145343, -2.4333704820696127, -0.5023120792058398, -0.2634359760004387, -2.3362693312255103, -0.556072690496488, 0.1912115530049265, 0.9379477487744317, -0.35141930285369927, -0.6736241605218424, -1.3616607334598312, -1.5121269269077753, -2.615618205150702, -1.3147896073837155, -1.2353436942462541, -1.0111308421885197, -2.2871707921459605, -1.53784456199133, -1.3744606193218547, -1.163689023871967, -0.18641855364759682, -1.2379051789072457, -2.1900273808058683, 1.0555388157315886, 1.02464643917563, 1.7940987463777596, 1.960783711807362, 1.8372704055924118, 0.6592234106076293, 0.8424117329584936, 0.46946296723322295, 1.4800937156425247, 0.06431844599250859, 0.23939646127271452, -0.5352237908620657, -0.5742139982175394, -1.2302323277628344, -0.34172949631872845, -1.172777263168677, -0.2513226924026979, 1.615269717335319, -0.31367097425772716, 1.4133159097241497, 2.696578822810807, 0.30201723294781396, 1.7990390344156253, 3.402961788043266, 0.19837900292142777, 1.1041292158250406, 1.5617777938647777, 0.9823069244223424, -0.4357159656906518, 1.611121145939381, 0.6601387378269006, 0.7522904199899827, 0.717631131362824, 0.9082968260183135, 1.6193082725107624, 1.8846310035865705, 0.2602365788182508, 0.9734599573403614, 0.6489021798922694, 0.7979456532620047, -0.4309655631118855, 1.0038598082782149, 0.7200910235787135, -1.1552175218258611, -1.3009499882757833, -0.23368793227691484, -1.9526059350171245, -2.471688299761357, -0.06526086539971664, -1.2488098448238645, -0.648106211278417, 0.9614010341224462, -0.9352358766164676, 0.2915660624703272, -0.8944257108692598, -0.550692144039277, -0.9233747898429426, -0.7998185045364574, -1.6208589986372266, -0.5291297169514738, -0.834967934753788, 0.263813957003888, -1.067377154087623, -0.09417981483076926, -0.7254952724922239, -1.6170048819842366, -0.5330122609596688, 0.7350451636477027, -0.002884946781167598, -0.18580601408205522, 0.5223143671496975, -1.346382588838958, -0.1619219363121421, -1.4231818027115146, -0.8438403202392726, 0.14966926235508107, 0.46974985631185884, -0.7876588772117672, -1.9526617528427703, 1.1769248856685173, -1.9492268882989725, -1.4405801654846337, -0.3686064901168759, 0.4861047053597387, 0.8599540878063486, -0.0029243709268428056, 1.3016220153999818, 0.3831168137092996, 0.9177085914801221, 0.4890939018929991, 0.556225574503217, 0.031610569315410765, -0.08206301675833819, 1.4352203045014968, 0.4310700288319184, 0.5137278563902095, 0.4361513810381907, -0.9288699105653003, -2.275547053707067, 0.009278081976567536, -0.3540463926628872, -2.3230251544246165, -1.763595694112573, 0.2334665472957081, 0.06390378252976188, -0.1296930381887251, -0.665115338252539, -0.9436637255925033, -1.3237559464223305, -0.11281213987481385, -0.29320486898092657, -1.6714798522445158, -1.0719052293964824, 1.208357965269579, -0.335711978424254, -1.0489572353478613, -0.41655875939124104, 0.31036676328216545, -1.5860597858911833, 0.09966659092679177, 0.20371069968947708, -0.6638409971689351, -0.09328592597223336, -0.4292772617876336, -0.2109334414853777, -0.1760071505585734, -0.3198260258444694, -0.5422366816310137, -1.0047978183422313, -0.3603601919368163, 0.7243655342069966, 0.20510091610816739, 0.92837326715362, -0.10221766623909061, 0.09959340866449021, 0.67326923478485, 0.9156117475734536, 0.8174065301212587, 0.3732977898289106, -0.9763760586064614, 0.39173199903425254, 0.7274552865930991, 0.06903878444611027, 0.10916725928197663, 0.9300179516247384, -0.5078896878441577, 0.04520567773102291, 0.7655214180840071, 0.03019575185695821, 0.17493128060774457, 1.4374956297323258, 0.1957095226140698, 1.202790683266716]","[0.8492800759639679, -0.3475767716829989, 0.9215884701398278, 1.2810769102781725, -0.5775806726431799, 0.7865579362323096, 0.6512299182385072, -0.604295851139003, -0.03233477062558043, 0.11145650315098396, 0.7542786038834437, 0.9356534164226592, 0.011793364408740504, 0.12466607692637269, 0.28691699943868065, -1.095003727568466, 1.271608371568423, -0.1602518507779098, 0.9116446914452425, 0.38348815376348133, -0.9120064028024438, 0.6400952670648505, 1.3652449907354762, 1.1243865567391165, 1.485646167559513, 0.6564637152917647, 1.3263891388350015, 0.4649509637186848, 1.7445987368230533, 0.4407933765632203, 0.5942109267133339, -0.4923573225891936, -0.5524348345245162, 0.13411278085956696, -1.3298663858980788, -0.5720788844711268, -1.147183156493672, -1.4985086487564823, -0.021019118912847738, -2.9465148770837137, -0.778681416986555, -0.5309465944709487, -0.0877894075129455, -0.7827782351675439, 0.9943723032566845, -1.3396687141984664, -0.020672883790662025, 0.050521939358836816, 0.0175991076096341, 0.0415707440202348, -0.29162685619380413, -0.042290315198107144, -0.901017533426554, -0.6139284304179417, -0.8853696454625293, -0.526591336607046, -2.5976042295921378, 0.2970469103679687, 0.9046905465101778, -1.1642461538783693, 0.5648431254213087, -0.7362735930248634, 0.2538137484261098, 0.8077547634944139, -0.17762784269237397, -0.010217465787075304, -1.7731378403905032, 0.1572136750302846, -0.3418867211762384, -1.119064822817346, 0.7798347758716193, -1.140685086836012, -0.006989246918244914, 0.2983634411170836, 0.604601811501013, 0.2511920511008367, 0.8908560904883912, 1.4169375484789843, 0.49030994601299055, 0.4961616066527655, 2.186304609757775, 0.14691645794756172, -1.6075545254496997, 1.1485910725736366, 0.6801153770833256, 0.667604782245357, 0.6443750420326047, 0.5684925554787277, 0.5994709564618071, 0.8325419833104619, 1.7673313351663218, -0.820749131754249, 0.05608524672190669, -0.5778190280854222, -0.4466251775883631, -0.6764450398434346, -0.46960312078303246, -1.3720171066577125, 0.3678916282098358, -0.3469355311769231, -0.6297874167138795, 0.583855604423656, -0.8344886643034566, -0.34278295608375725, -0.7126396752895084, -1.9104915458494225, -0.06406382847150319, -1.2340175878774056, 0.5739272202262774, 0.10793352740721099, 0.33136912640980565, -0.8617379986839303, -0.6019404467429933, -0.1665833380343177, -0.710275868923125, -1.1250350548123784, -2.7646872609127366, 0.9795452254774175, 0.426255716973193, -0.49233636895547145, -0.9170776543264797, -1.177834005776731, -0.177570603525905, -1.2021470892066144, -1.6105033630209225, -1.0855252107932698, 0.9359289217272981, -0.5940004659644869, -0.8866316531483992, -1.607245195902631, -1.049608665029529, -1.3763351778963786, 0.32018769429735, -0.41577754579284143, 2.0788624025075833, 1.5297894419718183, 2.6423366847754663, 0.8093878969249506, -0.5502777983821395, -0.05412087571456588, -0.3601535384382676, 0.28783891320115634, 0.28198509785204207, 0.45467138564222453, -1.1612276461933173, -1.1531426810640386, -1.8828797143366491, 0.6296370006557523, 0.937151763031322, 0.7500442287546302, 1.1136623765617442, 0.0740877960145314, -0.09187439050643308, 0.8529628160963124, 0.5175674439922506, -1.1928055148893748, -1.1390716952304656, -0.3088558513855042, 0.05178663955289558, 0.2888240044229958, -0.08342704624730816, 0.65379040517251, 1.1787343891946307, -0.43268961313729726, 1.4952549757074713, 2.5425666342613016, 0.10936783468484731, 1.6244654573752508, 0.19915575289427628, 0.19866802482239038, 0.1590557263438004, 1.0514601248832358, 0.7199150124272629, 0.11996390448504025, 1.0070861722020958, 0.2953122739286952, -0.123016435946582, 0.3115091762860039, 0.9337136172246836, 0.043583710627487886, -1.628706880792263, 0.13569132280356358, 0.6434373539721168, 0.7440302103713765, 1.418569148789245, -0.43874277150873275, -0.12985691003269528, 0.08742090635936094, 0.31419430330206255, -0.03792136631172667, 1.2262480918539191, 0.5500038327498437, -0.7419088321962709, -0.21055833109847943, 0.7363940653558607, -0.3758318691657334, 0.9482016337215019, -0.2612450940381374, 0.8992549638803038, 0.2308354672856388, 0.35922694281652995, 0.4331994508480094, 0.5862441987948698, 0.8872111474467437, 0.02720783323047444, -0.3444342677649409, 0.5070222376688186, 1.1241297609898093, -0.3003798701391661, -0.3138571794059677, 1.1792119036342474, 1.0846947096099577, 1.885658466540406, 0.17207610460736672, 1.4364906572564287, -0.9471095456316404, 1.6689020262364482, -0.315402594654003, 1.3202986845361777, 1.2589736693353588, 0.7347831892545003, 1.7963904957875254, -1.0176092628808824, -0.24307201011523158, 0.36017095817962225, 0.8292502230195764, 0.8345752169731934, 0.9507481655969606, -0.3127641826126382, -0.5917884404443443, 1.2851167250280409, -1.729673471578037, -1.0099519440432985, 0.527594505332489, -1.877059610100444, -0.07553217917377776, -1.0089669214442363, 3.0847092274663166, 1.4983789579233455, -0.7738122695616779, -0.5555776745255511, -0.4197400851779921, 1.2368398442501807, -0.7362247847466102, -0.018299505058947917, 0.06391598666979725, -1.1678794394295688, 0.6492721698907701, -0.5209447024467837, -1.134486338883053, -0.8441685942023065, 0.11985150256491758, 0.007746916651251883, 0.28874969967065534, -1.0622015159591156, -1.1762048014092612, -0.19995580869815616, -0.7950963795438623, -0.7308752734332414, -0.5706929913400477, -1.122740752451589, 0.005138508603773491, 0.035546654721290954, -1.2414489677873166, -0.5251255911908771, -0.7618596013365817, 1.2206558511181835, -0.7506022891961192, -0.9577612857327443, -1.0789293510295477, 0.26189582572606745, -0.8574353187354296, -0.7459162447816527, -0.5380406607550685, 0.7698638423162737, -2.935127330013949, 1.0303361835457632, -0.10451385808149372, 0.10921018229742123, -0.8433884413655188, -0.4360392393318504, 0.6375230083223775, -1.109724920915856, -1.1050983727484038, -1.146816113496638, -0.3038316836914547, -0.42835679012395855, -0.20245807294351578, -1.8537114421062095, -0.9364563227830633, -1.7366910290825048, -2.3169353398501986, -0.4870914999801392, -1.2474522957713976, -1.481157314118827, -0.6819646990332214, -2.7459080925396298, 0.060438063145752896, 0.6591669727131219, -1.0189051309617134, 0.43379917373255333, 0.6537776019317383, 2.456402918398199, 0.9375720035914725, 0.5758466870460724, 0.7696219858047841, 0.9468506407098823, 1.618704128108804, 0.46833745353712375, -0.7784037486975484, 0.23602066193173038, 0.6609186267395891, 1.125228239570366, -1.1752137943042555, 1.275401948738381, 0.45540770669681757, 1.7081714219570436, 1.022086699352782, -0.04630973315112678, 0.4862095406780162, -0.9654791160272345, 1.5546144926457937, 0.991150772465167, 0.06212454770471792, 0.6501058293988944, -1.914254463122856, -0.8025265077215442, 0.487522622657529, -0.4655134892548376, 0.1795154439641414, -0.4559380152234679, 1.593554237091981, -1.611658954133816, 0.3243645970118579, 0.2820251004448852, 1.15879796979956, -0.5584403396953264, -0.6417374851826632, 1.0291200876704014, -1.124480476072137, -0.7616415442130611, -0.3295730090227881, 0.6517722558745421, -0.8276207428600614, 0.23931999819664918, -1.2421717746924779, 1.4025466887944835, 1.5551186622781639, 3.807250317030843, -0.9034408163575717, 2.929926407155978, -0.07059473622391757, 1.0743524426140414, -0.3882696416311242, 0.26496494623946926, -0.17127147225296915, 1.193425431830634, 1.6430385052151188, -1.0091967820544938, -0.5438704210675624, 1.2229372172074182, -0.829375080829087, 0.7867199456636463, 1.2279075527073786, 0.3563285339067181, 1.9128016376350592, 0.39955082038562895, -0.6763388448869002, 0.1265133407065811, 0.2390998698008817, -0.5263273890870315, 1.8409523188744412, 0.28130454538675115, -0.14845723611335215, 0.44744680519140345, 0.7405188225748854, -0.12821066237292544, 1.4557424141735098, -0.4183623027463514, 0.36409528557808535, 0.8148229567613428]","['v49', 'v8', 'v62', 'v45', 'area2', 'v51', 'area8', 'v5', 'v10', 'v71']","[np.float64(191.8081659637216), np.float64(7.57858883017488), np.float64(10.83912726299602), np.float64(4.9755594696215635), np.float64(13.493529359442444), np.float64(43.096763613515655), np.float64(9.325969677282798), np.float64(15.884906677358876), np.float64(24.80423277751305), np.float64(57.30039546295886)]",3.1839359338103583,3.4032927188379003,3.444896464692142,1.5219408869611013,1.4264279837072662,0.9434298685865595,0.9196641482411065,3.4223698916944523,4.081231489000889,4.0013725472873505,1.8558624388740301,1.9277856242830889,1.2097335569370677,1.2327656255271835,1.3071736119067603,1.2746918866399444,1.2733292113266144,0.26765807934264585,0.14159919053913206,0.07696156040557997,0.05801366398239777,3.1742536716459306,3.193681539091847,3.3094719930304506,1.4078614073198183,1.252955844995651,0.8498141728299455,0.8608840980832582,1.1096574153530596,1.3390471839816962,1.247221839069531,0.6039852820322134,0.5614455043876808,0.4906943908083207,0.5161009190974717,1.2199860934100062,4.5001034550032575,1.2123923140153323,0.3732207875639439,0.2696929681109657,0.24150441200863723,0.2678364272382957,False
m565_b,m1084,"['39', '40', '41', '42', '43', '44', '45']","['595', '596', '597', '598', '599', '600', '601', '602', '603', '604']",m565,m1084,False,2,forward_no_out_standard_k10_lda_nc2_sex_on,forward,lda,,standard,10,2,22,7,10,True,0.004974390845745802,0.9950256943702698,0.08153398334980011,0.9184660911560059,0.5381627678871155,0.4618373215198517,0.4169782141471489,2.53153075454385,-2.558724110250464,0.24195133309333033,0.059497096072111955,-0.052861492421890546,"[0.765409117032332, 0.5929363299238299, 0.23356814162258463, 0.5273279165694524, 0.33447981579204605, 0.2795065092731312, 0.1856196688166666]","[2.6441022945719745, 3.280542459577083, 1.9212391906722757, 2.7790847731015313, 3.347719581569768, 1.4916741585195887, 2.2563528237947295]","[-4.1406074087031834, -2.381700109775317, -2.7011663425879484, -2.495808451622679, -0.690111988870249, -2.055801943039786, -2.7132178342261044, -1.7356605275565418, -2.532003127463491, -4.14116336865934]","[1.071654980842348, 0.31788178280819407, 0.7833519722636931, -0.01673884719222686, -0.0868845985554828, 0.49707020925540674, -0.47487948736825897, -1.2683499615343357, 0.5251449847298069, 1.071262295684159]","[-1.0882605549206434, -1.0573773592273303, -0.35084014295575283, -0.27563716113353526, -1.4488313588912445, -0.8812184130516902, -0.5410146113917832, -0.09064679127481305, 0.03187699798689038, -0.5616021825274524, -0.43193954984344946, -1.548009374922888, 0.502204138878831, -0.05008557997723305, -0.989001664113841, 0.6583289309407804, 0.16459346161985905, -0.5922765947407361, 0.98771002010664, -0.22772325391483864, -0.236071228176522, 0.3674616806628283, -0.3217540633301918, -0.3158446341126164, 1.0317539251791559, 0.01459379949436973, -0.12407573505424777, -0.11142057963135396, 3.527494627582581, -0.541226647517118, 1.2632612837989772, 0.25288572509527557, -0.6242432137997099, -0.8560735639823491, 0.3698064464734085, -0.10265992309456798, -0.34148726631518606, 0.22828242222827053, -0.040760566253428485, 0.07349056956627903, -0.11291863897040298, -0.38717905108821904, -0.5364297977453245, -0.21355981313347722, 0.572431109481304, -0.3712537204098907, 0.019400098341390743, 0.4764719920406688, 0.3559830549608631, 0.210286522018309, -0.5604420495166494, 0.5513894345824488, -0.9237347595785912, -0.010621700555626709, -0.5579935001926367, -0.5156006551020929, 0.4044547340949693, 0.18539902179581552, 0.919213913968921, -0.3159462134162592, 2.333799798232159, 1.9168118209490939, 0.5524645871575354, 1.336614595264944, 1.0396259968606623, 1.9066612118692479, 3.2831725883221816, 0.4859016433867494, 1.5473893267914145, 0.5564686804712323, 0.2339883965806284, 1.7628531121113182, 1.8971474349917143, 0.6782098640342618, -1.5842760292696179, -0.3684416999546471, -0.2077113228946817, -0.10221119631761724, -0.5772201601721326, 0.050554266969264794, -0.6488913406894803, -0.43243409985613385, -0.1488561548539256, -0.563760423376648, -0.14691070811348636, -0.3207370642421569, -0.6421600220265515, 0.10709378331877899, 0.1553755054435742, -0.18128249084630088, -0.6776704725101088, -1.0463610056820327, -0.5896706347127952, 0.11800364364323766, -0.7916463755070494, 0.07020133887391199, -0.8006541217989716, -0.38855653128385703, 0.08998981486819323, -0.6880357596520881, 0.8706273724235785, 1.4194186704642247, 1.0082296039228769, -0.9285143992287703, -0.7518208911303331, 0.5600654336640056, -0.9278997394353281, -0.37833843383709964, 0.2223990480824406, -0.9278979663291103, -1.3553428216227066, 0.3064493026759374, -0.6224065869569531, -0.4735678237562308, 0.021849042259109788, 0.6098702688937985, 0.07604420022181416, -0.21081095192929358, -0.9670215805717728, -2.546217066323906, -1.4214620322593854, -0.24045155107917882, 0.02686965129397488, 0.6674292069898843, -0.24245105111761717, -0.7591333618684114, 0.28593114436055744, 0.13696848497362157, -0.5462868186969672, -0.4180130437894101, 0.2753145601172783, -1.2935723317634293, -2.1426563857403598, 0.022313283858217056, -0.7539685226182421, -0.5065488079850518, -0.28165422845786103, -1.0834945937842977, -0.32525220502985164, -0.44066293377943283, -0.7367660047544764, 0.29435855371510045, -0.26724120927141665, -0.40371976714564933, -0.18133276866681333, -1.9141771829289922, -0.3116733187038109, 1.5868673713370491, 1.1353770397205352, 0.6443603585647959, 1.869852241238131, 1.5453131749661293, 1.4506156745514456, 1.2517290850111906, 1.80144392186162, 1.9919764125945112, -0.010152701261238432, -0.43387156491137185, 0.4160935294530151, -0.42031752508438397, 0.7112369450787629, 0.8571919692250254, 0.43281391532113717, 0.9110599962182779, 1.3640875068184275, 3.3056460022889937, 1.1945837989842953, 2.1475053557031107, 1.0166947766093974, 1.3069602900929749, 1.730454621896431, 1.9288180256262168, 1.2856385435274742, 0.8473286571768042, 1.470452125096841, 1.2413620005051313, 0.3299439716537248, 0.7090780918095688, 0.0734766235051223, 0.17215601316192267, 1.1961284528249108, 0.46125048994690065, 0.5379740386797661, -0.33790174295206005, 0.36596414317057313, 0.32695689904191183, 1.0588763023568455, 1.8626589396112025, 1.5667500408832626, 0.3467463213657195, 0.3300422736433983, -1.0262690173672808, -0.20036431821698517, -0.8711299075105636, -1.204900680045729, -0.998543634767822, -1.2012041033422785, -0.5695471220007579, 0.17822532846716732, -0.7546076941847032, -0.7166502691335254, -1.3790161683432982, -1.9415316775747666, -1.7997798137323426, -1.5951239668004467, -1.3439060349899108, -1.339591586710504, -0.7164012020636185, -1.4780014896672478, -0.2722893980538839, -1.6585873018666741, -1.1381832348865053, 0.8860786770753878, -1.1281839065477717, -0.9562603368835525, -2.0574277101875835, -0.4593796485863197, -0.8319553017635569, -0.8360026187697415, -0.8620986343613032, -1.4142125752759869, -0.823926845956978, 0.9569180519909404, 0.5880631378593046, 0.11682622295220454, 0.7501247110883983, 0.39459543978236633, -0.33269656446597956, 0.9023999551931571, 0.40278901112901017, 0.9548113868912521, -0.7373583610517425, 0.6144656652849324, 0.6281828870292548, 0.1805240447985486, 1.5348939793612153, -0.0014617277083084396, 0.2782791707117612, 0.3393415715200687, -0.20182048768785427, -0.5342341119192427, -0.4774776439919804, 0.2491254754239166, -1.3035185543788486, 0.2591371219714341, 0.2367792487894818, 0.6820846774417052, 1.1190530849584834, -1.1848121077770968, -0.5316869258670216, -0.12142089714622628, -0.8396001215334093, 0.4580833030507185, 0.3309720346158878, 0.2710348428159113, -0.3054229204213905, -1.1363917961340868, -0.33378619833329737, -0.3365522619577786, 0.2833541009503682, -0.2873498188774343, 0.44445324806644904, -1.2185339722207411, -0.23330426685378725, 0.25501801509886224, -1.4429473824055623, 0.7830821583041017, 0.7038016770241948, -0.4670276366004217, -0.16622685022030145, -0.5269223253984455, 0.06489881763951587, 1.1003223363604784, 0.8202850253109802, 0.18273105369918896, -0.6653446139758734, -0.8994163986772086, -0.9526966788963633, 0.2984919344825002, -0.09233363407109521, -1.6909534027047124, -1.2568823432494403, -0.7562251335781, -1.2783888144621165, -1.5324833345135864, -2.358367014349219, -0.2290370388666147, 0.030116563362861157, -2.2831967453758426, 1.1874450824224072, 0.40702506447469067, -2.207760967283529, -0.18412051709833802, 1.1991671686121448, 0.10190540058613361, -0.29196743191726, 0.4866569934658288, -1.449240991834035, -2.22208462570392, -0.09983395804833949, 1.8663025748806834, -0.13671169290087598, -0.17854514246915223, -0.9673928318142451, -0.8162731689180636, -0.59521576091823, 0.9703756304762798, 1.9437647907592577, 0.6840886597221554, 0.24040885648736462, 0.14717641704520568, 0.7341942339436888, 2.790750133318918, 1.8092723321353243, 1.7858059459902897, 1.6663607292980935, 0.06273640129303423, 3.201916476386014, 1.0226035726237053, 1.7451345522138741, 1.7972268670966567, 1.1256974958344672, 1.964187634395347, -0.9307554549535881, 0.9852717108375173, 0.326723076575068, 0.5372457450236925, 1.0509385643400397, -0.8887944108016929, 1.1907333175222763, -0.614455193909697, 0.705420962150483, -0.7588635145888063, 0.6107722239271247, -1.2172168189972, 0.8071451513583523, -0.22451897886062755, 0.7877134316488271, -0.2973766380654852, 0.03160451876922704, 0.7194002279517896, -0.5214103895960852, -1.1773232719211282, 1.3521157205157837, 0.9361731132840494, -0.09951256037117401, 1.3589756208463262, 0.2941903607454014, 0.6203574843613945, 1.1396387388068265, 0.2599571339201664, 1.9381098666910785, 0.9531877529844138, 0.9907889114519858, -0.8552084854898804, -0.18386857495951262, 0.8508500670941119, 0.6251126446039542, 0.14490918110393275, 0.29860372954016173, 1.0302922950089384, 0.09216805798671716, 1.0397784803126762, 1.6723542442421861, 0.48379561653955816, 0.23988160084508403, 0.6251357439467027, 1.48840816412887, 2.1133910230015998, 0.8741745404910307, -0.22514245109721948, -1.1614523877591838, -1.1675172987857696, -0.8524459247937038, 0.14301360912404043, -1.2113912545994068, 0.11970689011712571, -0.1870102001856071, -1.871996148635613, -1.3402129929782272, -0.9154742144517878]","[0.10703079201459162, -2.002759606660152, -0.30160311402594486, -0.9440304465366649, -0.6882571811701963, -0.9823145279085982, -0.7413232601253971, -0.5992055139888599, -1.747572004233482, 0.4487208909908025, -0.6553513588749772, -1.1483277121286484, 1.8826819728313842, 0.588642014897014, -0.450935842537027, -0.3523463524684333, -0.9934617287306727, 0.38089224548020606, 0.08609409153121683, -1.781364584579907, 0.08326268188866386, -0.5692769723787439, -0.1786053222007465, -0.7043853607622672, -1.5192190915890775, -0.8882218145054156, -1.0934605284717613, 0.004025953140741412, 1.7999269474789068, -1.3364906225127557, -0.4175550439101913, -1.1039306893488945, 0.6586805668988226, -0.6396934032038556, -0.7808074014140298, -0.26092601246225533, -1.2792024398110968, -0.4919737570517533, -2.029199212325807, 0.015230549837264015, -1.8021875847029682, -0.7811999772426478, -1.32401982932201, -1.6554266425615953, -1.1573186237131614, -0.30169459577478025, -1.007343864658837, -0.3904465388558381, -0.8150111854898071, -0.5823530376212794, -0.8066838070616097, -1.1648835566861275, -0.7275492601121317, -0.9111490840271582, -0.8181646484885909, -1.348791011379566, -0.16888891751534438, -0.5258379026048929, -0.006734709109461183, -0.5212118053119723, -0.7214903007580299, 1.1386274893547146, 0.28615669289839984, 0.023534782879980492, -0.7649057745439881, -0.3723921386686614, 0.6336098024263939, -0.2364026935281559, 0.6203079302280646, -0.9675617390842874, -0.7510219557690337, 0.9630414930805584, 0.5314191285314962, 0.915200723514757, 2.5051863007668587, 0.3972654876928791, 1.7291183850326177, 1.6701808090162704, 1.5692527145362924, 1.1416242987858711, 0.46060768387323203, 0.8250900509568165, -0.834411171587383, -0.28681863053828804, 0.5583005073493458, -0.828408578269585, 2.063881708506832, -0.2879655101337842, 0.40347988166854837, 0.9511535309704603, 1.1476713293011822, 0.09469246655356804, 1.3394955508629967, -0.8407494690165415, 1.2624477415632473, -0.0484291611762896, -0.2290843960218725, 0.018138684902366215, 0.4419766952777586, -0.01644729519625431, -1.160006263813513, 0.17080867347377085, 0.2047269184726798, 0.06723776071591296, -0.7152443577916304, 0.35121185304156566, -1.77298673044861, -0.3599769625608313, -1.0289285922490172, -0.2816177900715495, -1.1926128244700238, -0.649261515358811, 0.5665918785710209, -0.544883951946027, -0.38587952464628245, -0.16737625787929386, -1.2613178958265059, -0.0754968261230088, 0.30270009092244526, 0.6886461203191203, -0.06994427712098637, -0.42842036942210326, 1.2584760612423247, 1.2449825366227025, 1.1203648408788172, 0.06964137721725196, -0.657343017478871, -0.5420219637919879, 1.24733457533818, 1.2965907932642449, -0.13836918323277136, -0.08342255046362122, -0.7084272240116, 1.1502746889166524, -0.5912811782558686, 0.5090584186501886, 0.5419209689257947, 0.6836512768246807, -1.4719627346824078, 0.23919497807987852, 0.01222597675101887, -1.053231310594344, -0.3725800107672738, -0.40454143032464107, -1.0036247040996833, 2.344522660252219, -0.5605552964075218, -0.17668314216194356, -0.4296302934979121, 0.5097621364609383, 0.7447083802112355, 1.270361893700992, 0.9313679839177219, -0.06538097558697482, -0.9867582991593375, 0.15362893366601477, 0.7201320690688265, -1.025389957228097, 0.3109507259895561, 0.5656451384037977, -1.1911123797238823, -0.7075174323301775, -1.5349117591301789, 0.06252409785339123, -1.2937451817588128, -0.5736056912096457, 0.7365538732237596, 0.14948174993227684, 0.5718553836928277, -1.6479420636580402, 1.089745183659836, 0.053378159163035364, 0.3733856827758538, -0.16478739717948207, 0.07732207971971324, -1.2359687457632567, 0.2959652765973435, -0.019933526999544742, -0.25567093679463976, -0.18237236438084325, -0.3782897453572572, -0.06411246400010429, -0.7015671553416507, -0.7296206055492989, -1.6212900845219014, -1.5114273832032739, -0.7740560439043433, 0.6446486120207793, -1.8907023671226093, -0.024737643061751673, -0.13584494840450975, 0.980832954517566, -0.048946964482150225, 1.3726668731405633, 2.2138971781272136, 1.9228830081049848, 0.8080454435587983, 0.5794690171071761, 0.5537012208849735, 0.5335025202126341, 1.9836070828344294, 0.8302045536926281, 0.008239195860986155, 0.8224673194610942, 0.3648179507406811, 0.6016279796351189, 1.8823480719873142, 0.08705839274927088, 1.0070532144793898, 0.12446383604626335, 1.1949006197961063, 1.0286013055296497, 0.662272895564864, -0.4859161993625815, 0.5863296452852322, 0.6651307564152309, 0.02243723641313786, 0.8810861461477719, 0.3277715800974586, 0.5078564127231253, -0.12254187618771603, 0.9773406623891615, 1.016705192196186, 0.9427348459982636, 0.7681182318230602, 0.4597655108069715, 0.2776293509235253, 0.5930676699348164, -0.2014243950130269, -0.7143025072066965, 0.7594412443358444, 1.1422011599838386, 1.0382448303248388, -1.3225011226011734, 0.603553624843598, 0.041470201705246144, 0.43750504188155587, 0.022577990534611934, 0.9210497721300449, -0.2677061328516908, -0.364429517408696, 0.5994151106992875, -0.6200014820110461, 0.3091063471545747, 0.4338108971545196, -0.9934408723666983, -0.6233537772769757, -1.433566411995315, -2.420874006910207, -0.5727010762467144, -1.5340553252776108, -2.007120198311746, -2.0970955873506827, -1.433208905892994, -0.44529722048968823, -0.1838510585283182, 0.6160302319829294, -1.704800363195945, 1.5067432067163236, 0.5310436632591272, -0.4265109639469949, -1.1040712830951236, -1.612801359036205, -1.307950146203068, 0.5342026347568628, -1.8443730694367726, -0.5885530559896874, -0.05163495481654752, -0.23606757776768642, -0.24950544556821086, -1.0541476739820386, -0.21990225702998042, 0.2884553528401021, 0.153196619232662, -0.15448850118084875, 0.4436876503678098, 0.502020018135975, -1.5791198236935686, 1.333220675394624, 0.8411779934256032, -1.8901764627484836, -2.6118942509225938, -2.460831763122172, -2.2858082317337107, -0.5413005355606406, -0.11791107957139225, -1.6607906790507454, -1.2800423342136136, 0.031222798883560398, 1.0519973925453556, 0.33016256568665364, 0.21830709056867614, 0.52551545603566, 0.20028977128611047, -0.0671396091461838, 0.11814607155312103, -0.24571127001674314, 0.990851642589996, 2.062819069236679, -0.3351502693971964, 1.1269029496028413, 1.281807618372474, -0.5636721960452513, 0.5121232339090951, -0.8525298062164761, -0.32669606581818794, 1.1232678886275749, 1.1421052953258926, 1.708856518819229, 1.2507653144239699, 0.9786225870751609, -0.49527204360116156, 0.006953924991009905, 1.2960343318630045, -0.8284086045189013, 0.4679591034633269, -0.6062834400008081, -0.41816070457270443, 0.8166024938248505, -0.09920598058236374, 0.4471788247572405, -0.2914097931334868, -0.01008530782698164, 1.3172894636965413, -0.08261957057692745, 1.3671304221027654, 1.4835529878354936, 1.4666655938728317, 1.266720520557284, 2.1327331339246784, 1.5671959538551994, -0.6257545783907497, 0.8784079650344977, 0.9367524437112547, 0.5492254525344681, 1.2648648683332182, 0.8316738010198297, 1.4965207155075544, 0.5058366301245163, 1.1250279634807399, 1.370166950175799, 1.6687701358700708, -0.2689337750506446, 1.251975920014251, 0.7202838565746503, 0.4770125257667699, 0.01806441384350752, -1.8857978657332897, -0.19562405677262715, 2.3368697668654828, -0.1805404531587844, -0.6763617371856535, -1.009837400713624, -2.4025126430225052, -0.881313873956396, 2.523022790290113, 2.3903962012153164, -1.5360607008726077, -0.8327274392195166, 1.5571737028361499, -1.270912791192203, -1.2183377255749104, -2.2869937860830967, -0.7649303608156736, -1.6251279467858248, -1.6472397511585948, -0.3272606746328553, -1.5293587996951907, -0.2709768694459748, 0.4521436316178168, -0.17754108315020495, -0.8202618242224352, -0.7880640703589661, -0.7075979027440494, 0.3460953506852214, -0.9451825817007269, -0.11057876792235556, -2.4458711175943377, -0.5095284218764811, -0.01351284960363157, -1.1140496525900772]","['pred_proba_m', 'v65', 'v11', 'v69', 'v6', 'v93', 'v9', 'area2', 'v28', 'v72']","[np.float64(124764.27082814879), np.float64(11.545162645324725), np.float64(8.864324679167638), np.float64(7.403426334268833), np.float64(10.77589980980352), np.float64(12.0059773557675), np.float64(55.04908606587646), np.float64(19.165202683401553), np.float64(6.2909163142758135), np.float64(6.271897076461822)]",3.754594285745805,3.9169565738768575,3.9269794061250938,0.9082372953190797,0.8250923277001043,1.5509603469595612,1.6989057977043924,5.2652817458481325,5.265281745848134,5.335115217908893,1.0967048461726439,1.1345465882380794,2.0047738478978863,2.085561586272987,1.0689143531111727,1.110259880761081,1.028573961841821,0.004622593653774952,0.0036655120123795237,0.07976299760457316,0.03356988957673801,2.975702324397613,3.3328312348717475,3.092135250710132,0.8621603620973691,0.7228631038996989,1.3839454918167602,1.546141783052418,1.8255252239256705,1.7335950593797822,1.7328208301991237,0.473308691137716,0.48096005507404926,0.9724740610802856,1.065068314758848,1.0712182147533358,1.1791763075632142,1.018098180636555,0.19216075648328118,0.2025134054093056,0.36067401916162023,0.340073889072086,False
f682_a,f682_b,"['60', '61', '62', '63', '64', '65']","['66', '67', '68', '69', '70', '71']",f682,f682,True,2,forward_no_out_standard_k10_lda_nc2_sex_on,forward,lda,,standard,10,2,23,6,6,True,0.9747912883758545,0.025208687409758568,0.9699882864952087,0.03001171350479126,0.5381627678871155,0.4618373215198517,-2.413076050085421,0.8535703988690965,-2.337115687908313,-0.8804524955893106,0.07480616910226347,0.00042334010583004126,"[-3.0516473466034264, -2.6371123204029163, -2.9080409248506336, -1.8734881248883781, -1.6667951900642473, -2.3413723937029234]","[0.5122585378892096, 0.4784817672650469, 0.8754205979831023, 1.2104477056745517, 1.1184923007220084, 0.9263214836806608]","[-3.769315894121277, -2.0476207986557893, -1.7186793978661894, -2.9444531513893764, -1.7782859434496316, -1.7643389419676143]","[-0.19619817896941072, -1.2421866653045566, -0.3145037864954474, -1.0877137552961673, -1.3254173148350157, -1.116695272635266]","[0.5719065963877729, -0.5960509775136796, 0.4361237123943172, -0.2755187634881155, 0.28574073924419685, -0.27071226389965397, -0.41637597672799814, -0.03163463125616335, 0.5600101962389938, 0.643133160210852, 0.021610975795471037, 0.3703330836892824, -1.242503613136093, 1.0096748476684378, 0.390574132190622, -1.291940414047703, -0.2922270647543872, 0.9750538857683233, 1.1772280888126874, 0.15995521472060883, -0.9557231759106465, 0.0857628400514488, -0.027339383923922995, -0.37764882268943617, -0.09806345127271729, 0.7991795855932469, -0.9543172295988253, -0.8662504967374898, 1.621630650895099, 0.08874003641159942, 1.4584310367135205, 0.4840654051911878, 0.5557205485692217, 1.6848924043316311, -0.16971290314611776, 0.5369576129271946, 0.7287471487779493, -0.6410051192378032, -1.4480275778091614, -0.13895690423851237, -0.7451010379545627, 0.54191459171054, 0.6343458594895561, -0.6121250191355071, -1.2689939263978633, -0.07273256406219772, -0.009442205377715451, 0.9266408035034186, 0.5547351492307216, 1.3692285118207224, 1.1825806786960333, 0.1559621219846382, 0.12955986802400218, -0.06832678293845669, -1.0141728895886668, 0.9012779364319078, -0.6162082341524335, 0.4142311765090553, -0.5904684242468962, 0.6559765311076824, -1.155922148643703, -1.290887271672074, -0.8348895696825096, -0.9545515912904778, -0.31982079914205563, -1.6492920658249224, -1.5380037085895688, -0.13606451293658897, -0.33798007250881257, -0.2691161160123494, -0.09856875374158193, -1.2140309893817631, 0.5864193027948474, -1.5431813971147248, 0.992528711881333, 0.31228674650875293, 0.05829500019490045, 1.375696201756611, 1.5040168326661232, 0.35304073347721954, 0.8227414591120549, 0.7560342935554509, 0.2610000881232014, 0.5627646082994936, 1.120663144783334, 1.8235869415839263, 1.632097486325614, 0.9355515187336696, 0.7036751101070807, 1.9181296477724643, 1.1371540250909333, 1.1497092657623154, -0.2686892343430594, 0.8491767867129688, -0.1053833444780196, -1.2990510946899283, 0.1135456336506796, -0.37154929000323633, -0.7877590471152984, 0.43634541685279504, 0.5656987790775351, 0.24027254988392674, -0.9922037322964865, 0.7580166718577367, -0.47952548068526935, 0.6961253202650504, 0.33052663458953735, -1.0416126684245466, 0.4686273066927669, 1.0219730486247316, -0.03445223246048703, 0.09317682070528469, 0.5535693744207023, -0.6520155709537161, -1.0604928229419675, -0.463777541347325, 0.012870855279668825, -0.7503067555103261, -0.46416016999521453, 0.27252606013714187, -0.5775653174871961, 0.07994881338815302, -0.5661439153533845, -0.9828079246428051, -0.47879621981816367, 1.9917964862171367, 0.5914794979850313, -1.1693463737556213, 0.5301415787997154, -0.09472515711804032, 1.7699272195506774, 0.06080783163616211, 1.1113214313190487, -1.08513131905667, -0.18917465145642234, -0.4182007911283852, -1.4698199941761807, 1.1567383944160772, 0.1633158521139191, 0.7813145013973568, -0.014629207762049802, -0.8626752053508051, -0.2132723701268389, -0.14401358546177134, -0.7792393780454856, 1.4895796443585896, 0.28106706599400555, -0.204931070163005, -0.11528013834602498, 1.0304775691997816, -0.8645572957303332, -0.05087663821143923, 2.008442995294222, -0.6741237121029712, -0.34134571068610453, -0.33005614025639246, -0.7179095201811556, 1.4087231249254684, -1.3906900459561589, -2.5393631928176426, -0.7812810658202486, -0.6053722256814097, -0.6343432018518587, -0.33633211994867906, -0.8570452659467019, -1.8437224302394455, -1.7023672870268618, -1.0580727210362608, -1.4103955554714807, -0.5152307654954044, -0.8721157199518297, -0.3806430646110451, -1.6017960614382378, -0.6028812026483121, -1.4196299901547291, -0.32972809023024113, -1.5077305286211062, -1.2018810680746976, -0.4867308779032178, 0.6178886429461804, 1.8111163640162382, -0.10283107900014511, -0.16636279268697707, 0.2444914854743998, 1.1590911151644725, -0.12152712193550615, 0.18489039092358484, 0.9119816250386259, -1.4879212999518134, -0.4434167948066585, -0.4318324483566112, 1.0325122321218325, 0.03606922117755578, 2.2977210215837185, 2.298348386879811, 2.7293073595811905, 0.893326672018918, 2.4412399496198165, 1.9498647884777207, 1.7047875407313104, 3.099014405918324, 1.450154761450256, 1.7263106016780758, 1.976335522614268, 2.125049674822571, 2.2245092406130134, 2.4459693525457555, 1.400731510742453, 2.497713892902973, 1.617689514992002, 2.15121514567298, 0.9720602840390679, 0.5746430436761983, -0.02639436537444271, -0.2193386844069221, 0.15828724589520196, 0.3261531343620095, 0.9120335090427998, -0.14142949958367734, 0.2751639890469375, -0.1334878076000248, 1.3434587650650123, 0.4524998956068479, 0.7377243319511538, 0.46287177684487235, -0.22707941725918587, 0.10900368067672352, -0.19549818816144668, -1.1259577851330025, 0.03364633700406757, -1.2539943876376332, -0.1344736378842002, -0.060479161493989894, -0.00662843284851082, -0.8496709482951353, -0.4068445247722107, 0.6589602299039792, -0.3555362274395036, -0.6511531150654554, 2.1120895004254887, 1.3670511253094246, 1.1150499761555122, 0.691415642105818, 0.4830815562643764, 0.6233810232909133, -0.25825977641398873, -0.6058733008574847, -0.6186819914416118, 0.02885661946493596, 0.5646579828972474, -0.8220887646205988, -0.5538454607996309, 0.1843669777918803, -0.9990810462109817, -0.2669534195086504, -0.5016127016925592, -0.9325331080576885, -1.5848836880220065, -1.0704156931660713, -0.8802724766886378, -0.9477243584976848, -1.94455237272899, -0.327142838559646, -0.4987884361039839, -2.1725993143944207, -1.6727973640050748, -1.1825073875333727, -1.1430644995686696, -0.3010807104561783, -1.6809208317392754, -0.8069977137885025, -0.45295747216759, 0.17808290539216381, -0.20301324331603215, -0.6770701188031922, 0.599345722058668, -0.052658919397091296, -0.07378317287069674, -1.3779380483211463, 1.9421086698791163, -0.004027132398712105, 0.22736841585303189, 0.222597835189391, 0.5858665121775828, 0.23859265586190934, -0.15770569893328637, 0.6528360863283658, 0.11155187981888198, 0.9658532781633136, 0.15260519725779959, 2.248210898621718, 2.7558700049657543, 1.648265840729028, 0.7764534287505994, 1.251360620272294, 1.202218202120914, 1.501100219924924, 2.3142437666006628, -0.3952291524894044, 0.5887564744718706, -1.1283998761794578, 1.2653121482428518, 1.077855419756684, -0.7085491707987868, -0.10178414357466328, 1.2407816990009979, 0.5676465213296363, -1.4061732196610823, 1.0837766274930394, -0.07143382285996075, -0.3919337321904136, 0.885929887234705, -1.25094889930394, 0.9369735837085132, -0.029044808128847216, 1.1302248620040032, -0.4990788312096009, 0.5964499916912179, -1.9203356044548368, 0.5780933913780311, 0.46769779847434323, -0.06934388630763712, -0.3411189003201905, 1.3889173920230917, 0.9943796017581218, 0.36396093071692676, 0.42130342230679174, -0.4268983740226224, 1.2407877090686166, -0.3538148952371377, 0.7762803550255329, -0.5277434771282703, 0.40482478283831086, 0.18775603681739234, 1.4027040096512122, 0.0015102448481274992, -0.9818530890077901, 2.4683320725262576, 0.7372215943382799, -0.3273629227648972, 0.36774648604208093, 0.04515674807885343, 1.4751622799864086, -1.3597970297439683, -1.9682669554341523, -0.11935499525590947, -1.7158431583711526, -1.3774126234391084, -0.4792262851609644, 0.5812635902642701, -1.003208182900488, -1.236710360825907, -0.7245557901488437, 0.056543360709304054, 0.02470469174956442, 0.6541517661516177, 0.007546497530117644, -1.2960357506067708, -0.5933404240123672, 0.7059788747061361, -1.963934285897707, -1.369973289441901, -0.6908813050968139, -0.30594763081514376, -0.8220419333510776, -0.43125924272546645, -0.7859034604156463, -2.021996455074563, -0.46352600721392223, -1.09476448287173, 0.6120963996065367, -0.8931000353688777, -0.709365955197694, 0.16403683403050234, 0.6941803708180977, 0.28990045000434916, -0.18885041361005914, 0.5644597187179053, 0.4695279838641243, -0.09436064420856194, 0.7892833534925826]","[0.5394901641605989, 2.434015192101824, 0.7719293636273068, -0.15616783431628703, -1.9189260359932856, -1.0793529310679733, -0.5547366358475077, -0.10023235186020822, 0.3303235445091567, -0.7971026232066463, 0.5471100429852346, -1.280078682945155, -0.06174885800945869, -0.337160361167009, -1.0411069559555324, 0.2656530428864695, 0.04757808536180687, 1.0309664879098024, 1.0501940161547032, -0.8364848915084644, -2.009264065250137, 0.884220198389657, 2.00623545580028, 0.7074455635370273, 0.11297265240902066, 0.7014044533565521, -0.6065969858803805, 0.557407514692292, 1.2106413355306118, 0.5928495822713395, -0.5277737130714328, 1.1943249951975121, -1.2611868015405325, 0.9742851884213045, 0.0765202179578597, 0.9627767879637728, -0.31444237016792087, 0.4698624828151762, 0.76650575444853, 0.5178897512650674, 1.6397334294094288, 0.13280483515573568, 0.4746905057949304, 0.5615040624371999, 2.2907573522264952, -0.13764487223532595, 0.4690329982339776, 2.068079312566136, 0.2431291096395017, -0.05880398820827927, 2.0012858221242595, 0.7043373417146769, 0.8425435846667697, 1.4735523864709865, 0.2503495235788646, 1.1392628993648022, 1.6349702470104106, 0.4096011138462696, -0.5754314183397171, 0.899947451170094, 1.75478094036574, -1.503619782597372, 0.8878025781433815, -0.0007023289389522469, 0.11077229377328206, -0.8432500712120204, 0.024811254795296358, -0.107173936526945, 0.1748961538552587, 0.04016391805289715, 0.7764716679451666, 1.1883016014408812, -0.25103740906921856, -1.2668043540683105, -1.8558898299919206, -0.42577114879438305, 0.2549342191906817, -0.5485298616162616, -0.1821687775515593, -0.5288044504161356, 0.3412231850621805, 0.9429273670956639, 0.23064873351835247, -0.840844797702925, 0.6727837165097781, 1.0502224248633234, -0.8702157097390838, 0.8078814650782636, 0.5712281678979588, 0.01465041089988022, 0.41673568601046945, -0.434239985512968, -1.198130486026964, 0.3072552230055916, -0.556900929654611, 0.9016495757154659, 1.2192968045410542, 0.8256427700565843, -1.3104222232184632, -1.1393382880561387, -0.7552129805668917, -0.12136271931216334, -0.6545701730759255, 0.3411417949777657, -1.0666964325912196, 0.9311915519143595, 0.3079008277629497, -0.9773228244040969, 0.23764183215129814, -1.9823455570118367, -0.49015955518797694, 0.7304529556866001, -0.40133704157604183, -1.5408221502343298, -0.15218826095747964, -0.3049879101736861, 2.986800842537542, -0.9392917356843347, -0.6335720509539455, -1.9232267816778885, -0.2656364364522121, -0.9337012658601435, -1.9476914591373102, -1.1874972393504521, -1.2969409921465846, -1.0870043175558755, 0.12065705581074669, 0.32706676316751987, -0.9541559498338873, -1.0951470911502446, -0.7797438794120246, -0.07630995203483285, 1.9301658276914715, 0.9839337342860695, -0.36199741697166604, -0.0562568502097102, 1.140436592136602, 0.4013614583610303, 0.5989542168468758, -0.7562117728677836, -0.3315443286296533, 1.3520136209048716, 0.41684379825019363, 1.40263289059772, 0.9159275597044574, -2.0329628124411014, 0.30315239910080677, 1.686128009325957, 1.955131159251456, -0.4190009010396808, 1.2268953174485884, 1.2816467267303986, -0.7541454195732311, 0.6104231977472317, -0.02489062292665753, -0.6152649712767947, -1.0613983778646805, 1.382461843940169, -1.3562497220397776, -1.9054854072492524, -1.3292422767531824, 0.4542277723423632, -0.32700554860566294, -1.18398016723666, 1.2749247882950543, 1.0368356062354334, -0.9334753172195581, 1.9521818123404755, -0.7091791496793765, 0.18869821208279036, -1.7170338236962415, -0.2611629207357838, -1.5756889388255084, 0.16640899675916312, -0.8949388565776353, -0.5740229495522464, -0.3772887792818384, -1.392096224879829, -0.5767664691442993, -1.7816883004317712, 0.8560430601964051, -0.29833402758037364, -1.1875327228634311, -0.26877671161466876, -0.3599424590432753, 0.45294663333763985, -1.0325533059465999, -0.20341063052504876, -0.2191287797142318, -0.5599790446616115, 0.853228248398515, -2.6459573970496666, -0.43774717445253414, 0.5905396192304037, 0.09325793748330892, -0.6538639983822538, -0.25619266527154894, -0.842680634838103, 1.159879165408867, -1.2741682255122173, -0.4016644628380588, -0.04972883518441765, -0.7953333426859414, 0.31827597300886473, 0.5514350902981905, -1.1099364387635327, 0.4714214029294322, 0.6407454063277954, -1.013844030380864, 0.4556359134383533, 0.9145956165699946, 0.17336616332811927, 0.9233837152956661, -0.062273309660748455, 0.554655861802918, -0.7069966728548085, 0.7692092983362852, -0.16322601849504143, 0.4949072464782991, -0.5951342833379659, 0.4362474422295535, 0.9520575544458483, 0.04239390765420412, -0.5920619231331746, 1.8878549099864492, 1.0405038533664772, 0.8833197533316846, 0.007609548530930311, -2.2065749900288747, -1.0273813949342285, 1.460506046476633, -1.3528395709083598, 0.36509268950525386, -0.04424272942794991, -0.768900228720978, -0.3890976771449679, 1.384482624067416, 1.3816555471921343, 1.1366488846727945, 1.0995715528926753, -0.17032914589441384, -0.4923490491939453, 1.362712512614367, -0.32412628009618544, 0.8032800321424524, 0.9467180705524074, 1.526781302206335, 0.5469037417752795, -0.25042325741028204, -0.8173135808804252, -0.5636700168344748, 1.581800177732256, 0.9379048018573957, -0.41115144262497083, 1.4064975939822377, 1.5880527817698624, 0.5025782019640161, -0.38337982551708344, 0.04593858509471566, 0.11145576802700767, 0.23940003330431808, -0.18471434072452517, -0.4996991132537376, -0.22898430478154158, -0.5835168770872563, -0.7332955648070704, 0.14496357128414367, 0.37932665438896246, 0.2924611942592268, -0.9145330527951421, -0.1945668882849492, -1.9509412699751485, 0.00045424947249230694, -1.7571324925327463, -0.5818117876824718, -3.3098011925952484, 1.088611853139665, -1.3829056000744415, -0.20774628409493825, 0.45379605491403774, -0.46075865130878246, -0.43407698221277796, 1.428840226985544, -0.6622978122020122, 0.3973157676727556, -0.3685022232473221, 1.17858384065717, 1.6221292489599004, -1.0152057889730994, 1.6968644904593178, -0.7907869291692874, -1.3474587979260264, -1.4852371045610326, -0.09525549307171521, -0.08134520343395259, -0.10984685253996825, -1.0195914459654325, -0.8747867113342598, -1.2124257612390408, -1.066596203513304, 0.9507755910894228, 0.08023745148193646, -0.6468185682542703, 0.4250702339317236, 0.4814606878496655, -0.549748956498082, 0.1493133361078124, 1.860075873884036, 0.17005374197603806, -1.0044967606315354, 2.0565925836841648, 0.896548935396407, 0.8247011620142196, 1.1296995532953498, -0.49822751769274326, 0.7247851968583952, -0.11952097743561625, 1.005491417738698, 2.2383280760210034, 1.6289712853053058, 0.5905647377289814, 1.369928523624387, -0.15305029322117714, -0.03123743495537813, 0.7148010870380838, -1.3539633110030496, -0.3871036453286773, 0.1373079977158825, -1.2606939898107414, 0.11034467850973545, -1.2028025619150466, -0.7996008897817506, -0.1829630180583304, -0.07161368164507914, -2.072828408365203, 0.10379606879028169, -0.03505638897759262, -0.08607243533007423, -0.6713461049828655, 0.7912759394631391, 0.07712734340631382, 0.18361256890646743, -0.1571852509600012, 0.3748741823430155, -0.9258530088745099, 0.022486077188946248, 1.652601726983085, 2.5803336301142017, 1.5068094256680657, 0.924260353225628, -1.0534249294089395, -0.349199222739468, -0.12055828332461763, 3.0688389763710124, -1.5844767551049226, 0.22338907291791144, 0.6574025624275083, -0.9222711060302302, -1.9684571802514348, 0.5120028940256263, -0.30195526794921523, -0.7427525675592404, -0.5372877283912374, -0.551680380992936, -0.8623527704087106, -0.4965260855606497, -0.9249621510202364, -1.3564022365985737, -0.28704364299380497, -1.03836640114101, 1.4735493113445173, -1.378428272562931, -1.3995766008477664, -2.4440833235047124, 0.40765299056084486, -1.3598936662858927, -0.7097862853306294, 0.44705500412716426, -0.5804786788279206, -0.009593518117377567, 0.8966248101858548]","['v95', 'v1', 'v103', 'v50', 'v18', 'v88', 'v31', 'v64', 'v47', 'v17']","[np.float64(8.70140410498968), np.float64(11.526664816446798), np.float64(34.44973408220025), np.float64(8.883401115962675), np.float64(11.529392399189621), np.float64(20.39884214522965), np.float64(24.863344456553072), np.float64(143.5215321296324), np.float64(111.59233504733304), np.float64(31008.34844690161)]",1.7356858515088465,1.988510436076862,2.0893007351770994,0.8095666541500389,0.7014157302137691,1.2073050276901183,1.180470023179931,1.8099832566355152,2.490470637896769,2.552931766005417,1.0568727317017423,0.8667480206800238,1.5013990531894224,1.256624279598709,0.23533462894605783,0.29749234634060073,0.26777004496103723,0.03440645008412992,0.022057280002707125,0.05432696854258168,0.04080255717231773,1.734022894458407,1.808490238847151,1.8667518109785624,0.7214216509073144,0.6745772036386761,1.1087245494582334,1.0109135283395683,1.0159910097037874,1.1536946508104664,1.1469573948668594,0.3721141377452938,0.3769820029647807,0.565981269232709,0.6053115059450251,0.37888952929359476,0.5010441309977879,0.5010417264903037,0.16329364823850495,0.1431935715576291,0.22978062557121667,0.20839862548558274,False
f682_a,f682_c,"['60', '61', '62', '63', '64', '65']","['72', '73', '74', '75', '76', '77']",f682,f682,True,2,forward_no_out_standard_k10_lda_nc2_sex_on,forward,lda,,standard,10,2,24,6,6,True,0.9747912883758545,0.025208687409758568,0.9823946952819824,0.01760532148182392,0.5381627678871155,0.4618373215198517,-0.9933072628523867,1.0603524905394794,-1.6309589564710973,-0.6560343487398469,0.041327027075960435,-0.006367214831490163,"[-1.3643917526340885, -0.47165907805036345, -1.455224152504913, -0.7787195996033088, -1.3044448625906053, -0.585404131731041]","[0.4998185118788002, 0.4438309776724209, 1.1816927859423567, 1.969347880041388, 1.61260980592104, 0.6548149817808696]","[-0.7237349238092328, -1.9931994991486235, -0.9475622856767506, -2.435441214859886, -2.082703699274795, -1.6031121160572952]","[-0.04922628318256692, -0.043956606611132425, -0.7325503152059328, -0.6974885271894482, -1.0023935650140328, -1.4105907952359689]","[1.2668350374140505, 0.6853515470666807, 1.3822621280142036, -2.2951878881471606, -0.1516675838839657, -1.2524192236921576, -1.0028400877832402, 0.21133694569001657, -0.2927908319158115, -0.17478133741160248, -1.1281741471594682, -0.28226714765837785, 0.7811658154447102, 0.15788642397414995, -1.1845009062551282, 0.18538498110690796, -0.8225017664301933, 1.8444406326328469, 0.1399984671493404, -0.3503502949182687, -0.750800421800903, -0.28671838763144347, -0.2434050633945737, -0.44095382497351426, -1.0237771225310748, 0.38311164098608536, 0.050740844262439064, -0.5268528696694562, 0.30394723424102993, -1.7350343660482885, 0.3709447276980226, 0.07733461146481511, 0.7578577260823672, 1.319039915810896, -0.9997044475892887, -0.09325633532761476, -0.1058466338390684, -1.200168916924506, -0.8321465426357109, 1.4781151819119556, 0.6172678741729368, -0.36524947705604643, -1.1903886726282946, -0.8889893171966827, -0.3345377743660045, 0.26395942712334014, 0.2024566062674242, -0.8763651703243174, -0.9905938958829517, -0.9332418334621182, 0.819387964149167, -0.36154960826760707, -0.057870570418722504, -1.066778843034719, -0.6257196882853621, -0.25939250055687796, 1.4150825980814334, -0.33397055858098607, -0.9534229619383677, 0.2961349667062977, -1.5638016639437409, -1.557073760235192, -0.8341407568691815, -1.7172241011481042, -1.977160221764498, -1.3952469517493238, -1.5590987390355, -0.8828752772207167, -1.8853886148072316, -3.0009821304008195, 0.302055811918806, -1.270723237813867, -0.723555837245668, 0.8433396873516529, 0.5591244198419548, 0.1806203983748028, 0.15965624459950226, 1.1061300839915293, 0.3616111845452071, 0.09129223562827597, -0.06732936604433622, 2.3570334027650452, 0.354525689289603, -0.536288980129026, 1.4111243892691296, 2.694661947109121, 3.491401779063688, 1.9151069354086996, 0.45601863773617485, 1.0970328638119011, -0.27960506984223943, 0.7446038763217079, 0.07215784857939278, 1.0444435550767606, 0.9425440142523716, -0.07649645707929578, 1.1390562529972463, 0.3357137091563827, 1.244862739606992, -0.4769744236268408, -0.5156194733122128, 0.39948047037693607, -1.1435617260496882, -0.11923998879547029, -0.6628910729624088, 1.04165505904152, -1.331646818887126, 0.04040565846539725, -1.0380141967797656, 0.7412587287341214, -0.6330659880587546, 1.3871409259740948, 0.2534058398911958, -0.5959327238770806, -0.657659972400628, 0.6963171305828314, 0.8509545928572969, -0.4826898927449893, 0.9715347317402352, 0.16998275261012227, 0.9487307361924483, 0.07035127321944647, 0.9374597003178499, 0.013341650388598329, 0.5195072155497312, 3.1376763097642004, -1.8131233914234492, -0.9220379360986034, -0.2935278081004413, 1.0643226353043016, 0.13738779497706555, 0.3689544013017884, 0.6351753007362021, -0.2946597565508965, 0.9102271558268149, -0.46303561304692886, -0.00880686562002041, 0.6175969639825337, -0.12705515482055874, 1.2745708417275599, 1.3159788137141677, 0.6174602950452057, 0.20563608841101938, 0.7932763421868142, -0.4115966120434528, 1.7512369196527227, -0.31132271119748156, 0.06015766095874236, -0.39061722308940194, -0.3358785894777154, -0.6257813158372969, 0.2704608981964219, -0.2758511855488672, 0.5174276255650565, -0.811739630448865, -1.632889944000589, -0.8484498315128395, -0.5127902543350208, -1.5447999422376806, -0.6235568371889395, -1.2163443244884697, -0.4292766580469443, -0.3097186034563449, -1.7400823435628647, -1.050263358410127, -1.4189768212183291, -0.3613264441168584, -0.6355661305711997, -0.7193102675373882, -1.5241917178111328, -0.8273411477469118, -0.3582746552115238, -0.4016733009574529, -1.8550868547773145, -0.9252709029021736, -2.432179525825881, -0.725304656145147, -1.5658131199107967, -0.45651325863377573, -1.1574318707181135, -0.19075637299759418, -0.6794179590465991, -1.195146338175045, 0.02048761007740653, -1.2065787640935395, -0.6251776256596053, -1.1091310136467656, -1.6716909587805318, -0.5906786059809135, -0.4648710801113162, -0.6257562710574883, -1.5224277386493887, -1.2521859239029505, 1.4719005795453455, 0.06970325881624265, 1.5176396172667947, -0.6311234386376552, 0.5674999271373425, 0.1717846743590686, 0.3535221658893932, 1.1374398001427934, 0.7811239577012011, 0.7815176772219342, 2.083899518020902, 0.06567774180910244, 1.378593216303562, 1.3595363469072137, 1.5347984768442302, 0.1971433777072658, 0.5175976802434931, 0.6909001547524195, 0.41333206202736944, 0.5399006046111356, 1.0081119192540955, 0.1778085553170202, 1.8793894463664114, 1.246145608089109, 0.09657828729722862, 1.2615654539887786, 0.5212017415778307, 0.26002298780826394, 0.5174576841287243, 0.8330355315817186, 0.23166977915699669, 1.0620875696292407, 1.1133169496059108, 0.6116277889105484, 0.7191670889931688, -1.778394581478964, -0.46758103614632046, -0.40880584140523263, -1.16570017672705, -0.5117441607171865, -1.6866124128070807, -0.7318328005274515, -0.26160811441887477, 0.589494417172501, 0.06118636459218419, -0.4537454404806502, 0.7457801186487257, 1.1939438465630352, 1.3466807615274883, 0.6766122020465509, 1.0880101073088502, 0.6049299160840786, -1.3465361145196177, 0.5347832180665134, -1.5143170927052831, -0.24914225809554397, 0.0168414070103143, -0.9951045091924894, -0.4935497144980887, -0.6704060018888544, -0.5191435287103298, -0.6578077795073547, -0.30093676758994603, -0.11763391655740517, -0.7271471786815081, -1.074083696378497, -0.5092093230442044, -0.4816049617113249, -0.6468710483565745, -0.47793606608146677, -0.6944113840946741, -1.3398031609254235, -1.0024714584324805, -0.5860427268623164, 1.0481284755332292, 0.24191429921806964, 0.3995122858327247, -0.2778401652082766, 0.9785162406690264, 1.1646285065729873, 1.2615612266538307, -1.180212922046237, 1.2029102517202104, 1.197582841392315, 0.7399623218186377, 0.15097140521572572, 1.3133993887239455, 0.8039799123037008, 1.1462696006816846, 0.6953655377738606, 1.5452826825412496, 0.8491827541770375, 1.3300648954510152, 0.9628108070534894, -0.9684533544291133, 0.5722670701855063, 0.16166370872611635, 1.0100096978095687, 2.7219645590190145, 1.1992204445918757, -0.7169110257173628, 1.8413967515078966, 0.7185077417828062, 1.5601602563480792, 1.319939890407414, 1.0904578256451258, 0.04904119565870955, -0.5270459854674485, 1.1395192742049294, -0.467371164860019, 1.2197720321931518, 0.53269437901642, 0.3459403901459882, 2.067539213535814, -0.8939955703594384, 0.261736582218802, 1.261356567397722, 0.8794867251060952, -1.8981399703714315, 0.3277758276105987, -0.291115318584616, -0.43829796116898323, -0.6810574847799356, -1.108834297558109, 0.09681128568534107, 1.173079453939944, -1.2337707555017794, -1.0002248286054325, -1.7956813393794542, -0.7964797581211348, 0.8846578304669337, 0.7683129694133282, 0.798372671191794, 0.01499620147458826, 2.6363094097358513, 1.1109886523864003, -1.0179442164934691, 1.0238739273193926, -0.09295812408404426, 1.0884162538370192, 0.9549726333634322, 1.4234534077184595, 2.28265033613554, 0.3783392354612664, 0.7228280406848664, 0.766068106961105, 0.05310937887150114, 0.8524510043538487, 2.1383435541492486, 0.6786131990505119, -0.05301058863160314, -0.13344867308100047, 1.7508459332150477, -0.15662995058780038, 0.594120163294726, 0.7698642859794278, 0.8303611190040042, 0.756532278993387, 1.732522859323694, 1.5369652348364962, 0.0683495715466398, 1.2413354054642378, 0.8571677178089023, 0.8302288649971237, -0.8842574727399427, -0.5426904992514073, 0.6968663448106048, -0.31014603128764157, -0.8307368878780145, -1.4764077731270777, -1.5161618004044572, -0.5891051239057903, -0.3219924574555822, -0.14790716315454844, -0.3514494880788853, -0.7527752157206761, -0.9624324786717081, -0.39526268815190424, -0.29998672156997985, 0.010281429567531683, 0.37103515718432134, -0.4913435595545071, 0.4516794408133245, -0.03016150978450911, -1.7283405281516933, -1.4455033495151526, -0.18064744022276755, -0.21855231107640966]","[-0.7422393586715734, 1.3476529974652092, -0.6258892788576069, -0.572756532733126, -1.6139521925531062, -0.5505412929264901, 0.19909810568094263, -0.9301197645317755, -0.44133564327084807, 0.12764866332164815, -0.03212344351516735, 0.012370583737887481, -0.6261633046769827, 0.8641292198634615, -0.0009475449409227542, 0.33457187247548686, 0.6897586545317863, 2.693212329574146, 0.5018091764782022, 0.19585129415094163, -1.0019544686438147, 1.736352257336702, 1.6640942974658204, 1.4666040051409563, 0.8150023690740651, 1.7776219117992327, 0.0638430730657394, 0.15401332745563354, -0.8955790007539999, -0.4024831750487043, -1.236547389769324, 0.7073261470102857, 0.2068594340164382, 1.6319069751566349, 0.8803099443904339, 0.7128301346323711, -0.2540670348456858, 0.15802151990753077, 1.6996619149616112, 0.5905695665805637, 0.7149791845428307, -0.31268985913473263, 1.3680146858458009, -0.589929235694316, 0.6469776832850979, 1.5399906991923629, 1.0019234770545702, 1.7861364752882913, 0.1581753021803639, -1.055347931071765, 1.885908843363365, 0.024621263601303366, 0.6490392299219317, 1.5750746137186655, 0.8935028926180709, 0.437480703671756, 1.7966400452615068, -0.008559388501679473, 0.538114086961972, 0.7344966205713692, 2.581136175422401, -0.14606496655517281, 1.2018849517137962, -0.5714525924166668, -0.3690660994384719, -2.495797755365937, -1.0835186518539721, -0.720231134870023, -1.279801974099913, -1.7164378162827731, -0.10276040747914557, 0.039141286668436595, 0.023040953365789114, -0.8163509449695027, -0.6445366665109014, -1.8310982548722903, 0.3221630275424614, -0.3374336843923165, -0.6735832609673823, -1.114629713836089, -0.29874593778791075, -0.1654694329483721, 0.38068456366511033, -1.5352206798708987, -0.13331383603276178, 0.20417374489574033, 0.4756424994160034, 0.4643973184712513, 0.2885982298364702, -1.183503088979064, -1.144892567335761, -2.124517707795078, -0.742440791016216, 0.48431131495823704, -1.581866579019043, 0.612147512076553, 1.9580609496004764, 0.7771752412658615, 0.7211557422165473, -0.5328628311611825, -0.534018361277933, 0.9185722557043763, -0.3658057082005004, -0.12143733783141124, 0.3692059522390466, 0.6687665924340781, 0.2897159808012629, -0.3585922227998383, 0.3050124544542219, 0.4051760274112166, 1.267195376128623, 1.160836107379424, 1.4547082310645612, -0.9625780586425985, -0.45926840341601466, 0.4069735045186535, 2.108956690008995, -0.43805475444528447, -0.9157789061435295, -1.5273427874789165, -1.155927544319674, -1.0551430731421128, -0.43474950251811334, -1.9619187511766842, -0.6833810728834908, -0.4364750626276415, -1.7266475922707676, -0.24027215263558135, -1.1027777400060952, -1.4031822553359714, 0.19080460076773714, -1.1449128541402114, 0.7133641643263313, -0.7963867049065666, 0.4813976055207819, 0.054504080243523906, 0.08265909396978037, 0.34187125104118, 1.2666857249310337, -0.6833015602308598, -1.1836055602114477, 0.5268179463069133, -0.1386227208264325, -0.07153849677028741, 1.087608388979772, -0.8608425389974715, 1.3554306486051413, 0.4278699310632399, -1.0561501949070224, -0.5983451116694356, -0.28619611827559427, -0.7742273514799637, -1.109403328587732, -0.40132824591812327, -1.1341744109321992, -0.7130423935543521, -0.9737744355835315, -0.3431287981628025, 0.19217255944086825, -1.234350875389682, -0.009551008511832415, 0.4968173654134299, -0.5873808615285703, 0.0746861106698656, 1.2277726690270696, 0.16720385487252326, 0.3500622127630772, 2.4134139532622414, -0.46439388929547426, 0.0177972235578895, 0.28955121644643356, 1.6888795627925128, 0.7948181825153064, -1.136519672869855, 0.19540672059009995, -1.1831365408494772, 1.4427620506883956, -0.10282642532976653, 1.0866365132350704, -0.517977603221272, 0.04354104419967459, 0.3720697774126594, 0.25125460644883285, 0.4058400978507298, 0.3702259740566746, 0.23821979841994712, -0.7262433018151965, 0.23918005286958746, 1.6905661645046943, 0.8805422351413268, 1.4210534722280337, 0.36457563498274326, -0.6452290243334374, 1.5159516112004296, -0.4187331615818637, -0.9749184093420739, -1.3432985904029882, -1.6504351972276, -1.7906733759133548, 0.1083486027282395, -0.965298840609591, 0.3866138656525061, 0.5070778230153771, 0.523088259930581, -0.8998744465428199, 0.4058908740921915, 0.6953706149778787, 0.48697651062894565, -1.7397295862371183, -0.520684229349377, -0.2586043422975626, -0.5365599232909422, 1.2467257340767297, 0.06193986945982001, -0.09410679181113298, 0.8501156228927966, 0.7936050415912199, 0.9869653250826921, 0.5606704427394249, 0.8824685264302911, -0.8741210108643984, 1.6764532189174322, -0.785491698353281, -0.2108405121187892, 1.9806187735335479, -0.02407512720397965, -1.0395693152165308, 1.1340662243006767, -0.8762572359847289, -0.34887614578345727, 2.4831529259544376, -0.5089016221589585, -0.28375829414279496, 1.3835882644689639, -0.9141165307653815, -0.0291458206684713, -1.281259773269162, 1.325718700516777, 2.875954987813481, -0.6130478939213837, -1.4387023132027106, -0.2934201890358817, 0.37567765115682256, 0.42448900893088704, 0.4968797425677429, 0.6281330363800145, 2.048177585246871, 1.4458776167343785, 0.024812312896257852, -0.34910127304956806, -0.3902137216385956, 0.7409335071190191, 0.3579504492288859, -0.21849245864237357, 0.05039870732462308, 0.5702593013867507, 0.3493368774773964, -0.9313707309875722, 0.48088664675314124, 0.08651852412768814, -0.8078259914068547, -0.39466798226884076, 0.3596117062175411, -1.5705182118576368, -1.1901484865242846, -0.13840418969349125, 1.4157223232139282, -1.4494792868566833, 0.4061993412001375, 0.16325099796474776, 1.6966662835370148, -1.865340544814788, 0.3895316511867128, -1.123412356190305, 1.1216913293224695, -1.3238774253946008, 0.9549125623588421, -1.3058338256497264, -0.3112002492442724, -0.29375215871688176, -0.3893159093351544, 0.41390023220266703, -0.2659574849162251, 0.1776529888441939, -0.7113889490009363, 1.5907265240316717, 1.249105195255041, -0.4920244345754393, 0.2296718702504126, -0.4887028690586763, -1.8924119884147421, -1.5388548019129507, -1.1968806784937707, 0.6225753599700512, -1.3327721791729954, -1.6077140582701261, -2.1536262539442568, -1.6257042663812291, 1.0706633332315412, -1.782824296799304, -0.8942126503739377, 0.9353610753951871, -1.514982185062957, 0.19729324797870562, 1.7845750643938576, 0.5873440209071156, 0.14656680474236378, 0.2753505901242561, -0.20693446496279888, -0.7024225920355223, 0.287120237364439, 0.27624838860173795, 1.7867727432999023, 0.16946364693599242, -0.5544678503006256, 0.12056543404804985, 0.7177586205395308, 1.413675787384888, -1.4493401128121572, 1.8363084212902268, 0.2858857456377613, 0.3332295178696505, -0.43834824933318856, 0.2868913576700979, -0.04689506898055731, -2.4187535571021264, 0.2145947803631957, -0.31351854921692146, -1.0630035279441659, -1.2356181905257286, 0.41116500518924815, -0.7741413875773684, -0.3290601082203467, -1.469890258298931, -1.6337596607588711, 0.5321521734101979, -0.8835435079204825, -1.110561307533713, -0.7246664259933515, 0.9307843539406915, -0.6977543040151309, 0.12176364496584349, 0.11764801762115219, -0.08399791974293809, -1.5471634409002795, -0.7356165159253442, 0.6527588787544525, 1.7852793914928382, 2.2677767969127873, -0.9732731779849658, 0.3938713959419587, 1.2630432405507424, -0.003663492253997644, -1.391272857392922, -2.327259776061552, 1.2176598293201795, 1.347836440570142, -0.11771602617338606, -1.0922298190234023, 0.622630499280786, -1.0300896032867382, -1.0264632029216287, -0.565488814104116, -0.09696684727255997, -1.0164528276109022, 1.200522156460315, 0.9977882724221742, -0.2172348277135681, 0.2944239246851609, -2.3925928970240684, 1.9395319630392425, -0.11858671761988515, -0.15242802560981478, -0.433265089567632, 0.45823371980324745, -0.7241115742016909, -0.4044030632259537, 0.9850149319315729, -0.5463889137028105, -0.054172887817467236, 0.8183300355473028]","['v95', 'v67', 'v11', 'v82', 'v66', 'v2', 'v53', 'v106', 'v23', 'v89']","[np.float64(7.015611156062524), np.float64(17.512847942808925), np.float64(5.811854902712809), np.float64(7.434309528413425), np.float64(3.819719782956244), np.float64(11.290214007961781), np.float64(22.071362721512244), np.float64(44.146573507361644), np.float64(131.87446921971141), np.float64(9539.153905008172)]",1.83100613445889,1.9916212716983779,2.069395837609559,1.0137951900206945,1.0382961799779256,1.1543113170556156,1.166773931973269,2.354038532898037,2.5367726763866663,2.56197383300864,1.2848899797401485,1.3966978249353592,1.4721185103849195,1.404984663406144,0.6380783260060834,0.6204037706793273,0.5916737128355054,0.07407125523316692,0.05424570427910469,0.08437901474579848,0.07103524434154629,1.7163868392793264,1.8109545493424524,1.8522294280186173,0.9140803440783543,0.8927326745837251,1.0249858324951129,1.0456372134718728,1.2429828532347196,1.3096010626110275,1.2669041193450374,0.6257326416831589,0.5527963710985248,0.8347603464779872,0.9379404319574933,0.7772735549704377,0.777342879281491,0.7477927060100222,0.32243007336746415,0.34130305410392886,0.34984578163063135,0.31641955517720877,True
f682_a,f832_a,"['60', '61', '62', '63', '64', '65']","['109', '110', '111', '112', '113', '114']",f682,f832,False,2,forward_no_out_standard_k10_lda_nc2_sex_on,forward,lda,,standard,10,2,25,6,6,True,0.9747912883758545,0.025208687409758568,0.9847309589385986,0.015269010327756405,0.5381627678871155,0.4618373215198517,-1.775158030046323,1.4789665699658097,-2.0979930451931312,-1.257815598091576,0.060994505121880954,-0.0034826924704602965,"[-1.4747696620380342, -1.5445648338904434, -1.9273278656074178, -2.0262452958467003, -1.8158424248157277, -1.862198098079615]","[1.3936054867291923, 1.5202884082793742, 1.5142599666729095, 1.5538916991165725, 1.3760772822220484, 1.5156765767747604]","[-2.165263745891237, -2.1635214487908754, -2.037256697186982, -2.0588180220542913, -1.971687809126732, -2.19141054810867]","[-1.5097546041515764, -1.1669780777747907, -1.866145714192549, -1.2949780878226003, -1.030347398099427, -0.678689706508512]","[2.2730480500306633, 1.1148282948830417, 2.82424209689467, -0.8052260509509555, 0.5921237848022198, -0.12357523878374006, -0.07315497883153564, -1.0450517523620615, 0.030057155873725115, 0.20218934523296014, -0.26989664382765477, 0.7476890530500342, 1.6697994410943215, 2.4504284645638057, 0.3188591852046685, -0.3028231503934972, -1.8675465843702623, 2.256098701597064, -0.49655810087884394, -1.389113330722159, -1.1200225199728504, -1.1695366073537528, -0.9503776825352663, -1.4717739174361815, -0.6136771800911285, -0.26636777784929705, -1.1546807828113397, -0.7061332999355592, 0.5794194346081022, -1.34187761302314, 0.07961003522512128, 0.4765443198657147, 0.22432755922480271, 1.3795625041150372, 0.03636094289396663, 0.36060774523373956, 1.079682746606155, -0.55552552980324, 0.19653127714981392, 0.5189373687682454, -0.347685682762817, 0.10353888954285607, 0.5000501540245507, 0.6922425802677814, 0.24370232670626116, -0.3334710684642254, 0.16163870296550958, 0.45221167331847084, 0.5657228663007593, 1.5385730611743222, 0.47082359886686187, 0.6378896161247172, 1.0576287180015786, 0.585482725993653, -0.5153360972338797, 1.01936226463038, 0.07251409448389769, 0.25277321572628847, -2.376735147341627, 0.5012210613320389, -1.286909021154431, -1.0569428960732923, -1.0973305365588182, -0.16114008581011047, -0.5032429888611762, -1.0494678715987888, -1.3402085980261715, -0.2601927206499502, -0.43795414080275535, -0.8315375700178497, -0.2610121520024534, -1.411169701772244, 0.296001334969847, 1.2361724290114173, 1.2854708462165754, 0.5681824906216627, 0.026857412459508644, 1.5990882676316036, 0.3739015663515806, 0.5329218614783721, 0.8671681171930995, 2.400216236118686, 0.19444764081030202, -0.12177486685828713, 0.22102885255742344, 2.0864486351091496, 0.8888706541674294, 0.3661767830418384, -0.026046471886156757, 1.4595838703399535, 0.4267712658156041, 0.8334519973386051, 0.21115854170460954, -0.3210441879985291, -1.0729896079149297, 0.15067678002144502, 0.5192113903690213, 0.38905274470269363, 0.1380939318635732, -0.11220732337027697, 0.07344938460796666, -0.2550402730318257, 0.130289400965924, 0.7198246553676161, 0.0068737490458773256, 0.8644847314579522, 0.1733327328120452, -0.39507748230540835, -0.015942316841021223, 1.9694873375064386, 0.32947996390131085, 0.12230576273637761, -0.34249365187204783, 0.14091833841114282, -0.06638618738692574, 1.0332798539497647, 0.24269211000533986, -0.4105057772344493, -0.23847843270237779, -1.3421160866895812, -0.5917541653790879, 0.02097808225878805, -0.0030757979198105037, -0.47482736109912677, -0.14828399432373998, 0.32581677871763803, 0.37723553341341376, -0.682608395569503, -0.4775745643052618, 0.1948569803255207, 0.7992217804365388, 0.006773502294698873, 0.36731072810134724, -1.0588308373785003, 0.5517784960083065, -0.1247462366387948, -0.3469790890654466, 0.6311235745739672, -0.26091682304322783, 0.3545011447379946, -0.005180968087750053, -0.23577488179463874, -0.7208742811657669, 0.5316647537678357, -0.5652564822855648, 1.8345344091324538, -0.02063663072534343, -0.5063828863373007, -0.1614669730869029, -0.4319297416570842, -0.4519880610792898, -0.238607156487942, 0.9006845168435204, 0.8504989592982244, -0.3170837632244616, 0.026123464429222733, -1.623641449908859, 0.07561999922448612, -1.2347677155374193, -1.3218217042802878, -1.083296511357497, -1.6004104823557495, -0.3602409351768222, -0.929243145934445, -0.5574598624241262, -1.80482052147359, -1.0024001553720263, -2.378715757465151, 0.06693833134704395, -1.9027289749583514, -1.401036038315486, -1.44055456512578, -0.3475571182188174, 0.06345773561934462, -1.7299495378697636, 0.5777823124631916, -1.6362144089489143, -1.2649017705546521, -0.6462386095806426, -0.10614684683271715, 0.9894823292096376, -0.8806565069849999, -1.5528367921316704, -0.7115778447799614, 0.29070793725186356, -1.1458370589537985, 0.9657355044132807, -0.26992797505236665, -1.4720706808909272, -1.2878320252431759, -0.2378602423873851, -0.7123800859971436, -0.15664507438259315, 1.0798946270174068, 1.7297633018798102, 1.76446913530851, 0.9218656629469295, 2.2928747937263085, 1.2278851454810094, 1.6574254774211397, 1.5015612473743871, 1.7755147345769613, 1.3265863912226148, 1.8367706142073965, 1.8360129870674056, 1.2322433690926047, 1.3031059502557858, 1.770743339782836, 2.1681290525051544, 1.4169001415445792, 1.694355081068127, 1.1939806189074074, 0.7601874275223853, -0.2778848219725725, -1.3167347579021946, 0.26384071615607985, 0.39633672644345974, 1.2110277416204667, 0.08943056484127686, 0.5630086165365672, -0.1538527311708392, 0.7311546815162641, 0.5576379714912175, 1.1404941971300482, 0.1118570257675184, -0.20550949178483913, 0.33261597049825153, -0.33740333315751586, -1.9159363740836877, -0.5413110475090083, -2.184567195906507, -0.8681023771159575, -0.03723750967739637, -1.2744974793117274, -0.46347225338650455, -0.8622740636383099, 1.7149708273149302, -0.7375938727322983, -1.3132412410169494, 1.8993829810533172, 1.575406431490732, 1.5607140439435776, -0.06606254528669242, -0.2581134141299638, 0.824025715758195, -1.2553683904594481, -0.7727229559277987, -1.1810938425149335, -0.7363450019913946, -0.1863234456054919, -0.6268553839271571, -1.4112479456710034, -0.4017078071860945, -1.0562111750198122, 0.4388239244364641, 0.7223668131875176, 0.5467093160500648, -0.623818468276607, 0.5121287069269402, -0.5553619659027457, 1.097339075654536, -0.4379318361940073, 0.7488261702439465, 1.3922611399370048, -0.7962573741257299, -0.15167252015583182, -1.2209881662320237, 0.6108030939613855, 0.6856424950942798, -0.23057064744630854, -0.12688801178347686, 0.14803531294503658, -1.0886905514836163, -0.9264357424655357, -1.2358401375057293, -0.54199406816285, -0.33893021693821734, 1.017861610123798, 0.6680821499165931, 0.8436453503892478, 0.2688771134971434, 0.23123371403644047, 0.5189455872463832, 1.4920224628658045, 1.2395353325025709, 1.429331646439885, 1.2255871850646538, -0.14012138337352342, 0.6942052597793579, 1.2930165349835994, 1.360797531092667, 0.7630944339377868, 0.9789255311179189, -0.25029108564543356, 0.6816320663938028, 0.33941776789630984, 1.2482660606298759, 1.0699711155330176, 1.2348718403932297, 1.6732087926077996, -0.5892757758641662, 0.9608431870010837, 0.4313930366781079, -0.8895760840212551, -0.16919153483609004, 1.1614515341922227, -0.15693338349317437, -0.5971322658896477, 0.6800995904574927, 0.855484661460544, 0.7908895729983838, -0.40981985668871845, -0.8492520900686734, -0.3721542827068449, -0.3803158068935538, -0.6548143992146244, -0.31353835925403656, 0.23129524744649704, -0.31767447636267243, -0.32987075998127946, -0.778407083877892, -0.777378044102463, -1.0169254373498973, 1.5517320764433955, 0.36293261136882826, 1.2862693409195753, 0.40218076041158957, 1.9047809559181645, 1.9453358663780167, 1.2906000786492753, 1.3435332163417837, 0.22637186024076525, 0.7597315344798934, 0.4081306085884765, 1.5201504609123302, -0.7332257107053991, -0.15417410417296507, 1.0539272676363876, 1.2571222516186187, -1.279857094651305, 1.2462125448484953, 0.383070978576171, 1.2186810852253116, 0.7156966409076317, 0.3719348764059771, 1.480509806971154, -2.6980050918002974, -0.7438452365530436, -2.191896390494759, 1.7222455130471979, -1.2112017725167632, -2.8329787859873266, -0.8662916172363845, -1.0247828945262714, 0.4871855169622107, 1.3943400473616587, 1.0322166637555037, -1.365766904551313, -0.6464059899319055, 1.3969764472604005, -1.369026431968931, -1.3791479551527845, -1.4096527277088207, -1.6520454060807281, -1.2200053103535504, -0.32674733745768414, -2.0675113065093265, -1.9861767265329526, -0.8254233197007329, -1.4807989914478235, 1.3667900612831692, 0.0019447280174841666, 0.3601982839142377, 0.011324125294524232, -0.42001531770241773, 0.7247626480445593, -0.49583598299045745, 0.12055076863326904, -0.8459830156976131, -0.2283292286317882, -0.3013899297267391]","[1.1980668129186258, 2.1647565604446557, 0.5071785733784605, 0.2319624541273549, -1.3088623615516775, -1.1284460947516808, -0.019848042377786642, -1.1871783217468597, -0.37647810280719457, -1.3909467399313655, -0.52060160066465, -1.1251063556518421, 0.8020347525564085, 1.7244140460383799, 0.6861236770991831, -0.7926545979637791, -0.7809717302083258, 1.0063285483668614, -1.3469617288618687, -2.2761881783436113, -0.8789145876892189, -0.0648997644312357, 0.6337264180184303, -1.18711493746312, -1.1267490385208765, -0.5444695279257071, -0.6089799708266823, -0.31237993379665535, -1.7200731003883691, -0.2576952147274929, -2.6720944821052273, 0.7459411892997327, -0.46266184107782693, -0.0837457470036338, 0.6088974652911445, 0.7436619913398672, 0.22710872118703215, 1.159798499442447, 1.8458331580826741, 0.27497468149956006, -0.028174500331109215, -0.21585255677081372, 1.0453722377100347, 0.6848915294689085, 1.508281436248622, 0.29895516366422126, 0.7935980333699956, 0.7682603654346951, 0.35268097749979177, -0.3241283432406493, 0.6812697078457778, 0.030490271950159346, 1.3261244244522183, 1.4900331965103433, 0.9300022796502707, 0.7699872376467793, 0.5046097656856886, -0.026599578384835773, -0.5665582597803323, 0.11768890027049235, 1.103330517860249, 0.1348076416708534, 0.47984753478284914, 0.06641176913515152, 0.8433210050136231, -0.2561406644390217, 0.3878416394157407, -0.2701011383548794, 0.8861867496788128, 0.3359016363212222, -0.7052610041443281, 0.8179834696568007, -1.4357393240523437, 0.569457263732351, -0.8259114333649693, -0.2634113973340934, 0.3056858968347536, -1.0831791520899403, 0.5064168358516624, -0.9954894576895482, 0.6969559090421128, 0.6833870535903387, 0.8293474516316073, 0.6140101606078473, -0.9179257786250435, -0.5284342909823032, -1.821908749857941, -0.2899024581066052, -0.06083507763379902, -1.296772894125613, -0.27279040314532327, -0.2455898979421903, -0.39845199382978164, -0.6760806111709705, -1.255495271660015, 1.19993139688507, -0.014012801731557434, 0.8086451636090702, 0.14753840417781186, -0.8354557071005324, -0.7733127050296505, -0.9130501442187806, 0.5488795420619415, -0.08153917209885751, 0.4225773872973987, 0.3133254566887035, 0.626046116004282, -0.10412225410315892, -0.7336143648592717, -1.574763690313073, 0.39862753837300263, -0.5264746030851299, -0.2789154243880622, -1.0037458407336624, -0.1677725642221633, -0.35163643985063286, 1.6403869167044276, 0.018779684817770356, -0.2661006508360337, -1.483563175082295, -0.23917592396528126, 0.028765689983276332, -1.2362209141252867, -0.7146478086617936, -1.334861287077647, -3.0159413215102493, 0.5245734558584968, 0.39121501431764594, -0.10612119042033874, -0.5692063542315355, -1.017343804398876, 0.2800511393625871, 0.8972182390954998, 1.3037488428717279, -0.24504789823669645, 0.23171649824932247, 0.9820444439961142, -0.05246533772146776, 0.02836155085724047, -0.5317651020333894, -0.035703584101160354, 0.06875284192703918, -0.11015008608154025, 0.7036602747642481, 1.0418080642275531, -1.7495915417880594, 0.690054206095034, 0.6732733709572911, 0.03358594634697319, -1.6561105370670273, -0.013752561224354755, -0.7323884363813784, -1.2357885683370802, 0.06165656918773531, -0.8281723173733564, -0.49783790583298504, -0.7260032291526728, -1.0172044150071107, 0.6649696451206628, -0.1244807272303733, -0.043908897507448114, -0.24325567180401747, -0.42375386742597315, 0.313981034429754, 1.448140199542822, 0.5267821446711871, 0.14702103142213208, 0.7186700021894753, 0.7408103271743764, 1.4835216210017645, -0.6625049275488942, -0.2793978340442531, 0.0257821951021737, 1.4486004290092196, -0.383344632451077, 1.0194214917296587, 0.8149263587237332, 0.2534638570388505, -0.14337184501911482, -0.4810911250888533, -0.051449896709521464, -0.27324909627618316, -0.5830758921659989, -0.8422888309167414, -0.5660947843686696, -0.009579667346231476, -0.5106188452083551, 0.16038887278515343, -0.5393724206468422, -0.12936411852602872, 0.4964019881694553, -0.534859379857122, -0.04719016159521904, -0.5439502428258737, -0.46811017636623176, -1.6435707698998927, -0.46065778204803093, -1.3446984539289746, -0.22657895730047004, -1.509928445444541, -1.653270996526555, -0.34337498531616284, -0.6875079095399027, -1.2828717714571214, -0.04071416136495063, -1.229891883693672, -1.4114460814694183, -0.9342771019850956, -0.6277706252180146, -0.3791904724121803, -0.49687927186750236, 0.018051433516905514, 0.9779076807781792, -0.43525078221051755, 0.07819269340485337, -0.3300362762418744, 0.04719362207948169, -0.037312296553361234, -0.7065816250984354, -0.6725374857027683, -0.9970339492554747, 0.4098625367112603, -0.34901723365111437, 0.3343603501284355, 1.3738902443643857, -0.6025856017424396, 0.10232991348642637, -0.47303765075708337, 0.5539457417586299, 0.28959233626577097, 1.213647568740201, 1.0362002288781356, 0.5412517088213084, 0.9266071086253893, 0.5721059978136096, 0.002688849378111092, 1.563771217444165, 1.4890882674354158, 2.511215949442422, 0.8594135176668962, 1.7449303482082763, 0.8152526793643164, 1.3431485934442875, 0.9388737868531198, 1.8417745273070565, 1.8706602013357196, 1.287001135940561, 1.738606303716117, 0.783926655025756, -0.5305323450899849, 0.8201704266248335, 1.1640926003100363, 1.711486809570459, 0.3486022143381722, 2.829929065569447, 3.5378916362978354, 1.334057240451829, 1.182836070854685, 2.122331154374496, 0.7687282546385311, 2.2684981897905314, 1.1349783733499814, 0.5617314567479669, -0.1949861464727102, 1.1296699048820829, 1.2129587195142535, 0.7208531973251515, 0.9788522648861779, 1.05558716500979, 1.6883241978092054, 0.9532484566866106, -0.8395630476081767, -0.30964529934556406, -0.24069248586497774, 0.9094838207617075, -1.6319120031588985, 0.24705086313516159, -0.9300585976158956, 0.965943734941633, -1.3588982775475698, 0.37774248887248446, -0.4414958229464116, 0.6888744087185751, -0.1256713613577121, 0.9486796858496885, 1.4340925321072127, 0.9671170394168678, 1.2648450599149712, -0.3803647075138763, 1.3196523325805607, -1.5420286437752637, -1.968132949661937, -1.1978184541056016, 0.6435963852771751, -0.7764386493156569, -0.9039651890554358, -0.49573486400296984, -1.3647306807811799, 0.8889494598701101, 0.09640787431185861, 0.9123089098690911, 0.2957898491709276, -0.8272052207691595, -0.33700495773493205, 0.9845579783255008, -0.21836110874371548, -1.5542069593816303, 0.8802265329160132, -0.09528925178934058, -1.3452855488516133, 0.9999736537959917, 0.4626194039981994, 0.4657935964291458, 0.6001664653534817, -1.2892990278293628, -0.4839162208401991, -0.03120653481779073, 0.33697197142994073, 0.989538452888882, 0.7151454348571196, 0.23813796459572034, 0.1387391175659658, -0.4574905705290634, 0.7650034656852114, -0.4387508712236386, -1.3781327690717555, 1.1922080245445241, -0.6277871331863345, -0.7672111305674447, 2.411243149653108, -0.4950177435430001, 0.0648684805174668, 0.29559273589341994, -1.0459659554169076, -2.93920634383904, -1.6824403969161017, 0.9802046878116917, -1.0292223619264367, -1.1923673730609095, 0.9339400876216867, 0.5514920468506912, -0.9790159193503053, -0.24958348103080966, 1.9166329371971165, -0.12364286620714994, 0.8622564502171127, 0.5762891245669778, 2.980946072828957, 1.1191056478941024, 0.3632106401185803, -0.9614895827719361, -1.595432743479904, -0.0965706974193512, 0.7599905354904338, -1.7338944699151704, 1.4895434214765733, -0.06031173360164345, -0.9188339725417057, -2.1993221286976774, 1.0453026478296648, -0.6598428234265766, -1.5267960377151317, -1.3289513339320072, -0.6844131339629623, -1.2175112373791055, -0.9230737947642121, -1.3395499731922111, -1.306471312036243, -0.773719002063988, -2.1277909904286516, 2.4671832250950603, -0.6527472413248679, -0.5462432543207683, -2.0570426747537702, -1.5844014573077212, -1.5673244941842295, -1.428682212600924, -0.4929980525599825, -0.30350006056925805, -0.6793383122299107, -1.0614898797152417]","['v76', 'v95', 'v52', 'v8', 'v5', 'v64', 'v98', 'area9', 'v104', 'v100']","[np.float64(37.80681249801476), np.float64(29.740198881142824), np.float64(7.432756485556029), np.float64(8.67588074198897), np.float64(10.107148039714806), np.float64(6.937313581000946), np.float64(14.224135446820581), np.float64(23.503895071214615), np.float64(341.72490963088336), np.float64(83548.15166068435)]",2.755757442592095,2.7652523927357087,2.7378100569904844,0.29105655963682986,0.30722691974654137,0.5227414922841445,0.4890841802539037,3.059617183204194,3.0626481546886364,2.9808683934379507,0.34817069311221055,0.35860096728483737,0.6060559956255654,0.5713804305728529,0.6701992748176469,0.6684571495852876,0.6767589894158115,0.0030821572005116965,0.0027322711661990073,0.021485085329821994,0.016178821282891276,2.7367821680573856,2.7367821680573856,2.6879250303029787,0.2752567701402607,0.27127759092528425,0.5039136417742149,0.47940720605214926,1.083352032718437,1.0866614321897399,1.0694834676661824,0.10456851599672282,0.10997884562467664,0.22905203183827175,0.23552734258939173,0.7472866310293586,0.7321502371348484,0.7399719958674961,0.05404162014817252,0.05732634929220011,0.0905224143563656,0.08324637757633269,False
f682_a,f832_b,"['60', '61', '62', '63', '64', '65']","['115', '116', '117', '118', '119', '120']",f682,f832,False,2,forward_no_out_standard_k10_lda_nc2_sex_on,forward,lda,,standard,10,2,26,6,6,True,0.9747912883758545,0.025208687409758568,0.9901077151298523,0.00989234447479248,0.5381627678871155,0.4618373215198517,-1.7138620474544954,1.5487949190169685,-2.566013157480611,-1.0476173877243464,0.0673996095265371,-0.007892559547915297,"[-1.9804558967379522, -1.5537336795037562, -2.048267399196563, -1.2041166645234977, -2.2829358573401466, -1.2136627874250583]","[1.3663552524598497, 1.8576786102798268, 1.9503071231083524, 1.2686813742499892, 0.5329669634860249, 2.316780190517768]","[-4.361238887021725, -2.293189205398898, -1.8072144823905656, -2.726497383128443, -2.399512777124611, -1.808426209819424]","[-1.409796189874622, -0.8778888448219387, -1.1104409645152502, -0.8844985560982007, -0.9426428987365023, -1.0604368722995645]","[1.7036079101808033, -0.9496299588748668, -0.05177818936606897, -0.5572481041539123, 0.10327835386000622, -0.02548384990697072, -0.5040608840601934, -0.9969096646735922, 0.21489593185646325, -0.29132754989110543, -0.7302927478915775, -0.23135836396912313, 0.07837179180533571, 0.7431658071004598, 0.3411595827182632, -1.7102284199406972, -1.4647572043727604, 0.3344465750924949, -0.3952300253890565, -0.7347272653436698, -0.46536227214491405, -0.4275002399497431, -0.8237812131319372, -0.9098334565292787, -0.5422453138008528, -1.1160883143629339, -1.765646662270024, -0.39651566952490386, -0.9456986235878786, 0.8332373180040832, -0.9832447805415979, -0.3148509279799588, 0.24855498908261509, 0.0012173553972714248, -0.6378319237738621, -0.05518243809995976, -0.8660409750504504, -0.14963148672875753, -0.8654575714301244, -0.6397223437297338, -0.8721186645491598, 0.16559262488868415, 0.5548990363203603, -0.5780130007193284, -1.3753234681106934, 0.3230824203297115, 0.8464368471223591, -0.20615601011931484, 0.30280479409634786, 0.9985472795767902, 0.18437254771351289, -0.08011320848580432, -0.05035409556352843, -0.6662819621229351, -0.43607723613341054, 0.4748574297280352, -1.2783820237951506, 0.37108682663198456, -1.544659209915491, 0.8527148233836306, -1.8720652247156726, -0.6937006660851174, -0.39293414783880676, -0.8386835612739153, -0.23506579083558996, -0.13911340192921162, -1.6225541585866516, 0.3140180495183389, -0.49784590055537936, -0.07754056096753109, -0.0022874793356435046, -1.387108969646378, -1.2272998563220905, -0.5267415577952264, -0.30738143086965963, 0.934606758853847, 0.7389781584713161, 0.099980991706181, 1.2332174364197928, -0.37127984217490945, -0.30125058780526187, 0.6815588560540881, 0.19332231260307958, 1.0554675102418978, 0.0660318968634823, -0.19893079806458816, -0.007796439607808894, 0.264581836585835, -0.8489423683357222, 0.43664839207437817, 0.4621966055708342, 1.6239317446292676, -1.1947118406705164, -0.42340801337317757, -0.3452602746281647, -1.3236310156714917, 0.4199054047062296, 0.09406330315471616, 0.22646110361387461, 1.1416276632766853, 0.09988435006508635, -0.3599333638944802, -0.384580727216901, 0.4555014889930642, 0.6759312001590052, -0.8727598160464229, 0.42245009974021075, -0.5587666699724871, -1.0519866090684553, 1.0414297942945892, 0.8635695330831463, -0.5639442716978481, -0.5849727456145061, -0.13236544137694545, -0.8347954064210554, -1.5660251484938894, -0.7894213942578777, 1.045592640066046, 2.3840897394105984, -0.11647299467790095, 1.5524136910598052, 0.32955939877899143, 0.8510919782215026, -0.824309818443138, 0.1551576825410127, -0.1467608956384338, 0.24465457201766116, -0.45382881541125397, 1.3202353811035887, 0.9581101123878429, 0.6206687584290819, 1.1184630421104367, 1.3795524108648956, -0.47461692262022076, 0.7977161576035182, 0.4230041828450908, -0.17757626118348266, 0.4016202841783813, 0.6051516322230588, -0.04563119240243739, 0.8202629636009816, -0.6020832654282325, -0.04771114439140748, -0.6903268136535359, -0.5366169045059271, 1.331646142425766, -0.48817992982884995, 0.20572123048566063, 0.38884114309425466, 0.30070794467379236, -0.7362771449142603, -0.9616770186399963, 0.4270269432734266, -0.9639002564804267, 0.4857194150785663, -1.3599634764804307, -0.5597040542692177, 1.1527511209430528, -0.23205453813085947, -1.364331614822193, 0.3551365041253594, -1.2102969558147985, -1.453269500011584, -0.2338347822051164, -0.20855971378699245, -2.452645242437934, -0.5529767503618364, -0.12670155334023472, -0.16380043429412203, 1.1624428590957299, -0.610091788514742, -1.0643474727229945, 0.04171850754480284, 0.5193106274163517, -1.2821635196534178, 0.03365241830230379, -1.0275957095092654, -0.39656127297399113, -0.945267353008744, 0.563723108577576, -0.08011414267066536, -0.5649263639037729, 0.3314912373236765, 0.7409690678807361, 0.5378721663935689, -0.665871991283097, -0.8652469791350367, -0.2630658334495036, -1.8644425002514682, -0.10641708015700645, -0.3917374158973172, 0.9172955786783329, 0.08823527703543323, 1.7495090359090075, 2.0102160576962373, 1.8273842075779902, 1.411384494322209, 2.3409074011120863, 2.5147739829197495, 1.063836782561118, 2.241360731931293, 2.4451950997984437, 2.396699719116171, 1.4472146293010846, 2.154067422642205, 1.8217275424800123, 2.098968165725123, 0.6433374964236183, 3.1980862816578783, 2.0442683084680153, 2.146127352060162, 1.6134485294234746, 1.6431227326352837, 1.6857440545949118, 1.367737955447987, 0.013975048995717108, 1.1812370568413073, 0.5548052967242343, 0.78110514069261, -0.0804805558964595, -0.4296947989045122, 0.8330796681064068, 0.2108402948628017, 0.9652854745890818, 0.3120434105469541, 0.41863287946739886, 0.8506965300671899, 1.1318188465217192, 0.03709238460780807, 0.5712562972977032, -0.4695525689760436, 0.5645918525792429, 0.9769004528579701, 0.7113162922662634, -0.1656309954521952, -1.4638328056887828, 1.7694011353370762, 0.6696515644014718, -0.3935714473089582, 2.378230536278925, 2.3608338250584846, 2.2995865395761634, -0.23521992782065534, 1.1484889411879509, 1.2798330756700655, 1.0294918349213706, -0.7583632143047967, -0.9839079745351156, 0.8808987362519831, 0.7229562228253904, -0.4293197744282162, 0.01028304638746632, 0.8122894845170576, -0.938430776968493, 0.004729749959776176, 0.2839978991480008, -0.021552737651795967, -0.09848361622678167, 0.23357023011325384, -0.09705286839690311, 0.17174937588813882, -0.8175741388793154, 0.4170762414623365, 0.15394889607698015, -0.48704758201367465, -0.7804506358617681, -0.5816352660164799, 0.23378499876425898, 0.6449108992211895, -0.19372766252893797, -0.03732359925286774, -0.3113869979948097, -0.8400307080924658, 0.871157917255305, -0.815512569241734, -1.1840423428828686, -0.36849577647149506, 1.5603840732157717, -0.3378678135691054, 1.118943738450789, 0.3239332996992678, 1.280526867028145, -1.087604194217685, -1.1204266052917875, 1.046953416677953, 0.8196199987711356, -0.005991812127820299, -0.9963369260589594, 1.4296444221712994, 0.1763868267242885, 1.3360871432250936, 2.001748659393392, 0.2509127621749322, -0.6214671441415704, 0.46961171815856145, 0.824427677911431, 0.4860028402939923, 0.6431566145029326, 0.8503518012989169, 1.0012533528381735, -1.3071868058869198, 0.14253072782002205, 1.2561641692918675, -0.0938339737341035, 0.008689493112699561, 0.6451678464280631, 0.5882686554089859, -1.6495311344754457, 2.021878955465322, 0.47875207349667753, -0.19459956848429352, 0.6379280032550911, 0.5698017130781349, 1.101423419718002, 0.04939876395976286, 1.05842078525859, 0.2018935027602385, -0.7247827087218848, -0.7927330809212092, -0.09978314769044602, 0.5341263254256059, 0.518805007237734, 0.9100874872154849, 2.756939302785849, 1.8500759876586594, 0.009228986092440864, 0.2141572743764463, -0.8263431543623213, 1.1440950727802992, 1.2660129437981134, 1.5995476621014326, 0.5697715492999087, 1.0635009069184074, 0.006105682911045906, 0.7389804938789911, -1.239924889021909, 0.8282627071668329, 0.9245392985376109, 0.7496290989561332, 0.6779846123986766, -0.30970335498385854, -0.30580936795512553, 1.603734400197145, -0.887724339274562, -1.3613098297281898, -0.09892908206872182, -2.931671016130289, -1.923425159768415, -1.7958681070260598, -0.29510277981112815, -0.9236644912343641, -1.7890071249117325, -0.5023038897209182, 0.8750009152462953, 0.3212323097433779, 0.035464875017109196, 0.18377649737723645, -1.2880487496366397, -1.0955234581507738, 0.43916361802566034, -1.9882112934436038, -1.6261083688416507, -1.4247822373375336, -1.8956468453278132, -1.3222436708873881, -1.8051393056033804, -2.018100655288841, -2.511741961371927, -1.353562139038116, -1.460777643009347, -0.20182746849193478, 0.009062104078981054, -0.9957201090932817, -0.6533841569289824, -1.060721909249726, 0.5084012899063635, -0.41827831776024677, -0.49015202174841505, 1.0858286101013106, 0.16737651108118157, -0.16445896601828414]","[1.301392670364252, 1.4961618163510115, -0.231448488964649, -0.699246529854336, -1.6011578452861464, -0.2130067584204537, 0.11979898850129267, -0.7113061470551681, -0.06739937686864181, -1.4562560440395182, -0.26072404911431, -0.5970832789651037, 1.4134212035378424, 0.8471488481255551, -1.927040970993883, 0.0733080640814654, -0.7308131327996318, 0.6097824508093203, -1.255913824389538, -2.005780604371238, -0.15422917174723821, -0.4659490158464496, -0.3981116896401952, -2.042245654424119, -0.9775216715944688, -1.8011192451350146, -1.5733214091355086, -0.13881121204101113, -1.3090371736653308, -0.9007662400274388, -1.6710127855358563, 1.037669702527151, -1.7320568361032609, -0.37903668549954417, 0.0909815829200897, 1.3596527021325182, -1.1396152544161555, 1.2602563038794714, 1.7804297763564327, 1.0177490356024415, 1.5403747775676992, 0.3457068056202014, 0.04783050136023405, 0.7536086974397325, 1.640763801901072, -0.03466207787437951, 1.1558449136894322, 0.5406829657416764, 0.5602045021300657, -0.263380246777495, -0.22826187509872647, -0.02798414258546215, 0.7805879385305952, 1.686006803628963, 0.5596224861520885, 0.8219179990446457, 0.4577064149781877, -0.31399708488772016, -1.0935431207818271, 0.14291231087118808, 0.18443861303489217, 1.0444517317208677, 1.2058646688342212, 0.34942561500527514, 0.7165624637802052, 0.25110682261449574, 0.16548428585725036, 0.10432574836860652, 0.11210339390657047, 0.7556185253066858, 1.1096352505598335, 1.5724718132092033, 0.5221584556190847, 1.7142849874736859, -0.4880060480447462, 0.9743402815300253, -0.053482541357290796, -0.9104004514372015, -0.11480099286458535, 0.7567265171704647, -0.7711496920562491, 0.2661733131657196, 0.020393759976553436, 0.18168779605421148, -0.15787612824838446, 0.29174053526669785, -0.7009180109006579, 0.9804574207754093, -0.7589396286615143, -0.16510660186519308, 0.3936621286402536, 0.5133352608526373, 1.2422138015018316, -0.8811891773780113, 1.0337835599916438, 1.386725939912292, -0.2280083120331481, 0.9067505084613517, 1.8879665124880702, -0.7463526967265357, 0.5682769762125144, 0.027933015966238442, 1.1233525490119871, -0.47196550251389563, 1.4455548035743848, 0.342610553699708, 0.7569692545594765, 0.2355277105532403, 0.27475001931318416, -0.18997890967219422, 0.13711526920812092, 0.6756864396323237, 0.38796444752302206, -0.5733132243301844, 0.27774584277536585, 0.4769139375188116, 0.6859930839938421, -0.5143889554315393, 1.0350028103185638, -2.7348995438756303, -0.39858394520526796, -0.5338101363340395, -0.09248308293210315, 0.3382037918512257, -0.5651120286667166, -3.080418337678667, 0.29116516013817617, 1.1642531145477415, -0.6805342452886097, 0.08483842710291402, -1.6051580870766617, -1.2338713546488642, 0.07473568889553632, 0.7562074297240308, -0.6223971913987156, 0.5445835350984825, 0.8708922235651915, 1.3339425879467062, 0.42679749100954395, -1.0246514669712041, -0.47896696170676933, 0.9157554534595996, 0.3887963550912419, 0.17546801791270306, 0.8604200273131021, -1.0422638780347604, -0.3632808828585441, 0.6660063749725875, 0.6196275143668306, -0.6687406912604834, 0.5185393234052306, -0.35412708870644544, -0.4197734302307102, 0.4864390499670617, 0.6258072513801257, 0.09394236840935996, 0.2548051597779439, -0.6881769127968844, 0.2417402138625112, 0.33280094623974793, 0.3116397785342689, -1.1375229287164208, -0.7961307382520156, -0.6053034289394644, 0.8220727889074069, 1.1141327117611188, 0.857985712685678, 0.3662679962821784, 0.40264857114934727, 0.5111816029628343, -1.6803584087961871, 0.13035287563380302, 0.2087377251896864, 0.3796462534614922, -0.9346923468385495, 1.747537109354874, -0.9666654380390103, -0.1547924648169132, -1.3349991762349498, 0.232614106288272, -0.20796317657808308, 0.868252527294874, -0.7699575238174345, 1.562572443740942, -0.9048274573288104, 0.1285303133678999, -0.6886524855745868, 0.7538026539278969, 1.1066501405730191, 1.4473063967482918, 0.34967205058892176, -0.5290067542878936, 0.07165733726876525, -2.23823900364911, -0.6051381581499092, -0.5168741570176058, -0.582871366128218, -0.3773633114061317, 0.10569716060077378, -1.5082712921023271, -2.563706140479308, 0.012690881887412972, -1.8236838435184637, -1.9422331074008181, -0.637835134507587, -0.9834947548725183, -0.40553053920645915, -0.04860368210725549, 0.18344715133950282, -1.1453241818538675, -2.2404289442622067, 0.0011708615401332869, -0.4858360048742297, -1.1141056846128237, -0.7723272356122715, -2.347410845553267, 0.5148316937397466, -0.22937601603777671, 1.082850325106769, -1.0234098660635202, -1.3232805872797155, -1.1151454380853965, -1.2356554767490444, 0.01075585718777352, 0.7705793456814944, -0.10070187895931429, -0.16128855057653035, -0.003259410119300097, -0.8115273968609661, 0.30753090713680953, -0.3965714791795924, 0.6497514377893246, 1.345553937125869, -0.666500978448931, 0.4463580449044442, 0.30386116947271097, 1.3613669205225563, 0.7647811253962268, -0.5319859248850903, 1.1922316760590694, 1.393123827602802, 1.5796523459005407, 0.8769922618236903, 0.6803166055252639, 2.2719329022419243, 1.6031931642971542, 0.33530729522094943, 1.7342717339524039, 0.14898713531573898, 0.43710395052393336, 0.7058958150814778, -0.3398609167395624, 1.159253028082193, 0.39053934525299, 1.2194195361211606, 0.6505584182894699, 1.0673657477378466, 2.6513642865246654, 1.3525646713266881, 0.6064827283909555, 1.8847461766615694, 2.70707823449914, 1.2261617905825817, 1.6779308403232807, 1.6507252958359606, 1.5230888788020085, -0.29405861825032475, 1.5987272776890908, 0.14416938756626302, 1.4811221356340902, 0.7937985183469822, -1.9712450706862517, -2.567518418063407, 0.16219361129650253, -2.256865374395263, -2.2692526699822615, 1.0190350084536492, -0.3489796726735643, 0.6859098721827392, -0.33283288482351475, 0.05266535669084611, -0.014194455375323333, 0.061496785077155086, -1.122725855717089, 0.17183772613821216, -0.24206029276019345, 0.9849205934450304, -0.021225249041569024, -0.3743577955383802, 0.6005022927594957, -0.3053043146782825, -1.0927191266601552, -0.44069734601905797, -0.15912900610107028, -0.37867898010407675, -1.1878062130163436, -1.0720838188104163, -1.4532451512074303, 1.3509734003507021, 2.616260430852004, 1.2662102822698187, -0.29095577735859485, -1.7658740907567643, -0.06645561702475208, -0.09870235083751368, -0.6096322885109352, -0.7524021276716657, -0.5298877410840378, 0.08591636652031613, -0.9575214031807736, 1.61790232103275, 0.05803679487845154, 1.2454950157544462, 1.3880877350550693, -0.5994531294831961, -0.11557191614326028, -0.4278314350197157, 0.09361442101985488, 2.7231102077106177, -0.16292274448796473, -0.24722141055923916, -0.03693992981977262, -0.10125089106548325, 0.46708689816787813, -0.8331578342547421, -0.09840166329305286, -0.697685893593723, -0.3851941998425943, -0.9122570754019128, 0.48014915860207436, -0.6257856026806793, -1.6840246510244785, 0.3151643343840182, 0.4974708076309005, -1.0322116280242377, -0.9331968722435968, 0.9128643620851851, -2.2235189934817865, -0.3015665669297193, 1.3045288858287336, 0.34286251120524397, -0.3562452379817582, 0.86585220073088, 0.31610046915859896, -1.2667337082101926, 0.08279275387979974, -1.7179614295324774, 0.5408010608396409, -0.14317122359324477, 0.4293672287655186, 1.185329597133882, 0.668175466459657, -0.13943032319148277, 0.7916489099191107, -1.5524673642858076, 0.7390853735906342, 0.580538146113345, -1.2118841483530072, -1.910390206481488, 0.03177808226977603, -0.5774040816638213, -0.19629064120232317, -0.878565085134325, -1.405179767537423, -1.2004416280222692, -1.2238015722315259, -0.7519860850562732, -1.7221553493358057, -0.33153724178186567, 0.311514992125021, 1.1422713933202315, -0.610547512642178, -1.1068204050618422, -1.2359428668637196, -0.9005351205368168, -0.6696758037283954, -0.13629948113345375, -0.48613828221108496, -2.0459432391075834, -0.631394381512287, -1.2705612099172776]","['v37', 'v62', 'v45', 'v5', 'v51', 'v55', 'v63', 'v76', 'v44', 'v3']","[np.float64(46.743529459960605), np.float64(17.37857043232431), np.float64(10.442412175969057), np.float64(14.99770553982274), np.float64(12.884745024759878), np.float64(21.974376470360696), np.float64(9.055590237099002), np.float64(569.5520721241487), np.float64(288.9683653363187), np.float64(10044.963019992108)]",2.7326760475615286,2.851999965352795,2.879566549246841,1.0178172601265694,0.9115192631682174,1.0742390554470236,0.6156082039933736,3.4485634167674304,3.5472520962073943,3.276193094607328,1.3186599170790492,1.1358682495760193,1.272387802592413,0.7600963605127933,0.5665338046753048,0.5970683512000354,0.6062016611455259,0.08188800169031171,0.03804960738954155,0.011225385677261427,0.01214709175690265,2.596412306741315,2.6134729882606083,2.7591643043562497,0.9006399075101421,0.8346046117715047,1.0452967653063596,0.5922982947340454,1.1991065321352137,1.2083369534251491,1.1943516114569754,0.4394867584035798,0.3417458512270598,0.28836752203793026,0.23547727482192155,0.7212979247512676,0.7179821029259917,0.7470844829888785,0.2066020071151636,0.17617899001960377,0.1610321768148278,0.12142480749112754,False
f682_a,f832_c,"['60', '61', '62', '63', '64', '65']","['121', '122', '123', '124', '125', '126']",f682,f832,False,2,forward_no_out_standard_k10_lda_nc2_sex_on,forward,lda,,standard,10,2,27,6,6,True,0.9747912883758545,0.025208687409758568,0.975538432598114,0.02446155808866024,0.5381627678871155,0.4618373215198517,-1.4403939155181098,1.4025366087866973,-2.605389059293994,-0.7903650882358152,0.06371311771357649,-0.009640496386628191,"[-1.3407861924689353, -1.7892903594294978, -1.6654126798156486, -0.8752749469610414, -1.5961693867338977, -1.375429927699638]","[1.9148966904707247, 1.947129088862057, 1.4444358608863448, 0.6195752838711563, 1.044334894028138, 1.4448478346017632]","[-3.120850738931302, -2.9180455516315313, -1.4121639166328817, -2.738463347895139, -2.6399245542834135, -2.802886246389693]","[-1.2758720283697103, -2.160887590536058, -0.6174074607014801, -0.24874007400452272, -0.0021724863083410766, -0.43711088949477855]","[1.4482642377945767, -0.09555627657040056, 1.039664133728813, -0.10675929763459957, 0.8591321496981409, -0.4818855965313688, -0.38373244838214315, -1.1176678212826874, 0.4034378757105105, -0.5783851249056302, -0.5430380196581023, 0.4959127014756979, 0.19694318394632016, 3.037042630424652, 0.37022367213148266, -1.8399568217100837, -1.8609225022444733, 1.9914158894990863, -0.8662137466426503, -0.9686664971479068, -1.50943538899679, -0.5156929474827376, -0.7769387995082305, -1.4587698930841608, -0.7579179640673792, -0.7093519550331898, -1.8874760970247515, -0.5688210228989082, -0.568825344823403, -0.4414054674535279, -1.0023586399369167, 1.0439289803497835, -0.05753564784588681, 0.5536506166909639, -0.4200466658023179, 0.714828240442679, 0.09324183135152042, -0.5746749465623767, 0.15590663765424104, -0.24207141258148118, -0.7210821551660603, -0.261015009766988, 0.9979708117862645, -0.20773769011012344, -0.4817187042935908, 0.24476766072167508, -0.37859645237130746, 0.8774743761289527, 0.8758568956525478, 1.2361502695230093, -0.1862196924853056, -0.5110786388757823, 0.47346555787816436, 1.2834791344820582, -0.474282873808052, 1.424695763562672, -0.43364774314310967, 0.2879830648643156, -1.5857240488477855, 0.9458767445529125, -0.7161274181849052, -1.0524757687532833, -0.22533963972113813, -0.35689388344439116, -0.06839728529261833, -1.0903881824736859, -1.596198434898302, -0.05166816763738135, -0.3888186059001479, -0.3462915767472067, -0.271029169401295, -1.2462545883790015, 0.2516578631656741, 0.24926399569580715, 0.6185168562536553, 0.6316424596324673, -0.2805742909942025, 0.9424462524211654, 1.163754541826717, 0.8319959190803577, 0.15304619555774807, 1.4941552845230108, -0.04767194026176388, 0.531108368298308, -0.042720134065657264, 0.690439603939525, -0.3789953250697738, 0.5418893487570621, -0.47888863366914397, 0.1564668742481765, 1.189856311058182, 1.2301318856142645, 0.3226331862133589, -0.5113268863650461, -0.6163121663245547, -0.30706037484182724, -0.6761839321905367, 0.021618304712247096, 0.17645795106350287, 0.4898326438812462, 0.024060894008158532, 0.0324299457204857, 0.06737085519056765, 0.8217413432614081, 0.6081112875626984, -0.11047110397155124, 1.18958093120926, -0.8479581949551774, -0.6974759890698584, 0.5593089425295265, 0.49725218867838544, 0.017939866534122665, 0.3552762689233126, -0.4399205625782447, -0.31035049804500253, -0.32321892690400633, 1.0761068633761677, 0.28797903477284265, 0.5692344526752322, -0.1563323163649052, -0.4152941281431508, 0.7827865692359254, 0.19480941674916707, -2.006765755322997, -0.8160520713560302, -0.9845237984938716, 0.9639607259123393, -1.0447771245241102, 0.7063405538594225, -0.5844145254497844, 1.9315327785427785, -0.31086436511107773, 0.33341444575156465, -0.4091150375340039, -0.08289263802260427, -0.1748771670917694, -0.4867240889479444, 1.135839729213351, -0.23767218201322662, 0.8599566438319431, -0.0798430365879323, -0.7632020614184122, 0.0774767469363506, -0.004685329383184269, -0.2064304220180323, 0.8465590248747661, -0.2088793578623751, -0.01056510137928755, -0.16245738850990166, -0.9806245839081087, -1.7927793487676849, -1.5550687838457695, 0.059231817232970385, -0.75633232223752, -0.8617296364545316, 0.2092624402676355, -0.8955806511381468, 0.7312248094860124, 0.057698591895373866, -1.785862444341233, -0.7663466713703143, -2.51705148524805, -1.9051891928133207, -1.065400198914375, -0.16875431007716676, -1.903416661378607, -0.40374237507855354, -1.1014652868152264, -0.4340359799198398, -0.5830501252774958, -2.2726208221534066, -1.2947608777111008, -0.23672849060135384, 0.06195680466838626, -2.674950881185433, 0.6352635522160084, -2.06582861288318, -0.1083914727473109, -0.6498020495086897, 1.0869056133093473, 1.6400768473917273, -0.01622174120269271, 0.11485896627614013, 0.5375918073246588, 0.8633974328627554, -0.5076822430531687, 0.21341899826456617, 1.160490301876551, -1.2833499089737241, -1.1541023446274161, -0.4068200011456437, 1.6108227792801422, 0.6715639771420586, 1.0777152322007975, 2.5036100150508154, 1.617954966854112, 1.1916874000495434, 2.0556371720514903, 1.91517048477934, 1.727533362871067, 1.4315417946777584, 1.766418927091688, 1.3668281631715105, 0.5617448841168632, 1.5055558361427843, 1.2731509353613804, 2.158316806802169, 0.9782134685123643, 2.7766745824310313, 1.2034357636845598, 0.6265839073502477, 1.9382011093514775, 1.022256774328626, 0.1533369862125088, -0.5793189328381598, -0.750255068555669, 0.3602151168638265, 1.581292667861143, -0.00875257772910472, 0.19229399889571713, -1.35860135085962, 0.8962952982001361, 0.21945935497255875, 1.305583794252267, 0.18227871088706057, -0.6704678345803284, 0.08515524063306645, 0.39786105153837564, -0.7823489492706241, 0.6108296248965939, -1.7403291769463074, 0.14684068219863797, -0.08859286617702634, 1.0960013177127905, -0.21348200869206502, -0.6562980310802435, 1.4537035826528522, 0.45886624098724443, -0.992069787065695, 1.9756364336808678, 1.694907680877072, 1.0718569368126123, 1.4123521787354245, 0.3800268492323474, 1.0425518333860022, 1.1104254679832544, -0.5428183192540585, -0.7401921511360157, 0.6186078334937222, 0.2400435951769243, -0.17332547896369127, -0.7384955155126591, 0.457778620694157, -0.6707371180486108, 0.7135655240521781, 0.7022680780722007, 1.0079014425867001, 0.07405021297871585, 0.7827116407036663, -0.4062278039362305, 1.0512481080867477, -0.49955373924241325, 0.8355892103326527, 0.19687192711566462, -0.9698507666908893, -0.11352403692850842, -0.9064267631571051, 0.40607512343319047, 0.03908212870521727, -0.5063418726970533, -0.23946539968810182, -0.14553979828152974, -0.12157293658010428, -1.0390158386939194, -0.6590963583781485, -0.7925178649361914, -1.7027992149277917, 1.1439017269026697, 0.1613366018601356, 1.2849662580581476, 0.8235309365017797, 0.6182810203613053, 0.309587700871335, 1.1858418623352849, 0.810650113523482, 1.3223352284440857, 1.4511868725437918, 0.12702867896417624, 1.2816442999204156, 1.6500117370941902, 1.7935358060117683, 1.440888940306774, 0.8636178206470901, 0.5921150674261672, 0.8796762131590969, 0.26490924231068164, 1.0493885471529587, 0.37805549530791477, 0.6969750064773834, 2.4146771582823905, -0.3670146123565471, 1.1642363642545992, 0.8287019157591515, -1.3840703498211913, 1.1551306617314623, 2.0031068758050177, -0.813715235500237, -0.9047530650283649, 0.9236829609449535, 0.627038963808538, -0.2395056205207103, -0.06802569313402664, -0.8029239346415462, 0.25046795999464305, 0.011267389294983101, 0.006448260008788297, -0.04763812643858482, 0.6316069135484834, -1.2943930477993069, 0.05458371815657647, 0.5342839505406222, -0.25955000613585233, -0.7289527868388486, 1.9919315004348248, 1.4910141904519891, 0.1699983828087163, 0.5659296245917621, -0.11284965034960326, 1.6957775505997894, 0.9073297367302473, 1.2594565131660704, 0.12172812719563812, 0.257013360057928, -0.23071026897073046, -0.04698221295064231, -0.9969216470429041, -0.11441099136143075, 1.4329344386914469, 0.8662072885873522, 0.49796930627477565, 0.6900064894524514, -0.8860668085128641, 1.7913672331037234, 0.2155914457625287, -1.6715528082196998, 0.42092220682119597, -2.6123854504902453, -0.7261894019527039, -1.4692542593732523, 1.1458492996925025, -0.8422955037954264, -2.0292194092349773, -0.8213811121914923, 0.5723984947841393, 0.18421300537615515, 1.6010607823861283, 0.8331528656370776, -2.018719732893669, -1.0128997649052183, 0.8179005123140871, -2.003510623812551, -1.5076012479275507, -0.7726434399778679, -1.329818375420232, -1.2959107102118572, -0.8531505967484247, -2.643829454218573, -2.244592112141845, -1.0238848889031895, -1.7427416678040863, 1.960455371227466, 0.4094223230121405, -1.230376652513969, -0.7277320003318751, -1.1764199334669336, 0.09425531278508222, -0.13221062478219928, 0.6990982424183514, -0.27375274906456804, -0.6450002564496433, 0.1260115683937611]","[-0.5038308269145567, -0.9225638499768446, -1.3568455660144774, -0.12198145379662526, -0.6580957187454917, 0.04322661131937829, 0.09731067687723569, -0.07379600013154664, -0.5382075794397132, -2.180189793665138, -0.593291752899619, -0.23876032458998564, 0.2980657029837231, 0.12106941595252108, -1.3620450435931202, -0.21619256162500097, -0.6520432997074807, -1.1194849267655198, -2.1695116194423036, -1.2849775108987231, 0.3190364679828856, -0.2879631979355515, -1.632923801108223, -1.5916117703923494, -1.8522410984625246, -1.5714622903406814, -0.8449025905947773, -0.03332304242975538, -1.9449215564308728, -0.06675665138984525, -1.8304437201585768, 0.8242706412155001, -0.49636489202482287, -1.287417969837468, -0.18044103650371537, 0.3386212945992337, -0.7089522981532802, 0.18094917649993408, 1.4252789399611463, 0.5633971148909435, 0.6786219290543389, 0.15789087141950028, 0.5695488073329098, 0.3286416403689332, 0.2573352935482018, 1.2658840614232836, 0.5367848199333761, -0.6028288300798088, -0.061507857057090984, -0.592641808368082, -0.8131085186766563, -0.7969888672112754, -0.16431293090629379, 0.5857902790604455, 0.9333154884985176, 0.14819201317953495, -0.6977375409525495, -1.0553575868679774, -0.479373686526367, 0.09405180850414538, 0.022131465286724168, 1.7524103545043077, 0.9969407239806818, 1.0869014990761547, 0.5482907471833389, 1.559921730894085, 0.23193659205024775, 0.26806361967692643, 0.15575462028606413, 0.16772026961489245, 0.8879515167801776, 0.5045775915487778, 0.4769030748272744, 1.0809612012663192, -0.42220055994914407, 0.7115088518052465, -0.3282143179065655, -0.9436411508281755, 0.17969943047957515, 1.0829238094429463, -0.524432897276304, -0.6234639176801312, -0.3039023242248462, 0.9703141016875709, -0.31988732753905097, -1.4439675593389762, -0.6494951337092113, -0.1682829234315333, -0.8539646765466863, -0.8446505946335952, 0.05212663180876782, 0.5599489828934571, 1.5253413625393684, -0.8935312936391848, 1.2204899474650877, 0.09839871008464104, -1.4345329078856803, 0.0739431609534939, 1.2150594136895798, -0.12824971588346487, -0.468056863164542, -1.03327258437261, 0.9066068170969329, -1.0509112116327985, 1.4289870105606395, -0.6643883995130816, 0.7264961039645793, 0.8657380317674199, -1.6546405103180948, -0.6313421008568679, 0.18275832947954138, -0.3115493408962162, 0.21732431642665484, 0.3035296995594734, 0.5267040666193583, -0.20671197500277103, -0.8286642625673004, 0.1347380073927961, 1.3425253517803857, -0.8057062086929391, -0.7327937223429618, 0.8592404308537054, 1.0504923301163747, -0.20685146984634822, -1.0518600133036395, -3.191632971388112, 0.317259925073679, 0.8059229499152851, -0.8249385242127613, -0.5824561915721788, -0.8451150394564905, -0.8746598584471306, -1.4798745162320452, 0.7994533044106857, 0.3502600231865164, 0.32792849731961216, 0.19907661435745683, 0.3065073601812803, 0.30872295956630147, -0.05346894955818179, 0.2988546218368779, 0.5444429639411337, 0.43944496536148586, 0.3917429186972599, 0.00896267228875673, -0.21326090016660548, -0.760236515060444, 0.49259730036816135, 0.4772426860278434, -1.4406594079599024, -0.25565926597952454, -1.0715580732583345, -1.3054524581701892, 0.241143235972817, -0.4741758440430708, 0.4101299425694338, 0.561336909427092, -1.0169793173287498, 1.5667945245058883, 2.0253112857146465, 1.104259988080745, -0.4320215685379436, -0.5771953309639595, -0.2622178244186875, 0.7675541193319145, -0.28766368389251185, 1.3638176298493232, 0.7439685653699107, 1.7334134512210038, 0.6154530058063243, -0.5204389140948883, 0.02362847693527355, 1.6479617518701952, 0.6307947642644423, 0.2892034636099972, 1.2786634101886938, -0.31463139547715807, 1.3233686069541384, -0.8618128999308526, 1.84278921072629, -0.4019297140496084, 1.4062651264614765, 0.6204784504077129, 0.9341855349973117, 0.06789603344385363, 0.9350322422860026, -0.33889066519823063, 1.7238873939380508, 1.3067926974098947, 1.5119562889221208, -0.7209545575031866, 1.63634382685374, 0.9959652087757629, -2.1737263502095874, -0.37999032471442273, -1.4197503295214002, -0.5423560187840477, -0.8112974614347086, -1.3732906870403252, -1.4344678498230814, -2.120696996058338, -0.4410832710348992, -1.7559948675875954, -2.809288285308222, -0.6664428268582964, -0.6001122499927228, -1.5921497545540808, -1.1034189916042842, 0.03312030241687327, -2.244098518265098, -2.368188839023852, 0.07127865712818435, 0.2991140633722139, -0.2731686255098845, -0.7292986309998074, -0.8617711379794124, -0.7750957461602745, 1.3213240068719498, 0.7666837354076455, -0.7099291277728472, -1.9289756229597648, -0.21610135545418038, -1.9186700080195986, -0.20593032680239443, -0.04496634867999322, -0.29274200256067817, -1.0354423381486877, 0.47903028582235374, 1.7871354516292597, 1.0395770228628267, 0.7333630656032193, 2.2392745915937824, 1.104235039148744, 1.350634230420251, 1.2540079406898579, 1.0248161081667693, -0.18710187728501426, 1.497734701509345, -0.3749256806953301, 0.4862469711248553, 1.286618050582848, 1.4448057663173517, 0.9133913305919099, 1.3746370942827548, 0.39187798459690426, 2.9210243271701355, 0.9628564766601639, 1.775638417273011, 1.1740991112444015, 1.0381618836578586, 1.4238656930713154, 0.9419557866969782, 1.5218653655489878, 1.0362367110324442, 0.2840780956829947, 0.08572690812725338, 0.3818377281232797, 2.775443353680516, 2.5334508496089962, 1.10341681930311, 2.0596868109325905, 1.9072189006675582, 1.6839184064887553, 0.4763633274457114, 1.830023331567151, 2.2440590436097176, 0.9233063393551316, 1.5759645815751393, -0.17587301532462432, 1.851568521247338, 0.9955564585002012, 0.8936918972289858, 0.34439541805672336, 0.5245603009827491, -0.22681290221040024, -0.22898042690126116, -0.15694149541504007, 1.2338662429062317, 1.2856358714863654, -0.41850706238320506, 0.9230051481201641, 0.044890042647432335, -0.9279990981447491, -0.5207326346924974, -0.9983504776385881, 0.004529198633413989, 0.03309144067805554, -1.7439042995731064, 0.033466946333196475, -0.8643419612803706, -0.5463392447418953, 0.13310096121165568, 0.327866446811963, 0.5808888967844488, 0.08045714454088426, -1.6056220747095613, -0.4119257385506494, -1.8006969380418627, 0.7777680070275839, 2.0285611060855055, 0.17671726444956457, -0.1393263392886489, -0.6669988125794905, -0.29328767548882606, 0.33653359752386014, 0.5220921922851879, -0.09335296125475967, -0.7570246213121695, -0.4908573705730869, -0.6909517213282387, 0.15613322344002256, -0.3620745268283623, 1.0723655140992174, 0.6841502844444045, 0.2528214141856737, -0.4283273189608851, -0.1351130088082433, 0.22470488273620015, 0.8916565214658952, -0.6989993674549554, 0.036839079048393, -0.04482522303482289, -0.19073468685501418, 0.2193946838481664, -0.161154778993359, -0.6667187811984275, -0.6764422414154428, -0.8902976644057093, -0.9011614966819018, -0.5033661495454781, -0.9779691946115914, -2.168027385719724, -0.5643227405640656, -0.6859594984383366, -0.8982051537001359, -0.8458307847541863, 0.725146360247211, -1.9908210490153866, -0.16428629090786095, 1.4153410919724416, -0.08527865856162141, -0.24563665860929515, 0.15748245576015588, 0.8516860636823435, -1.2011632680951427, 0.10541729840996787, 0.7823537060652987, 0.48002734424851845, -0.3140265396954282, -1.2287564849102666, 2.2919985898397437, 1.0619260762752052, 0.42209890231343683, -0.8464827167297065, -1.1421545743221906, -0.2814676671873459, -0.5887893844234905, -1.2386507779756506, -0.9399990151219041, -1.0534895594710887, 0.5129558084969102, -0.2385889676851299, 0.2727220737783363, -0.7190620780495912, -0.2892138880515266, -1.52083402413818, -0.27501510853705624, -1.3050010334231807, -1.0328890204498853, 0.24487295008485363, -0.7113594454028765, 0.30565009948603905, -0.9371369758485844, -0.542344865119036, -1.314424467744099, -0.7627990353758409, 0.21813956635970888, -0.3395520409708342, -1.478988746709023, 0.021325922323908578, -0.9315512893217686]","['v37', 'v62', 'v50', 'v88', 'v54', 'area5', 'v55', 'v30', 'v33', 'v78']","[np.float64(42.824122376555145), np.float64(15.33341617201763), np.float64(10.586338680786415), np.float64(11.888265997021458), np.float64(21.267709418162937), np.float64(37.71031056652162), np.float64(31.96215619541834), np.float64(58.676273025830056), np.float64(5085.95561147174), np.float64(6218679.975674773)]",2.483149519828721,2.587795700352904,2.377153364135843,0.7718075923982294,0.6508201866360014,1.2770691933410738,1.3732844778415603,3.3578968407983965,3.403140211691751,3.1008317400670036,1.0009708247609577,0.9161416859901534,1.5664991971647904,1.6949668179592146,0.5169110797534414,0.5027143746800333,0.45786330267569453,0.020267021542889528,0.011219609884947856,0.05620329875421408,0.03296016731907592,2.1929016970225126,2.2862024883001073,2.1129460298892457,0.6834562509722253,0.5026932279757121,1.1924049117629225,1.2736995420613693,1.2879529502765752,1.2927592307405886,1.2835689837860986,0.38192564819079156,0.27885235450352763,0.7791921707079015,0.7451823303689304,0.7208951577653232,0.6936924306000162,0.6404760977611607,0.1899481868456648,0.13972609326995322,0.2355864664471179,0.24927839816864775,False
f682_a,m849,"['60', '61', '62', '63', '64', '65']","['297', '298', '299', '300', '301', '302', '303', '304']",f682,m849,False,2,forward_no_out_standard_k10_lda_nc2_sex_on,forward,lda,,standard,10,2,28,6,8,True,0.9747912883758545,0.025208687409758568,0.001088462769985199,0.9989114999771118,0.5381627678871155,0.4618373215198517,-1.769103518174027,-1.4036048033113924,1.760744169309534,-1.0468372040076992,-0.009111108255727422,0.04408484633052465,"[-2.130218449877361, -1.7519908796634274, -2.0795278303186935, -2.039838645849769, -1.0415147787787418, -1.5715305245561677]","[-2.116634201602348, -1.9764066908996973, -1.3605338147785648, -0.36798645456158563, -0.8079665341681026, -1.7921011238580553]","[1.05361338141421, 2.2798840652509966, 1.9850519047679294, 2.1940205472244614, 2.1765977178734404, 1.9052048679100277, 0.646632956829557, 1.84494791320565]","[-0.27135765733296785, -0.7408860808737773, -1.6285029340290993, 0.13022311322385025, -1.6097984115922388, -0.9955143654549289, -2.2903335781995686, -0.9685277178028631]","[0.3500849832766217, -0.09282130989241556, 0.8508290509764117, -0.5530329856528703, -0.1931408978679359, -0.6704100507934108, -1.1691473121135518, -0.4714068571592981, 0.8724947619336931, -1.6873275344230692, -0.9382175924053788, 1.402823750346384, 0.06085316052477743, 1.8114110850385299, -0.40207428922353694, -2.200985807299654, -0.29646308873954924, 0.6210398833566214, -1.0088454919191716, -1.3089982118296843, -1.143444482926756, -1.2862299982290584, -0.40030793185933844, -1.9553936019612097, -1.345460459606707, -0.6421002856910104, -0.9871797258405741, -1.5878963710942424, -0.7482102747246978, 0.3236001298434678, -0.6810442393521823, 0.4456733151088827, 0.05626728411383923, -0.8078808875335487, -0.09588164435127781, 0.6023523313406162, 0.5303436860270511, -0.5383937644082422, -1.327092719877077, -1.00122185605783, -0.49298021270456827, -0.6762846846459595, -0.31243870281865105, -0.5410092341013985, -1.3566231167599234, -0.34008595964174404, -1.121678290761021, -0.8474944040898984, -0.29023288760189353, -0.07603696913516583, -0.5845429664316268, 0.5530945511896487, -0.5436270070493613, -0.2471694535354635, -0.9442029143053362, 0.9006673167365087, -1.815724332028951, -1.2714379678222036, -0.14554823358918623, -0.6062509768702231, -1.7811821895700484, -0.9532151059135856, -0.5138438611865173, -1.8468486034630978, 0.4994833615719343, -1.3533293242245972, -1.6227050103178031, 0.11013043868578128, -0.9735421039534075, -0.7719400735569287, 0.347093327043626, -2.2413865683681964, -1.4557167997619878, 0.48473668202094844, -0.008636200967691462, -0.3439824049382573, -0.09923774173725378, 0.5979897919093531, 1.5984673633833721, 0.8141355641539725, 0.9292546078450569, 2.6873555115936014, -0.29665009780892276, 2.0790563663499326, 0.19445781335615228, 1.385374456718329, 0.43140314158539406, 0.3797013540036489, 0.6598190380272835, 0.5011999164989605, 0.5243935481437806, 1.3454107094426104, 0.15353840440622366, 0.6659771609064014, 0.22621481455108136, -1.3864635781288432, -0.7413776516481277, -0.5347520795657722, -2.081383655230591, -0.5379181955226322, 0.2621297225688033, -0.6266000539465272, -1.2441524775921131, -0.08951626685887101, -0.6779642638164163, 0.7534765549766594, 1.0019478779214437, -1.3631022664631465, 0.08730814365430706, -0.08971486031738815, 0.02528250337078116, -0.2881736485599202, -0.8992071802801838, -1.2287952356746983, -0.028301019719131328, -1.829862570162538, 0.47147360558954854, 0.39773840090041157, -0.11612632060184468, 1.592209905926955, 0.18445014632538828, 1.3657001204728145, 0.5790761135863648, 0.6375256679571935, 0.10928974923438735, 0.5121218067545958, 0.744869294167294, -0.5591633937298304, 1.9330601950801807, -0.3418203622152081, 0.607611746017974, 0.532151937702923, 2.0253018262478784, 0.5206050563977553, 1.084084557027816, 0.17911707206693894, 0.0894997603266431, 0.977905620940726, -0.4186366393137744, 1.9672811843180336, 1.481624960773917, 0.44735393749223135, 1.6590727890055266, 1.2730152901461944, -0.16739648607002855, 0.24063854192812645, -1.4957617776299534, 1.8062546934916968, 1.5365860447331852, -0.051746521684068486, -0.3490564220129113, 0.09663665343846202, 0.19270180521871635, -0.8393889795770355, -0.1786861000532245, -0.7545164168293035, -0.3486561425235379, 0.11116532965719021, 0.9946285529949592, -0.3023107565101689, -0.4508756736218887, -0.5004970018338842, 0.16027527457200294, -0.32725645521593005, -0.20671909503958225, -0.967145000052364, -0.7959001759006114, -1.0392396270488695, -0.9826748828712776, 1.5358985538615935, -0.8832436283094367, -0.6835820501355334, -1.2905090175326484, 0.8907726025458548, -1.0301769296242294, 0.050305469564133246, -1.1433640261394007, -0.7173329573045806, -0.6771011686080771, -0.3499369902551717, -0.40985011950259853, -1.0005186095796712, -0.6079080863742573, -0.7853637193080255, 0.4096075746184702, -1.212934160276591, 0.02033666577957741, -1.1167284868587029, -1.6273583814455084, -2.1746748646701723, -1.2178965198280167, -0.35977633065023107, -1.2546256061840113, -0.42602201649309185, 0.26178680466733406, 1.0042961156338421, 0.36240611979587894, -0.28443892948909233, 1.7424551969095936, -0.12077653415201504, 1.9212791390503898, -0.3003635999810151, 1.2320133714627526, 0.5029280697113677, 0.7569573245480649, 0.008833389197593538, 1.013549559497685, 0.3053177486820068, 1.681690316399029, -0.4599609531600195, 0.18875424408162128, 1.6762734377991702, 0.7110763561728244, 0.19034623475575027, 0.09635671687302108, -0.0009774480979147678, -0.5088156201989187, -1.0772738127965436, -0.9494769720588926, 0.0908098912625575, 0.10784488926205377, 1.076167315990117, 0.36431050730607617, -0.30244969361023777, -0.6231867379977173, 0.41468455703036505, 0.5121822387485284, -1.1619148198211082, -1.1593587645696173, 0.8453366563903295, -2.4633131085706514, 0.2349767209055277, -0.31900405782741237, 0.4082189779847711, -0.6025004828812967, -0.4265237354837851, 1.0216396551795126, 1.1099021792634547, -0.08986141254780393, 0.9171814836851686, 1.3010395231851832, 1.999430189793476, 1.6805801806870837, 0.9096000452096669, 0.658136951204787, 0.18599509817378895, -1.2309619908381682, 0.1704391762277412, 2.3772952094840085, -0.558806622483772, -0.5471784816171901, 0.0638870009191517, 0.23248943013058965, 0.6011977873972068, 1.0779099054092605, -0.2816994062065254, 0.7757709784815452, 0.3841078924957683, -0.9238073163897959, 0.3182727844697226, 0.6992582636818195, -0.3103087901310962, -0.6390269117318111, 1.151765720983524, -1.5944056014885408, 0.2588807490733185, 0.24774676626376663, -0.0601457962517997, -0.9427087101493445, 0.13087533444383392, -1.2114037770973254, 1.405224150782466, 0.2491223056875885, -0.0558124508876495, -0.49948837037662597, 0.07247112378906469, -0.7666406766420032, 1.0767371904553984, 0.3264474162538019, 0.5806304265198947, 1.7444766993007985, 2.0334242723343317, 1.682168860149961, 1.480587137711245, 0.8401098012810033, 0.7341309285289911, 0.16720433869767745, 1.3175450542752223, 0.5148141823557736, 0.8697205546059557, 0.9030305029069278, 1.477368792580134, 2.2265933520848242, 1.3072814093017209, 2.011878675257542, 0.7924757284111669, 0.6990344657696833, 0.9348861364971608, -0.1306088910318315, 0.9309441803000734, -0.6171594006286443, 1.3636142753611495, 0.5009060337878496, -0.20922292711386883, 1.3681135183124462, 1.3648852629745194, 0.22264904148828812, 0.5935451965257047, 0.5402640024439342, -0.5986987591458818, -0.9008386908089433, -1.066983955806989, -1.845844161529666, -1.177538333459528, -0.11585549174411876, -0.5156063866430163, -1.376205643191089, -0.7987676339255664, -0.4560362254070597, -0.8541325881621216, -1.217625252327555, -1.4719908425222064, -1.1598525845377297, 1.0286761333708825, 2.1647650335235142, -0.006189207071656081, 0.3907854428052779, 1.5043128288844054, 2.370753377395778, 0.8203667403668243, -0.6344922634918906, 1.2123126602160836, 0.03766963838764861, 1.3317315992969418, 1.281493268251991, -0.3282947480097948, 1.4483694909062166, 1.7972387470517182, 1.8872242876057048, 1.304104851780614, 0.4219233187454228, 0.018026648591654138, 1.1851223476611428, -0.17376505561760178, -2.1146592577070336, 0.8603908403812512, -0.26581509075902254, -0.08183518190445858, 1.295386263234886, 1.459238521317992, -0.39325384932917595, -0.05045177868421056, 1.6779845302260394, 0.7505735093547867, 0.9625013527569583, 0.6905723484679602, -0.675153499188951, -1.6143197296699936, -1.3445729769123065, 0.3443221971497309, -0.8788206764599065, -0.5889143156619381, -0.451486431641954, -1.3414078724771548, -0.4809000783614136, -0.959767317015839, -2.2586587192232495, -1.8593442333772068, -2.0375700716613707, -2.019975225696112, 0.406010928845665, -0.42324312185482754, -0.5945217671235337, -1.3280568553477146, -1.6261497778548462, -0.060127315209474265, -0.7073018568120922, -1.0021891041356388, 0.6460614471414593, -0.9705527055724209, -0.5473053804601794]","[0.41649789033564183, 1.0492355717838868, 0.49240064756505403, 0.7455091504211483, 1.4820759331137718, 0.4760474582089852, 1.185334007775506, 1.2674885939148408, 1.681741734488894, 1.2749961647993102, 0.14304111673038755, -0.021429557210533835, -2.097740429284248, -0.3919916207833757, 1.8039798464974366, -0.5356665058232222, 1.1214986434299457, 0.37810218571441273, 0.8603544669740032, 2.2717026161703036, -0.6853167589230529, 0.4624638839894566, 1.2620103399821863, 1.494067440196558, 1.7678283815055977, 0.7265110184618785, 1.1657020879832762, -0.4109905634051757, -1.5452455650026249, 0.20675060167532355, 1.0522322746042592, -0.9760169211053455, 0.08137138419358349, 0.748186974534192, -0.07390862078213666, 0.3083242184276566, -0.5878231706329, -0.2731283101549932, -0.025613376518265334, 0.7410729145710392, -0.19634727660892817, 0.3933173866215335, 0.6263496691708191, -0.04538322230786238, -0.7685342277719678, -0.22101574048714664, -0.49813431692387766, 0.2936278038404782, 0.29022599600834165, 0.1931097078789192, 0.8777046167854977, -0.893720801448855, 0.14862804646768757, 0.2853988798065807, -0.6980095273663951, 0.14137787938553092, 0.5128179577353367, 0.1969428603977122, 1.1182488543440872, 1.6130979518178947, -0.7253309230400831, -1.9482920665338466, -0.8192911861915173, -0.6926121907303173, -1.7445621401427684, -0.6687610288729117, -1.0158059817263847, 0.27686346560875136, -0.7824677118020678, -0.9515998795852297, -0.49599394504594074, -2.058891567312519, -0.5339434527133555, -2.6884292360518884, -0.54247468666935, 0.17798402642429878, -0.10136868783926938, 0.4830534145836005, 0.5612917949466273, -1.163483159373255, -0.180545277455746, -0.29811088563197197, 0.9968438660158573, -0.6556288346798311, -0.42044531567069987, 0.1421320199705813, -0.4983092970814266, -0.8977464037583879, -0.14771604540845923, -0.7412487207755718, -0.9746774062009435, -0.16648181038413748, -1.2732077844629972, 1.996351381337853, -1.2194148548459156, 0.42251443037863434, 1.9228412869229834, 0.3306761905048349, 1.2217352252099614, 1.8898583283265433, 0.7416130876293214, 0.019048235051149453, -0.031134118695313014, 0.9976756893613206, 0.030781619244356177, 0.16878174547489944, 0.4206797043971016, -0.8848179343619955, -0.30948850722718285, 0.5247156813641496, 1.8283277841320698, 0.5215059444121188, 0.7589515141980663, 0.516546789821778, -1.1131860778777078, -0.4695230087474488, 0.6344605129464614, 0.07376552158765876, -0.16928652231333158, 2.111160181856671, 0.4056548509291418, 0.08942926851767595, -2.0857367695745093, -1.0929174264896202, -0.1711850469506716, 2.0833373769432173, -0.5332296041743024, 0.35349665464652924, -0.4665187533190331, -0.3556440617800322, 1.464920632546021, 1.8002186283358252, 1.954509236870824, -1.9909773464558909, -0.4734685792728794, -2.047050849346702, -2.1072146050030205, -0.49985444284541874, 1.460575049500559, 0.21999006289913037, 0.3049528378122062, -0.7860712637593893, -0.15388648544932274, -1.5707682729366679, 0.5046536809883493, -0.25536967787684883, 1.4329835777383066, -0.7643868902759078, -1.077999797857603, 0.3953524210327307, -0.6047243215412683, 0.07363808243667143, 1.0546119386237989, -0.5711304459708634, 1.0547755822295268, 0.34016022389453177, -0.041702400373835574, 0.9235242059159015, -1.3040423622351736, -1.1885119247661629, -0.2139772056448356, -0.3232907068114769, -0.19709375384897096, 0.025454188566750705, -0.3994697883469317, -1.4056402613970622, 0.04228497550518007, -0.1288477692972581, -1.151699028588373, 1.741278953461068, 0.7829475198530546, 1.032279478839377, -1.470993237562703, -0.1874241985789009, 0.15046488853566842, 0.4128760474479962, 0.9852811975634965, 0.08812651773869033, 1.2475906908194032, -0.5602528505548829, 0.19414490791355316, 0.09546227839880478, -0.6642593601519469, 0.18017064679869332, 0.7685167808632979, -0.26152287345246156, -1.3201936730860624, -0.6848397073285853, -1.183948233773933, -0.7678322290057659, 0.29705966044852417, 1.5435374248113733, -0.496471022609427, 2.5847001555587705, 0.7210412915766699, -0.32513393679800207, 0.504033705614653, 0.6482884451255496, 0.8947693927441773, 1.169376888960482, 1.2967900221308186, 0.787945962123316, 1.4320252963984608, 0.9789346074203757, 0.28762316542929206, 1.915013558058701, 1.9459683233802085, -0.07467949951739589, 0.47830904801059576, 1.7694782382030596, 1.0431290837863785, 0.18195977961618576, -0.4692179411783662, 0.3979162084397728, 1.097328773051951, 0.5295891006396688, 1.081892412368026, -1.641540145254564, -0.3712801797888178, -0.2514143615489273, 1.595012521006049, 0.10588868301445793, 0.5213030579661642, -0.14268816128595077, 0.7011926601907099, -0.31311883201689766, 0.04274589876776317, 1.9976612442340598, 0.2478654993989787, -0.004306924148617686, 0.05076621765001464, -0.46522258895364965, -1.1463711926717244, 0.4096741985474528, -0.21571884901522775, -1.1530136117634626, -0.900930496835784, 0.0269211101139885, 0.49282941188413887, 0.8262868040809609, -0.4193852656672163, -1.8694710757658581, -0.8288313723940987, -1.2694816954126862, -0.5325743780529896, -1.4132043856461702, -0.4829885461682428, -1.1578715646854942, 0.03921360568465176, 0.4871828681043445, 0.13715369919063913, 0.8421949751403996, 0.20650168102650918, -0.009796980135714378, -0.11771062347151119, 2.0942395642033094, -0.33097451808330697, -0.10572951802561013, -1.2543028522457262, -0.9883666005741342, -1.0444794246418285, -1.2014281695925924, 0.12302810231796907, -0.8990203879790708, -1.3296809182307496, -0.9325789693881819, -0.6843456989119435, -1.1430359377369537, -0.6189759739971292, 0.7192539028071634, -0.04017155680053957, -1.5671376993151906, -1.5796539633697837, -1.3072574585672898, -0.758166038200213, 1.863399734919127, -1.9218754666381925, -1.0343585453213207, -1.6143711152175688, -0.23800491892101416, 1.2674140585795188, 1.3906161260072365, 1.942630267017037, 2.08775066977688, 0.885942894067284, 0.45809564056070734, 0.7314240979044269, 1.3262374178121021, 0.9859798391310283, -0.8478500800605152, -0.3851849685087904, 0.8960903383677974, -0.46135271523394417, -2.3953807293770932, -1.383847049812044, -0.007301800328493334, -0.14817337435184852, 0.6629636313886249, 0.6275572015475517, 0.44268681547751676, -1.1822431679422896, -0.07369411389137272, 0.5508042213740602, 0.012407258188220605, 1.4795048122937382, 1.6180867877069334, 0.13365288796007577, -0.4912889020356281, 0.6968624864275862, 1.5952598465157284, -0.7516171970934501, 0.3403372048224307, -0.9195122695562067, -1.3137765414304425, -0.8460109470443004, -0.03192344005527818, 1.379269240362103, -1.1508375045737431, -2.2921646072346236, 0.028880462104710323, -0.15998566166320183, -0.20197018463475594, -0.22940836457958141, 0.908762093803045, -0.17472193099006939, 0.1819447563479942, 1.279075402483625, -0.8405139585616773, 0.04621019240160368, -0.44731469394254275, 0.8971336574306011, 1.2751458620127687, -0.09542426206717022, -1.4297001024923832, 1.1560640924688925, 0.28338387664789433, -2.1189047779939694, 1.0430062037307415, -0.01480403743916777, -0.5109502391595743, -0.504468556166069, -0.25498596454365136, -0.39327066460712545, -1.445885297044282, -0.19397949789866517, -0.09070925260933503, -2.3512998056692935, -1.3655006707388577, 1.0279430199424877, -1.0998910642755058, -2.7407887421034998, 1.285215516695371, -1.714296761160959, 0.04751874953509054, 0.589753123266959, 0.35594608665554983, -0.6033827482643108, 0.6091409508313884, 0.4014059410834997, -0.44858324369325225, -1.1063126816617304, -0.5119311433110248, -0.044071768235498694, 0.4632584311591512, -0.02422789732678253, 0.07509972998034724, 0.968443319344938, 0.052402326756869955, 0.8982620604852267, -1.4238687463454676, 0.4601470905336228, 1.5037557682410612, -0.4142896217749197, 1.6437702911787222, 1.674125462805462, 1.2244327818491103, -0.1886068971507119, 0.5506680465782491, 2.0974296337382947, 0.630459436351805, 1.6042617504839665]","['v115', 'v63', 'v88', 'v28', 'v106', 'v66', 'v5', 'v38', 'v61', 'v49']","[np.float64(91.59155234230832), np.float64(22.80782254220242), np.float64(5.216222651656172), np.float64(10.65001258438595), np.float64(8.583319993197152), np.float64(3.2114044036164664), np.float64(6.696109861783255), np.float64(20.304844742014208), np.float64(14.80242283053147), np.float64(12.800240882607852)]",3.547831424510748,3.679942090554692,3.7698278114858654,1.0507521088389065,1.0909780080341707,1.230341113493381,1.1575320636643438,3.8866152867872543,4.382922824059961,4.417539984924527,1.3290323035630067,1.438303946677544,1.5918906036469516,1.5152462643142024,1.3557313296614724,1.3653662896998153,1.4071401005714201,0.06296764165772427,0.020501891513848625,0.14569169719513272,0.06882201775913344,3.529847687483561,3.5298476874835605,3.7425855134304826,0.9515000651095539,0.9925473602169792,1.0794211894069285,1.1122441548527462,1.1455931616574004,1.4038457766021828,1.3365299434940277,0.4957491082909735,0.5838527256103457,0.7348467665005657,0.8473600208716409,1.5806951126868758,1.8995846187135328,1.5141627203797725,0.22373576670652756,0.27635110513739863,0.3016004363060788,0.30288260472641476,False
f682_a,f440,"['60', '61', '62', '63', '64', '65']","['451', '452', '453', '454', '455', '456', '457']",f682,f440,False,2,forward_no_out_standard_k10_lda_nc2_sex_on,forward,lda,,standard,10,2,29,6,7,True,0.9747912883758545,0.025208687409758568,0.9783520102500916,0.021647978574037552,0.5381627678871155,0.4618373215198517,-1.8426997235024256,1.60189666117295,-1.8852733619403914,-1.343060427040628,0.06365646161311622,-0.0005510681830795198,"[-1.881449489912205, -1.7596516377467812, -1.4781170807440585, -2.1242547754826817, -1.9248137066534028, -1.887911650475424]","[1.5696361523339606, 1.3988567511951149, 1.7452913045016731, 1.8577447425320355, 0.5396230226413937, 2.500227993833521]","[-1.1629323360000714, -2.3966720456210497, -1.9436817749894597, -2.229046936053775, -2.12259877879821, -1.007780338228429, -2.3342013238917456]","[-1.5320862205700743, -1.727147035136671, 0.12165591005718022, -1.640438817511029, -1.9264625589784954, -0.702853332326725, -1.9940909348185822]","[1.107834273650044, -0.993198377004476, 0.7972944657305546, 0.4181111685453869, 0.16795999938051154, 1.1656897690965484, -0.2432303275477738, -0.3040640473703211, 0.08062532208929876, 1.3209188589511407, 0.0013940494136825956, 0.4517444260563387, 0.9793891988622044, 0.5798736134088568, 0.7138261944405502, -0.18062321567368442, -0.754258568177588, 0.807056175505632, 0.9010319753302223, 1.006466547910423, -0.1641693441929576, 0.4598711876398479, -0.3268499744476472, -0.374088194642169, 0.3898386609156374, 0.210533109310506, -1.0545759226767495, -0.05417490169284324, 1.921006827989686, -0.1626612636962464, 2.3799197344881344, -0.14223298658059028, -0.6057552334067784, -0.042538744704482, -0.49478944141650316, -0.6319334527361228, -0.8437285965090161, -1.0760256293566808, -1.0055379198294263, -0.6524164953859323, -0.1894901484950054, -0.417131604058018, 0.2692621598451017, -0.9212365958042825, -1.7314666625256678, -0.3320028938954635, -0.2917525400664443, -0.25928929960213, 0.15377184657036264, 1.3203618997907187, 0.5478020506729754, -0.34237981848420024, -1.3579250117188806, -0.34611827860926764, -1.272367091812748, -0.06131251779732296, -1.1840572970960392, -0.15421721269101818, -0.7648262501121977, 0.11953525548220224, -1.1039959836904218, -1.1806704877825698, -2.007984773092448, 0.09052112973418733, -1.6322240121689415, -0.8166372725871509, -1.962505205825065, 0.11211073959097038, -1.465980876144723, -0.5141075361510697, 0.5896062920162602, -0.8870380763688098, 0.6599840134532644, -0.15635426661231216, 1.1489197258953068, 0.9358616969131502, 0.8945537572398127, 1.645218969611013, 1.5672825762425269, 1.4624389603063583, 0.7409292698598642, 0.4331911409193114, -0.27786476959888357, 0.30943012998212177, 0.7639136170131942, 1.6098980811654506, 0.48737779479308413, -0.8451626252553455, 0.3253373202782125, 1.8470906209914797, 1.966668533635686, 0.43067098469544535, 0.8154417417454112, 0.8922455845979742, -0.05809978015130971, -0.9632735867722179, -0.0942667754066035, -0.50639241581264, -0.15245985962891345, 0.49043766998927113, 0.4583505076465692, -0.022099211637391848, -0.6610880680546508, 0.13916844085946117, 0.280901669713723, 0.039341684547510976, -0.5544860029237566, -0.4929316281896984, 0.2575773113454826, 1.829989885423704, -0.11091973017073019, 0.22107849678128683, 0.7683832943228865, 0.5945856185020841, -0.6082975917413629, 1.0258534881884132, -0.7350257668635732, 0.6359161306756356, 0.8862402556823996, 1.27449719749125, 0.9695114890795288, 0.5871914357979707, 1.341426050657105, 0.6766561850087465, 1.1153060335033629, 0.2015646311690672, 1.2188561784376835, -0.3365436780507555, 0.12134844051636583, 0.7783735896871314, 1.8930314756118858, 0.6965078982956248, 0.21264848346481172, -1.1015478466600102, 0.8659625942936177, 1.4377626196433455, 0.6559633060232342, 0.8122023285979593, -0.3909676028678859, 0.2506932389720794, -0.5921959225983068, 0.031520789557261064, -0.21735766357618272, 0.03270740096836984, -0.7662402770091876, 2.578547240788437, 0.04827328650042181, -1.6026342212579685, -1.3688574237081519, 1.643602908605184, 0.07963311221146335, -0.2811361383409313, 2.072818104350234, 0.20897865982216074, -0.20624881080809573, 0.828483890426587, -0.22883868937930513, 0.7538788843866472, -1.3027556834002365, -0.6754905911533378, -0.3510830673088247, -1.3183073682621678, -0.7609975822382792, -0.7399844000026328, -1.5214664128676807, -1.4469739133293331, -0.1884885136600379, -0.37865922520517803, -0.26872936034678513, -0.8582643057656179, -0.6722248435150109, -0.4630024808002264, -0.16548145300729658, -0.7012319302750586, -0.16224515965394762, 0.2689203635831033, -1.11600608657802, -1.3506073530448557, -0.9522934447912953, 0.5502117468387304, 0.8183267667823738, 0.16768271319677178, -0.06583568213870825, -0.19928896466889218, 0.5684554975480363, -0.8648012112007188, -0.012665520494253624, 0.10968863267156771, -0.5468719876360992, 0.0583903031675074, 0.35599748666719466, 0.936198712949733, -0.5649802560328206, 1.2844685313753452, 1.6043689315188197, 1.169003534898881, 0.6207197044060626, 2.1591023848589757, 0.2572459820103835, 2.117844017648549, 2.033804616795904, 1.8572398933563081, 0.9039345403558869, 1.3196628386357174, 1.1594978450564914, 1.9844130194511955, 1.300225710863497, 1.2299273699835394, 1.506815450045807, 2.0562286917443218, 1.4666302271330085, 1.2839388351685208, -0.28070662490703896, 0.2944497757059604, 0.7043333938576531, 0.062178601707618325, 0.2696603074814029, 1.4184677892206614, 0.5204703333750414, 1.5581416289358734, 1.0666274183193358, 1.7801471405473408, 0.29805450110406995, 0.6900712644765213, 0.03744692659841318, -0.4047509759241709, 0.3369191596235847, 1.3888543267290419, -1.6064624636377853, -1.4122692133599837, -2.527193620824838, -1.4948227151562123, -0.9759927284477137, -0.961659414917921, -1.5751657926662908, -1.1314311044839143, -0.20838218277629192, -0.5758082805105098, -1.7143460550006284, -0.6670284645670668, 0.11507552733918718, -0.9459378171303392, -1.614953094395752, -0.6972655410271444, -1.7405906691215725, -2.1081787770272444, -2.631537771967525, -2.9213826408289356, -2.002885350265458, -0.5715866605115113, -2.532617404393338, -3.0741597602173227, -1.159759111996777, -2.13714899492647, -2.4456359392465727, -2.0284501610607943, 0.36913961752179386, -1.509043921061132, -1.0437211270620375, -1.908316111506116, -2.029687639563691, -1.8200963197637854, -0.4766298313289567, -0.6685733684558256, -0.9120496023293, -1.574258465863555, -0.4719628257216114, -0.3033065168160003, -1.515432046381365, -0.8468655994357394, -0.45650108712733767, -0.14627577225256666, -0.6558586702483193, -0.8601986214722479, 0.402357272379486, 1.4657256722491203, 0.5229187294987376, 0.8801961486057187, -0.00467458841067208, 1.2637420135529047, 0.2908602896210087, 0.19655825729221715, -0.41443564277144346, 0.5870688244724204, 0.6078541439274037, 0.14148197896208534, 0.7820862590966452, -1.2389820322823404, 1.0669870294376413, -0.8789244997705103, 0.9505684799018824, 0.14687018462137308, 0.8206493198318339, -0.5228349904148791, -0.2830151469349503, 0.3495920107292617, -0.06336800618939205, 1.8938635840924312, 1.1384307052905422, 1.8549919465832265, 0.07678562413648699, 0.9492303736876609, 2.095814610015735, -0.14894596720303724, -0.09061441342520778, 1.3042987228631104, 2.1120570377572943, -0.5377641999401152, 1.7328546875477997, 0.6165478102998612, 0.0999449394259966, 0.0199440469545281, -0.9603306987736485, -0.7554036185829918, -0.2177684574913589, 0.4247433185002226, 0.11634823061758476, 0.5852590435998266, 0.13120758489676881, -0.5166621265047021, -0.6177988276449414, -0.38612854323006635, -0.2640482499330888, 0.2622334643003414, 0.5789775308414193, 1.2942718234124295, 0.690277914872454, 1.0477823224344067, 1.012342324964707, 0.4687583039566286, 1.1876824345943031, 0.2550497703614268, 1.2653144413309083, 0.5457960222142697, 2.2029356234527286, 0.11539719053540569, -0.5979882733750306, 1.0526607755016144, 0.44979189689808174, 0.19543635379275687, 1.3944018364754305, 0.6136952353251464, 1.245892776258749, 0.30991887372024113, -0.5281311821302063, 0.6797205741122893, -0.554930851802633, -1.7453145831245673, -0.17003350110703624, 0.4245949102419653, 0.5824843858463103, -1.0397102023823646, -0.24138853351177897, -0.7730266016639655, 0.9412300669131393, 0.789645621607094, 1.0390849250354677, -0.5240318135410278, 0.5710406880585895, 0.7170546107206396, -0.9842537655658997, -0.15380470315046063, -0.03319744448865866, -0.2966587125613743, 0.3278844881039915, 0.055945147963822536, 0.1838987431178526, 0.40355711194952293, -0.919334715963065, -0.2608760670627377, 0.3670431347585447, -0.186167015864493, -0.13536828230845377, 1.1521832593526449, 0.6708234809132749, 0.6647496641305801, 0.25723538458019324, 1.0398565297090328, -0.15043225533434917, 0.11798544691489715, 1.202905090526332]","[0.9036541070265008, 1.7101975951694233, 0.03550311414257257, 1.3170004049701944, 0.18449260583260543, -0.11715036533155505, 0.04174159804171136, -0.2985683630613057, 1.576037179496484, -0.4912295855459707, 0.8586612390912839, -0.27284352529690237, 1.1016323515199984, -0.6236459160992447, -1.208964123811525, 0.5707454107461328, 0.25366412295523566, -0.012035925318752035, -1.3702452182123908, 0.4802640485668902, 0.6187842365320919, 0.4007062195879169, 0.7352366499584396, 0.22228337052410024, 0.9591650010462659, -1.24447012594783, -0.1717524757006849, 0.6285276921210466, -0.14625390334698898, 0.28011261226269896, -0.5932575835116118, 0.7984722135593563, -1.2569862313202649, -1.7888012470278918, -0.04924808202237984, 0.30413138774469045, -1.4204574669418688, 0.8772587252582801, 1.65390086034856, -0.3997123703488444, 1.280777385097818, -0.45902621489974677, -0.6386154715085424, 1.0302601696949993, 1.2307976943460048, 0.4455910135055471, 0.1639140997164528, 0.674766033790104, 0.42434940324261305, 0.08537394359812746, -0.7176614014920086, 0.14936932304722844, 0.4310487500932702, 1.5123926637156198, 0.7026856649032017, 0.22419699809861968, 0.1761836551425874, -0.24997840430090537, 0.30306657809601945, -0.34176691987419766, 1.8745537101820482, 1.3696258266948071, 1.0676856819941505, 1.2181745868852114, 0.7576964213543056, 0.9777380701560161, 1.2642414501983217, -0.1020879625309637, 0.18468126096244133, 1.1655428551591744, -0.14106796217257273, 2.0635629373385793, 0.26657259428552454, 0.7809650291046314, -1.0138036444139251, 0.15888216233349903, -0.000613252835299802, -0.919104264636864, -0.5472382596152328, 1.6765997570590117, -0.740083972139561, 0.11566328054394852, -1.5989143815661866, -0.9101022639577064, 0.11997877967081536, -0.0816080793147134, -1.7289635465093618, 1.1309206156012177, 1.0060976856684087, -0.9444220152223473, 0.48836352433436964, 0.43658196469394345, 0.9843780418660708, -0.5872655035244819, 0.34929594308917006, -0.37773856425182784, -0.9070304314593299, 0.681378410562413, -0.3295549440618511, -0.09453746441351409, 0.5132870994886761, 0.45421920723614484, 1.3973272870975046, -0.17093154291445378, 1.0014239585993274, -0.13676293318907062, 0.3334633997696129, 0.5919051093520575, 1.1711987187795907, -0.8926742499421679, 0.03937357448997743, 1.7788016009117866, 0.4483662854588462, 0.16920796946828157, 1.1025494808097147, -0.45441661605762684, 0.9927238346238373, 1.826839991435468, 0.38670531162385513, 0.190688952926049, 1.894883169346134, -0.253501514529268, 1.8169605678051455, 1.7247271939768598, -0.20442088352771107, -1.5748326935304369, 1.4815587417011133, 0.029847464095295984, 0.7084501061954196, 1.1424613371131658, 0.6071349881679033, -0.2887430755870365, -0.1521213240603045, 0.5484010212312659, -0.31553708245353773, 0.5629357030380336, 0.9713104213108023, -1.4642043824262188, -0.24693085184193636, -1.239606327647474, -0.24612936440070973, 1.0060283493868984, 1.4979699365796557, -1.1048672534962682, 0.9978567636638822, 0.16510313330699666, -0.6228353789408515, 0.10109510919583085, 0.10148120506663937, -0.26406522003218297, 0.13360986684645978, -0.07175847857157078, -1.0273539458303513, 0.4116493138770583, 0.2543440274484047, 0.46023089983445364, 0.6979025220544461, 0.10312784461927096, 0.7849381146652793, -0.07495717374435769, -0.15447774786200763, -0.3757155177934286, -1.477130875038294, -1.0397140989988867, 2.1199005982280084, 1.065645263415531, 1.070662235082107, 0.2428235929882454, -0.5546816456603529, -0.9876099093716394, -1.371318779973419, -1.3023304035916201, 1.099075092914454, -0.45337445559099426, -1.4320933850881363, -0.9865944010604556, -1.4054234525160094, 0.3033049783711058, -0.3326013451859508, -1.3180576977135265, -1.6294962950096974, -0.39137392352900485, -0.6501643187887635, 1.2316079639027815, -0.8029661720696905, 0.04464877943985576, -0.7489468746133762, -1.0463259016262842, 1.55328416568019, -1.0496449262555312, -0.12012011329663144, -1.8901370685619625, 0.5228912448108869, -1.9706501428218703, -1.4521557488376196, -1.3781745400403889, -0.48413561431588353, -1.2067015718427168, -0.11704493233812266, -0.4802030081163133, -1.1562243438554949, -0.8764680584039876, -0.22144012074182576, -2.023577364768863, -0.7638931240533299, -0.9678343467985391, -0.4403182958238793, -0.06847037655134522, -1.438201686789287, -0.19814325189707557, -1.3842137686231943, 0.6038677042637367, -1.3600914569603217, 0.21346382094621896, 0.7745197051760844, -1.5634888493191637, -0.5813343026888699, -0.14609785227827476, 0.8180202380399997, 0.4768199761037273, -0.47010938047756823, -1.3032013288624469, -1.0018964611384475, -0.9580496181348576, -0.006812977370280034, -0.09758685557079848, -0.08020441562972565, 0.29450562808190167, -2.4802913817255905, -1.7846568189077743, -1.6192449560211577, -1.6941103315033317, -0.9210271393212573, 0.0037122097649779947, -0.0044346064656651035, -0.8554182460424309, -0.9840910438569646, 0.581008351853744, -1.830427199464705, -1.1055890376417434, -2.380116851162135, -1.5019306421792786, -1.2095914614733803, -2.1367885060385614, -1.669238667621172, -1.6278212735048403, -0.6541385137928208, -1.65084128458717, -0.975367644343855, -1.4863308679063283, -1.4681021683574338, -1.0761252220986341, -1.1033909194699378, -0.8760033080919977, 0.34454096764155673, -1.1489233618009922, 1.8760089923580414, 0.17375467799967229, -1.4850544690912948, -0.8649134286721536, -0.47682859595310456, 1.058280969617847, -0.09010599883630299, 0.44254692677344776, -0.030573968868391387, 0.6175157496969733, -1.0229970217755147, 3.1467858886452187, -1.6306354439126372, -0.7032580653271873, -1.135719670194501, -0.5532277113389406, -1.0015307832236986, -1.1809983027573645, 0.35427616600950873, -0.7516101270611204, -0.42052948438313975, 0.1293203419044303, 0.04910208339489716, -1.5419157412463758, 0.16062463886177306, 1.3767302392350946, 1.2015658959262745, 0.871388600083683, 0.31312167771749444, -0.6578797867137091, 0.9957714525803724, 0.37453260918186093, 0.18994602975414096, -0.05852467880323276, -0.41789191079893034, -2.1758912246142876, -1.8374737848438867, -0.7278359254776051, -0.5244245168592775, -0.4923664417024787, -1.1052089527772138, -1.9673553510497028, 0.6992210298971177, 2.430033178611743, 3.078601352221912, -1.460958416325957, 0.17786759703002025, 0.2970681182682449, 0.5832623789998548, 0.5285353863719171, 0.5577798074202526, 0.36458436962472246, 0.11653500817530574, 0.056971622488248476, 1.2016667661112856, 0.005383640664305321, 0.8849080878870542, -0.04837267317233804, 0.17373681538119015, -0.05139766226677989, 0.8288683788281939, -0.011204808307970028, 3.3269088863319562, -0.16590530391793074, 0.09778317502229938, 0.3016144468763841, 0.3165633120540563, -0.1380446443545077, -0.41817791563542184, 0.6816178476262135, -0.403311737510807, -0.9474933611307064, -0.4316068758395362, -0.2316789799986513, 0.19830860334465866, 2.6759367558442784, 0.70461026518854, 0.6122668826387764, -0.4696533587805265, -0.17583760494665063, 0.7928825741542639, -0.7478893522917371, 0.3331557197635105, 0.8590670018238661, 0.19920247541702285, -0.5283510322812751, 1.0501121550481602, 0.9717829217945072, 1.8023930091076608, 0.0028650793611532588, -0.8597261013089964, 0.5837473255357671, -1.5983261544460579, -0.12996297822373484, 0.6486142136436285, 1.6651472936690839, 0.4917644601828218, 1.8059262597184946, 0.49696170619940594, -0.2959196475382863, 1.174503209089276, 1.0947564011383561, 0.5262517075609189, 0.5601518750369358, 1.1853468182286278, 1.2948763238134953, 1.2352932722659715, -0.21412772311071684, 1.9034015297875828, 0.9629522792460969, 0.22308158942486025, 2.162675384680099, 0.301736593898929, 0.9783834901991834, 0.8836941714476049, -0.5191124643828735, -0.8520843203483922, -0.7183269528378186, -1.022554247783158, -0.28524635812508853, 0.799775663335873, 1.3435883253213654, -0.6089574848975584, -1.0157395033827687, 0.6407280613961924]","['v43', 'v47', 'v30', 'v25', 'v39', 'v95', 'v91', 'v1', 'v69', 'v48']","[np.float64(51.22607236876928), np.float64(9.145576732035662), np.float64(8.00244462283305), np.float64(6.643851377501135), np.float64(8.19608901679949), np.float64(18.374372829199814), np.float64(25.02436332301994), np.float64(20.387334750110224), np.float64(23.67373270572158), np.float64(81.97918175245664)]",2.945264804072673,3.001911107321112,3.2606689459275797,0.8522356741901935,0.8589883551484537,1.1858496718875982,1.2490646070059948,2.987530726651544,3.4289759473103913,3.682669481669026,1.0058653882076873,0.9370540020627796,1.503247434430757,1.6332737021401822,0.7659947337197731,0.744335004452894,0.7964784669294069,0.05112094719550831,0.021035359630681483,0.09108336070425528,0.016977643648900975,2.944957088213578,2.944957088213578,3.2065781480026176,0.8077803663898536,0.7549366893318479,1.064025637149679,1.1712689878916742,1.011420049840008,1.115865110652523,1.1134351154523694,0.33370354783006084,0.23478545083323427,0.6096121741635133,0.46594398178222374,0.7493538032990038,0.80740196227582,0.8484831607859751,0.14953203339199375,0.11953400595208062,0.2630340212670679,0.23255039469230127,False
f682_a,f1022_a,"['60', '61', '62', '63', '64', '65']","['552', '554', '556', '558', '560', '562', '564', '566']",f682,f1022,False,2,forward_no_out_standard_k10_lda_nc2_sex_on,forward,lda,,standard,10,2,30,6,8,True,0.9747912883758545,0.025208687409758568,0.9976875185966492,0.0023124595172703266,0.5381627678871155,0.4618373215198517,-1.1563614546554841,1.5231442930090413,-2.7402600847383174,-0.499824844835847,0.0757486861045656,-0.013491514434035352,"[-1.0499673988558638, -1.5369826669331592, -0.9973953338657079, -1.1237700403848914, -1.500680857883393, -0.7293724300098903]","[1.0028927234242186, 1.0679307016455428, 1.4189228213154188, 1.5632663582878454, 2.2839274036069432, 1.8019257497742793]","[-2.750958163374875, -2.8459961161833363, -3.0744516952107017, -2.558609959933723, -3.0199851635201846, -2.6900106057969904, -2.2949951538699493, -2.687073820016781]","[0.37469216035911573, -0.33492982889347883, -1.372926575830632, -1.7508695478884175, -1.0702615786284648, 0.7978385147539642, -0.9385791079192489, 0.29643720536038637]","[-0.7638265868723727, -0.08224905347558917, 2.1908445294520074, -1.0493717014999877, -1.2538515497471476, 0.000487672553359137, 0.38477525250127864, -2.0683881938851147, -1.4526293026884747, 0.7952231242258482, -1.2022363635279425, 0.8766238329026916, 0.7984618552044095, 0.4851251535380053, -2.2639442180992355, 1.075102245828148, 0.07004035240162854, 1.7998044881435695, 1.5601994042517746, 0.5164324415656212, 0.18137658075491261, 0.2502879367068816, -0.1829095460526509, -0.5681277721852398, 1.93106528726449, -0.4090183186129971, -0.862033009982095, -1.1858191001188214, 2.8359151984296105, -0.8483911324944772, 1.1212131265343503, -0.2970849709348508, -0.5494619088966393, 0.056298530361567505, 0.301618726568852, 0.7118912792793411, -0.08361197828347197, -0.8338481058317037, -1.719171977310637, -0.6385704947091941, 0.21764115747791973, 0.3015211589047557, 0.07437532849567698, -0.8276315481374327, -1.1527146411228886, 0.33682300203624177, 0.4737105714305307, 0.19809719337125276, 0.7830449594410577, 1.51194262545933, 0.46323251857487197, 1.1133049525389895, -1.1243581062858043, -0.1523982990500584, -0.72048484316877, 0.251624513091695, -0.4982141923995417, -0.07018439315587235, -1.2547922581638287, 0.3286619345859106, -0.9677850137969611, -0.9225927914517766, -1.7895862624396772, -0.022879214752437333, -1.0551175441840095, -1.5483373050136469, -0.4504070740574488, -0.9499837014237135, -1.4530695245145404, -2.4094658653843757, 1.27724625545329, -0.43152480208304567, -0.2482026685024409, -0.8270272537576906, 1.4084021149354724, -0.6797674375229966, 1.0610935378909836, 1.9185385878485153, -0.16910550523170761, -0.054257963942563554, 0.31323038386212665, 1.2972927285319724, 0.8506643650486964, 0.5431844939882201, -0.2792257985047762, 1.1291331281052044, 2.2146787417477722, 0.7942736097681959, -0.16536985753272845, 2.0393796281191428, 1.2481927386656415, -0.3627806649692686, 0.9942715917427554, 1.5168896666876948, -0.5876482016679843, 0.48571376711801484, 1.3490430728698002, -0.4566986127102406, -0.6121058327750742, -0.7933623122645646, 0.37544665284292683, -0.15871283319738247, -0.4681435149168191, -0.6189079828656372, -0.31384343755171906, 0.9794596256552215, -1.9399186040182095, -0.7821744567199391, 0.3871499832456975, -0.033563704203874646, -0.16169812085299623, -0.3239656099277863, -0.8271813615908964, 0.2812180945510032, 0.19051652719528936, -0.5442104609176801, -1.3422525254873954, 1.8129819827461342, 1.160843845889838, -0.8926537399841595, -0.6353016217567639, 1.6502810631494786, 1.318301130101518, 1.1247898751681864, 1.4809313175692256, 1.5880959342037881, -0.9649045275216436, 0.320654079329455, 1.447070231324141, 0.5102419096589423, 0.8905509719207195, 0.40093678404185196, 0.06779565028915949, 0.23288428550096293, 1.6429049326519238, 0.9585727539459875, 1.7774757830515298, 0.9322973098058177, -1.0177723204411437, 1.4086537841143714, 0.9194936920272699, 1.506538619820374, 0.8204240415865715, 0.8500804512637602, -1.0873633114548855, 2.1736410414453586, -0.3766592483587828, 0.24668921371941094, 0.34470444407510326, 0.9730302217035302, 1.6583859932717075, 1.000652201511139, 1.7450304741034992, 1.829558245629226, 0.3468791102204307, 0.4341571826445183, -1.6285477814676317, 0.2285429008388692, 0.7242031067310563, 0.022431279669079273, 0.523238096204326, 0.8110182647560507, 1.0428683746069594, 0.35447762790556064, -0.18567879074042032, 0.20059918056105333, 0.8626014754862359, 0.22631881451682773, 1.4314297799830473, -0.03872616805338591, 1.4623217520419478, 1.8358237660120185, 0.589085797129556, -0.060143620933406, 2.7867954439123075, 0.5188443337902782, 0.4487308784687391, 0.12329064214003291, -1.1102476454409305, -0.559512229814833, -0.3545948338703453, 0.3078024832235191, -0.3352778395324875, -0.34021131551846334, 0.537771259629895, -0.38765926203790474, -0.21470115482036806, -1.3342027416563107, 1.2858207520667024, 0.46913818343482816, 1.2297693569594337, 0.00983841542324229, -1.0507578856342576, 0.4447059740629421, -0.8015898000259596, 0.17532101802083552, -0.7439542370294783, 0.8174200665933978, 0.6023748302810095, 0.1464961003872583, -0.23495116684900114, 0.8505801401924336, 0.2026057998581461, 1.1525197533015124, -0.6472811833055, 0.27505080430062495, 0.2232700679644292, 0.49522550717942526, -0.32673194446316867, 1.2433744062471073, 0.30008747621869186, -0.4350563319455653, 0.522789933499546, 0.4740198924109082, -0.17887412286954887, 0.3916630101664704, 1.1864997333641827, 0.8741222785883209, 0.39084063018388776, 1.9366958325656944, 0.6248966210388546, 0.466570278956563, 1.0112931916167267, 0.6599109491541572, 0.05795604143477555, -0.26006664244559174, -0.5693245482757996, -0.07833928826553718, -0.6218218025094827, -1.8352542908228884, -1.9093066419363502, -1.270556723159397, -1.6065457833841397, -1.1322573169585821, -1.9216300790587248, -1.8438154511805465, -0.24411621181525867, 0.8887719342746496, 1.654190911915408, -0.008032425339189901, -1.0801875162845003, -0.9771148072667342, -0.5308671889243373, -0.9526072646167911, -0.566787560923043, -1.3479823999734906, -1.6639956813294998, -0.48935010112530863, -0.805534195222922, -0.5310974861362728, -0.4634399284529793, -1.9413642507500832, -1.6484757681165934, 0.07484399926401282, -2.423055202538027, -3.1179408528402557, -0.722791370035129, -2.3367402172885097, -1.0691398642324024, -1.611730052973978, -2.941227810368762, -0.24462241021377618, -1.0863084815425545, -0.42289060263143313, -1.407379268657118, -1.3672734826031143, 0.031079009492643254, -0.3241842096073389, -1.6108339464158137, -1.4402113524799336, 0.17865029989344167, -0.07808973787625594, -0.23797651603572473, -0.16785633246307013, -0.48536455889300917, -0.22708673359112108, -0.3592265595735101, 1.1741077831322395, 1.4125532065289175, 2.1772071508361357, -0.5623614162141031, 0.7173678735344342, 0.7287017582220385, 0.8018520773631856, -0.912370492200661, 0.9573746151818344, -0.820546790146173, 1.090055756989946, 1.4230715628032802, 0.5489723755736247, 0.6507918427776722, -0.15032327393552, 1.3072754063336118, 0.03911706020222752, 0.11513489794947064, -0.4859883650917708, 0.31080057574608744, 1.0601629094350948, 1.158768635281297, -0.30668608029138333, 0.4198121038701854, 1.7611036594410165, -0.5023805984188496, 1.8577538411861183, -0.23616836554719572, -0.15414607691087942, 0.40161020296495387, 2.3167587385403214, 0.8697823599292979, 0.7315179233643272, 0.9982672290222666, -1.0801328246394475, 0.152728896634905, -1.3044501840635834, 0.22819534410750222, 0.864384735021573, -0.49004942960457354, 0.4189895426121402, -0.3188658780272206, -0.4243137149641025, -0.7585594096378572, -0.07467678687540766, -0.26791915627758556, 0.5261997065657374, 1.7830823949869472, 0.7965379853843049, -0.2634921234125768, 2.680614919576974, 0.5634043962429194, -0.4442281139133133, 0.9034896360047369, -0.23977492829123467, 0.33627597898140593, 0.4527242000463673, 0.08663252261407417, 0.37258815036384224, -1.1230968540611521, 0.5384564906645882, -0.11294794188581106, -0.9951197872613579, 1.2095740056493258, 0.5425267798858885, 0.15161333499639512, 0.6837289386055652, 0.7414971100556489, 1.0733755549890083, -0.20680098928448892, -1.2668137247757998, 0.4165434890628363, 0.9134010216877527, -0.32338650269870844, 0.743296811812858, 0.8967570390398656, 0.10381938967987538, 0.4970411319714493, 2.170976265014671, 1.8494908047187595, -1.0674158270590552, -0.3759777582965264, 1.0746826871723558, -0.8315172070181749, -0.043793511338688765, -1.05210724253331, -0.40496758679188377, -1.1328155251143377, 0.19934590439704114, -0.3947999191679277, -0.8704217642716345, 0.011260573934385542, -1.0414024731787332, 0.38344488837813856, -0.8230334621207096, -0.3590899696139787, -0.11273035115652377, -0.0695149372155008, 0.39331887188553105, -0.9424428986617012, 0.32514738115205644, -1.585883954519708, -0.39195322453222453, 0.2480982816871622]","[-0.8675699465487158, -0.23172576188557212, 0.28240586885162877, 0.7957055429177039, -0.06998337323909919, -0.3463501872251583, -0.812066667391472, 0.4082047262617085, 0.7656238918543488, -0.8450096693629817, -0.16069392116246062, 0.7024991573042032, 1.1324670064142812, -1.648322853488502, -1.1552277779445808, 0.972166444497591, 0.08160658013368197, -0.5684768785908949, 0.2069970773345763, -0.15698803155766294, 0.35460890572363907, -0.5729879219433862, -0.20909429718191566, 0.07797252085525655, -0.35583004319345357, -1.2841090723687485, 0.2543676920125413, -0.03674174283826588, -0.3035157236979851, -0.44594139955152706, -0.1331330074603082, 0.6061444129492186, 0.13492533341904261, -1.2068959075646744, 0.9025028980779661, 1.250675146783634, -0.27432390264461354, 0.3320767693186489, 0.5092486457620836, 0.85032796624081, 0.4984568843616859, 1.0471778629613515, -0.583648154960068, 1.1092820436037203, 1.5604864966732142, 0.09567361518918845, 0.3932689835472691, -0.2559879237717708, -0.32064446499054333, 0.022839831094387274, -1.0708507461599683, 1.749810392599372, -0.29221468497376835, 0.33523236872258677, 0.7116396828428396, 0.03187068141720396, 0.4407697966858636, -1.004189155207377, -0.18429416603303736, -0.5215730662135174, -0.39601584688797986, 1.4459089386145203, 0.20447383841649233, 0.45021867766145895, -0.0078100356537904, 1.0442473923893398, 1.5011519393413044, -0.8913746296279075, -0.30802628290267475, 0.39163883137789657, 0.6408669883266233, 0.10852606100836626, 0.48076813813039077, 0.351267960429871, -1.425957797184864, -0.5689301105740233, 0.0863506794544467, -1.9612191131773244, -1.9485691945432857, -0.40925921568205814, 0.22466415055550318, 0.6085276204001667, -0.995389276294209, -0.5822803277139799, -0.5293289036485107, -0.276060148018936, -0.9302778115604036, -1.0046345736264566, -0.9483072283491357, -1.1190035158630316, -1.7512448422407056, -0.5731312950326668, -1.3674676287454768, -0.7706014589188731, 0.30364541147677937, 0.3675491365193639, -0.07265982156036309, 0.5018166232600868, -0.5317064123501477, -0.8586025945163319, 0.5211127033064515, -0.5298064256943708, 1.4317752945620523, -0.42063741588978165, 0.916625160336659, 0.26764786479046954, -0.571022443673672, 1.0284469056304641, -0.6295068915201214, -0.18218956428332042, 0.4925015348938861, 0.36786928651099116, -0.5515394496687224, 0.9884897093286061, 0.49600938855511156, 0.8704559382924243, 0.9881797496697242, 0.4884209833716524, 1.7983432342183727, -0.3319743562225928, 0.5785135334218597, 0.24245597567801802, 1.4557454384282433, 1.8840421774439737, 0.7980084826040119, 0.2641856699255343, 0.4721497560556953, 1.3864648207035262, 1.3297045039387216, 1.2541686049727752, -0.05372553298529624, 1.1672774021809595, -0.8025474144624067, 0.9335626860912261, -0.09010411664121051, 0.3675702295370987, 1.2353541907702124, -1.6337182464252717, -0.4558410132398249, 0.1539300112157479, 1.0941302803621746, 0.9925896664974435, -0.10278768556119693, -0.26518939848335465, -0.1925044678405949, 0.11547332453187699, 0.05798150690039289, 1.0966679420996304, 0.8853331795280025, 0.5091057567040078, 1.3797168917646998, 0.12869990932457465, 1.9715787476885689, 1.0269133185988908, 1.261650879131987, 1.1062246683656494, 0.4666886292505253, -0.10801371812887928, 0.35619825940997923, 2.2154932901370743, 1.0035746737228817, 1.8365004951155668, 1.7592486777314402, 0.2739803393506545, 2.2878854552536527, 2.0288099294584496, 1.960765658544835, 0.6590432579417999, 1.436668917189413, -0.09296440619943801, 1.6104020212326458, 1.336780932574496, 1.942502518938114, 0.21543003316390208, 0.7930425514971862, 0.2330769537833072, 0.9387834267516824, 1.1994653287546095, -0.35231116602975787, -0.5767680357313698, -0.4618280161329317, 0.5302014925459418, -0.02219113762875527, 0.5127325557828011, -0.3495236060186595, 0.8912425487319223, 0.5457546003992609, 0.8630241747584128, 1.470620473414926, 0.6555094987620607, 0.3801670720287375, -1.2285228690214862, 0.9802045042215648, -3.187883008567105, -2.322952529195301, -2.7825459004703097, -1.477299933148626, -2.0133526825588866, -1.9329925201381166, -2.6192662384542005, -2.201692352494628, -1.0992948561525124, -1.7148968601022827, -2.138362228990415, -1.3078810937693777, -2.102498154050334, -1.7960151867095249, -1.5331013919108285, -1.512544258660916, -1.0643277893871275, -1.6248038996868635, -0.6159678882123762, -0.15182727996231038, -1.3408463739499406, -0.20699258195716877, -0.6765349079028622, -0.7720144199573906, -0.8555157290517721, 0.5174577708969612, -0.6017452618100468, -1.4376822157431568, -1.2429328597455496, -1.4382126169307314, 0.400565896053133, -1.3050522449081898, -0.15379644320420474, -0.2909770383855433, -0.19485565883332187, -0.8830737370685008, -0.6065499358663577, 0.6465739647187604, -0.8648362989245046, 0.3144858068356874, -1.7145614792465074, 0.07800285342325035, 0.12445939646869732, -0.47626557201379605, -0.15122014794950633, -0.7808450352865461, 0.2703591615546424, -0.12017564037699656, -0.5189384755277482, -0.7273332215377085, -1.4928510615599861, -0.79012023099823, -0.393147716397871, 0.7595689584542359, -0.23128970639840998, -0.7500597567985191, -0.29259451698641376, 0.0008287282294645331, -0.825248941653805, -1.3247950312522543, 0.6325002586545602, 0.37932368951695106, -0.22434369199080006, 0.5864064922248166, -0.8312892025423924, 0.48488932012292724, -0.45067546427246064, 2.3678644992013047, 0.8373159073981534, -0.17843229164630048, 0.5023737411194623, -0.15339680493942784, -0.33627646174572917, -0.9965742102697471, 2.941048503168997, -0.4181227559130886, 0.8555581694035497, -1.3616485818620248, 0.20340414588532463, 0.1948282078085859, 0.4607307187647516, -0.11431834350096116, -0.39057396920727666, 2.10864790150088, 0.13462973977277182, 1.8211990968108103, -1.7205477622557557, 0.22542845077339135, 0.250782089624225, 0.10017466153424137, 0.1199017555031166, -0.7876506894383538, -1.3002780419163122, -0.44490786609840033, -0.7885317097450358, -0.5225555896107485, -0.36962991715674876, -0.7254380560179722, -0.49546528577344967, -0.5990750710780585, 0.16334972614608717, -0.2788792830441087, -0.9841863455932421, 0.11923651651150599, -1.2472497022927835, -0.0772664494085315, 1.5284396318163234, 0.7097628411497005, -2.1535443792783724, -1.1676242555393603, -0.05368930828742252, -0.8524811080411907, -1.6331276298641872, -0.8865150611903964, 1.883032890925292, -1.192173410596534, 0.017413367187261768, -0.5017967219570905, -0.4490516415810086, 1.4940576068837177, -0.631823434859764, 0.00804390310572297, 0.04452133936082474, -0.7740843785803041, 0.3692255528536657, 3.4544248139289215, -1.3756132636884764, 0.1295921831455245, -1.2346208858277383, 0.42023107911360985, -0.9460681163544303, -1.624202536364409, 0.8882533497464388, -0.6811638830334664, 0.8992740316332846, -0.05560380490570645, 1.4419705773176468, -2.434593204996673, 0.9230382194565958, -0.6678982062861344, 0.18258114848690973, -0.58551264763446, 0.8173463780716678, 0.2158425270446671, -1.240102904008278, -1.3537549306343508, -1.5573778923096049, 0.7822667833735533, 0.004382428426913689, -0.9400697740855213, 1.5646677487433924, 1.0901367514380638, 1.2161563454410589, 1.0063825511786029, -0.16073943071586672, -0.6603503495836409, -0.17429707434469333, 0.8451256150615458, 2.0911181240408623, 0.46049066940674166, -0.7598842393789481, -0.7273888141251292, -0.7309924019618783, 0.08957659208964865, 0.4755624592456218, -0.2681913331084983, 0.12901650102204543, 1.3786219925837206, 1.498902929163643, 0.7638224097934008, 0.5062195500320432, 0.6299779167756172, -0.2922487103074884, 0.877666584458697, 2.1452391269549462, 0.23272637939574528, 1.1366812443394199, -1.3717366688458317, -0.23214514652629048, -0.08519940573834948, -0.6106413611576098, -0.08054261125354421, 0.10898772376387796, 0.5067658077791662, -0.37053101192330135, 0.04265691678046377, -0.3108031019706967, -0.8323635217992267]","['v39', 'v96', 'v72', 'v37', 'v84', 'v85', 'v57', 'v6', 'v58', 'v71']","[np.float64(73.28921823254086), np.float64(8.177508762297547), np.float64(12.23114296801178), np.float64(19.386417370108926), np.float64(19.279380084251656), np.float64(10.653106920427993), np.float64(3.854957069135058), np.float64(12.831676947536616), np.float64(53.25649883688069), np.float64(73.63429194302822)]",2.5692681843379384,2.661824592802001,2.582596533319391,0.7423560140023274,0.6450597549686226,1.198101707314932,1.1031489475119136,3.6068677679277217,3.606867767927722,3.620808519920401,0.9582141653647123,0.9085482831905705,1.413699357279745,1.2776030899991537,0.5480572656064066,0.553373756729679,0.5249549813622998,0.039373022815108384,0.025654509230118805,0.09785145979575646,0.06329609718938595,2.022969137844888,2.2659009705936097,2.0473700177088343,0.658715651149983,0.5603736348636268,1.1556825402152613,1.085382545292298,1.4064799760690234,1.2278468739622963,1.317470277273797,0.3520737705778664,0.3435540158202913,0.7425910418641336,1.0207348692922187,0.7331119980996736,0.7614545282973918,0.7562178011870451,0.17585948895927733,0.17168497872239952,0.2177137632093297,0.1974187053626048,False
f682_a,f1022_b,"['60', '61', '62', '63', '64', '65']","['553', '555', '557', '559', '561', '563', '565', '567']",f682,f1022,False,2,forward_no_out_standard_k10_lda_nc2_sex_on,forward,lda,,standard,10,2,31,6,8,True,0.9747912883758545,0.025208687409758568,0.998424768447876,0.001575226429849863,0.5381627678871155,0.4618373215198517,-0.4145048835132677,2.475587171487159,-2.4556990218214216,-0.3490601944895012,0.0580908700148322,-0.03165627683203902,"[0.041187480765486575, -0.21427897404206675, -0.8680553428526565, -0.13182109125074765, -0.22273642446019815, -1.091324949239424]","[1.6973504416564922, 3.0133607177857056, 2.2514555723699576, 2.3309957723101804, 3.0012203138868796, 2.5591402109137382]","[-2.803097498223856, -2.8026794458852344, -1.7107965211376333, -2.380429960689503, -2.8411546208043736, -2.2474692866980592, -2.8574243305912552, -2.0025405105414587]","[0.0018408659602429777, -0.17608476182452165, -1.3314402909167722, 0.11372346238856988, -0.36046226145816, -0.3026868427019022, -0.7446246080261074, 0.00725288066264129]","[0.32891418830858593, 1.2673410569981467, -0.6076264375724009, -0.8110451822449741, 0.25974114407654536, 1.150457750626272, 0.03805720483786403, -1.1839740641659084, -1.3942360346245257, 0.11232194813474303, -1.1252169168476727, -0.9887371835145, 0.5407587381602416, 0.6464088335437651, -0.1764312134706684, 1.4708215147069716, -1.5239045030911424, 1.507850259915073, 0.9837788433726631, -0.06897654346854402, 0.05842985450518868, 0.26818406294527886, -0.3693199938962583, -0.46673657014164494, 0.7481997131259986, 0.44548509107797135, -1.3696112959386904, 1.4315655701377639, 2.95356240308975, -0.8273053007901509, -0.7179586743634897, -2.0975502800452417, -1.6003376744890312, -0.24156446500026796, -0.023802100863841352, 0.36443171252457573, 0.2602193468938171, -0.7512344331872375, -1.012768251400666, -0.8906962315440093, -0.6215098795144155, -0.7162131946444898, -0.0859927164968487, 0.11844206363938503, -0.6008173765701418, -0.35666598455767345, 0.06786023370527819, 0.907963279972954, 0.3738078004928401, 0.03955409776051144, -2.037142219972016, 0.1050905959242792, 0.7235431473362619, -0.24279632728777417, -0.4357333637710036, -0.14279217200215652, 0.5792300353980832, 1.5355018567910332, -0.7600635574258472, 0.35981163070019756, 0.6852670686815573, -1.0195228890270298, -0.397083518464831, -0.1788605178955264, -0.46953603448322206, -1.1345923199889576, 0.3085848386908859, -0.7380499139062937, -0.1259933612001621, 0.3889462532254596, -0.8461238703540603, 0.2248837956455441, -0.9204659874995185, 1.323349741510516, 1.7685457520365055, 0.032402047604480996, 0.5152217335155382, 0.7713191229980163, -0.4717396414798615, 0.03323714206083472, 0.6993579235691642, 0.20605292570522796, 1.0033236962438417, -0.1544036054988351, 0.39550748966193694, -1.3339261750652438, -0.11978919673088421, -0.39350503865095415, -0.8848900878387408, 1.0231564575172096, 0.7679830283455286, -0.55614235506325, 1.3680242586648061, -1.5539661646678473, -0.23862875939619818, 0.2804247218403553, 0.8721274011701131, -0.34249285983423405, -0.9999085694652824, 0.18185030702725596, 0.37916226703089295, 0.03030971800653762, 0.9488567299374272, -0.2990076367551242, -0.3580925482860645, -0.57657377543739, 0.5429455924431068, 0.6096334906107725, 0.5642081303663362, -0.7061052593257392, 0.44211156869150436, 0.5382517704028237, -0.4149835773509455, 1.3848950690177693, 1.2546367437203643, 0.7040825262209679, -1.8918489429912326, 1.2936027043894982, -0.3865643822321438, 0.14025790073945754, -1.1661786629676052, 0.753597890779227, 0.9753002478105613, 1.121176022323974, 0.7450129935023223, -0.11436436143202805, 1.1730739748497105, -1.4031380066045158, 0.6538178082070213, 0.08588734807670492, 2.1960382016756657, 0.6152651051538873, -0.8700272711852557, 0.44249583895373823, 0.768201578952196, 1.54314458119113, 1.0915719370735693, 0.935393922605518, -0.02536222117226972, 1.2836011530142513, 0.2846171369237153, 0.8084053350909775, 0.04107910943487987, 1.0730705163700953, -1.3349069074065605, 1.4874761446778952, 1.0483048779363058, 0.08114623590036209, -0.9706411403356603, -0.14067646415701257, -0.4216397761025272, 0.34670683568011373, -0.7456446473532518, 1.4041084236736079, -0.004848083667091227, 0.6391185397923762, -0.9328238023532175, 0.3579541148794002, -0.8105801748982302, -0.45566978777015554, 0.3929003017921154, -0.07855146742093778, -0.3878236986802117, 0.7566444120716177, -1.7399828922097482, -0.9328484392679754, -0.7898730075031198, -0.46843505932543433, 1.4453332595084492, -0.8388958874235531, -0.23176196248659203, -1.2235449789164046, -0.4339444742285689, -0.11554598461123237, 1.007637407278025, 0.772459271351216, -0.09337089425673199, -0.940217655779447, -0.6686963101727071, -1.807730742439321, 1.418248820849597, -1.5276212460291363, -1.464135702134127, -2.246833262841168, -0.10650868481837632, -0.8009565821160328, 0.5594913444564802, -0.34209085060829136, 0.3124512958144568, -1.3471958630632463, 1.2506719705586324, -0.7793617553793661, -1.3132998261283233, 2.400904941385092, 0.37163133155983225, 0.34869724500795896, 0.09823605303815355, 1.2547467741803269, 0.6736476224741605, 2.473415816018783, -0.3349930640058454, 1.2465569331650272, -0.29706269027338583, 1.7614436167187708, 0.8026163107304655, 0.14508799570331174, 1.6076457074392356, 1.3548171118679873, 0.2385958780125295, 3.055814327951074, 1.781875496438887, -0.49263592708095333, 1.4064354198850753, 0.45594447919666076, 0.07070070493718425, 1.6231874543154805, 0.7736361439822002, 3.3057500352307194, -0.6549033416037782, 0.9811371502023859, 1.488952672640938, 1.2689246473866607, 1.3922994558295259, 0.9066775570778735, 1.0554616345096919, 0.3759260176996494, 0.82235942270052, 1.3858014912745484, -0.14442414014925728, -1.9037136946625066, -1.4456342892101504, -1.9907540012547897, -1.9184030095681297, -0.4499290734988947, -1.325069610772125, -0.8332717439337699, -0.5717092433444917, 0.32308403917452866, -0.23019944088165067, 1.1115795687924785, 0.7473576836680978, -0.17634528430426064, -1.3048574183547503, -1.1943814708997238, -0.645648419353287, -0.8505587962893943, 0.3374205763828683, -0.42539299065576297, -2.182378059759666, -0.40210991116459416, -0.32495646266735406, -1.0483331089929089, -0.5102828283961208, -0.40144966234266566, -1.7447060536327796, -1.7713692419624618, 0.796982769458776, -1.9823876845304982, -0.005338993578733714, -1.172822417545026, 0.1069306946297531, -0.9526980053036751, -1.531986082382187, -0.8424811484024167, -0.5426037865514717, -1.5514449771420307, -1.1282153147600469, -0.7367322888304334, 0.6418128674693175, -2.6747396561172523, -1.0611358043207857, -0.22751043165392681, 1.159728750054797, -2.187800952782465, 2.2478706454321253, 1.5806473243923547, 0.2224994465853188, 0.8334584579103602, 1.5337482281552084, 0.5621626864671815, -0.06476815817426487, -1.2176047841759448, -0.15882185546655558, -0.7891957597250354, 0.5954235847527658, 2.366262205440471, 0.7418354856398395, 1.006265896754066, 2.5425613093852766, 1.2765256045254323, 0.8131494822359702, -0.8733682675777135, 0.2350796043966736, 0.8946390393754163, -0.5599854951404211, 0.08712105903462865, 0.20874500672778634, -0.7205452717521775, -0.7106738744444627, 0.057118011887228905, 0.7907878586259294, 1.9325157912335982, 1.1824642743987261, 0.13411901005380153, -0.8690388693093071, -0.009988780780519305, -0.3365338140555262, 0.2893136284719103, 1.9818128341784196, 0.7372614224747677, 0.6533217669789052, -1.147228047373229, -1.0831673518725062, -0.21320462666582443, -1.020795166070873, 0.5152347545375656, -0.5375279302889205, -0.9109753870342842, -1.2343746348000604, 1.1173852815525573, 0.33628781331017027, 0.20920457380083984, -1.3390460212463704, -1.2018790875746703, 1.0397910424743646, 0.6838926947067973, 0.6558152712842571, 0.8019276652528381, -0.04022328000496749, 3.2713747887498883, 1.7085832333031044, -0.7235898762018114, -0.44494846484472766, 0.5183976622506723, 0.114179128004572, -0.3083045279292651, -0.34281508649015074, 0.12385574358274667, -0.19020300615454577, 0.7382040454174026, 1.1612839348715822, -1.044139866777724, -1.0044481760592388, 1.2281746054872504, 1.6155296140898114, 0.27887451730138946, 0.9421926435150496, -0.18958169866847047, -1.2928002749491543, 1.7901875982897422, 1.0872902948077716, -1.942162374572166, -0.21795485731072167, 0.45769703246695215, 0.8754692137578751, 0.5772608563726643, 0.4301412890275633, 0.2298273737568013, 1.0757033571417802, -0.15459580945964396, -0.6478835172778158, 0.541412878603408, -0.9364579201605946, -0.6671906349003657, -0.3487241746135684, -0.0707482021992536, -0.6301304166141115, 0.1109521227458967, 0.4936297510113938, -0.37022563362352967, 0.29995656147870653, -0.4578838452772515, -1.2622349220649882, 0.03006599343751067, 0.1855292461017639, -0.2962701428132947, -0.1534098769863359, 1.078713798419515, 0.009604399045722243, -0.2705728937812555, -0.04592236899815871]","[-0.9714336725334101, 0.4095303764427831, -1.6820773946105023, 0.05523221315086293, -0.9908118571239037, -0.135538850332113, -0.8406088871945241, 0.9591374880334705, 0.19410372850089816, -0.6309612880290993, 0.5581642322428766, -1.0742903850476533, 1.205221206768241, -1.3921947312145708, -2.277634146397614, 2.0901915631760533, 1.059011455297642, -0.10587623288324399, 0.7788182640767979, 0.4789108079147983, 0.7572736215761318, 1.323112369949468, 0.2684785683955954, 0.7463909321773453, 0.3979839845508434, -1.1145460152170634, -0.021030725602452536, 0.27905458928748816, -0.0790293192351626, -0.11737651262049509, -0.18283968024368902, 0.7885697326550329, 0.30790065307108205, -0.8473757465794467, 0.7083323081964152, 1.187497311386302, -0.5393441127556269, 0.33489821985138957, 1.0376081965902788, 0.2647770788877372, 1.548983366930108, 0.5945453747012729, -0.628450329951919, 0.5243292919403406, 0.9891683952984017, 0.3219158654976207, 0.3872153062519936, 0.7278818591436224, 0.34861749508774126, -0.864345586573559, -1.3368718850092034, 0.6917566374980372, 0.08140924357598223, 1.1573350731603391, 1.0243408015307645, 0.010526795559580682, 1.1554133140944738, -0.5967119297544367, 0.836737965168803, 0.5225418133221247, 1.5704848255785604, 1.8906972650292844, 1.1802898927063536, 0.3573881161757277, -0.04816061260136179, 1.0695721898216637, 1.95602729451843, -0.10410488086928853, 0.3999919125781308, 0.5180199891472189, -0.04307387387075087, 1.9980664940815578, 0.9005904190365144, 1.1769890286225198, -0.21280658035383995, -0.8465530331232043, 0.2556535154992575, -1.7467503117530971, -1.4806438540911881, -0.2644152590609101, -1.027546570398395, -0.7950972274423467, -0.5479901613002521, -1.1373547573312377, 0.015285992654478806, -0.8580780511051939, -0.4342375252106031, -0.3274732386483121, -0.8700957910902749, -1.0896390406076406, -1.2576088982350728, -1.4978594600320239, 0.29191432275101137, -1.0297118900225388, 0.5265540126600541, -0.05105300274683746, -0.5006134479194781, 0.9315651540652458, -0.545344017775893, -0.7205323522131049, -0.08164519635499748, -0.30199457666183516, 1.092418999967324, -0.5764688289686144, 0.6309949623795496, -0.15770249721410892, -0.9330288872826782, 2.08475910305645, 0.8011667877480376, -0.3935745819019714, -0.41258556013038356, 0.8804604282378161, 0.40935164382054073, -0.2445091696937373, 1.2839107148306126, 1.0806730822740478, 0.8566519551084061, -0.028942793655684813, -0.19818517186348117, -0.7803397553596507, -0.39567962022191555, -0.04132980458256109, 1.438893140304484, 1.600762782127473, 0.8757588638653915, -0.5553014581814731, -0.803836682702553, 0.10060844280280865, -0.4905584675656372, -0.07746579717306666, -0.6304125761017824, -0.5577977620371293, -1.345699862084552, 1.2607252189069318, -0.2863542219726946, 1.6390929975746025, 0.7563429081253542, -1.134094936416145, 0.1650109380406252, -0.03494770344558667, 0.36119464716708977, 1.4399531953804112, 0.11018831570258751, -0.019822865055971403, 0.009128188657852724, 0.4324834555813739, -0.5034021024759557, 0.2695750075594763, -0.5741969934433632, -0.9757546960803829, -0.03895315521595741, -0.05741673455224772, -2.1761735080719244, 0.48715635819177233, -0.7222261393648248, 0.6357382494370771, 0.8081221332885614, 0.16337087628435426, 0.4926342340575131, 1.188391434903429, 0.27768322684710617, 0.11876902330588082, 0.29292754969068907, -1.0424180197554804, 1.0188728761222372, 1.664730169229211, 1.858032297885766, -0.3069401220178069, 1.3086163993626752, -1.6206492824603376, 1.1586781749961041, 0.8720561227000919, 0.8638202778373032, -0.6573120106321023, 0.675825546740901, -1.224550774181124, 0.5843002227145828, 0.9666786265722804, -0.4081021500387672, -0.42668602877783374, 0.09016347346802878, 1.744238798291525, 0.8063286213163603, 1.0869421096755576, -1.2640175486327632, 0.7455061739486865, 0.42926186067220823, 1.2409797195212602, 2.564231458392575, 0.8695336067335642, 0.5695527188635956, -1.7878840433318646, 0.9060512843881765, -0.9314646363150645, -1.7345967526958672, -1.3315866492917123, -1.576151737120119, -1.3210694174225157, -2.30577752503765, -1.2949967779202927, -2.4991718702314465, -1.507619482774918, -1.595388915570209, -2.382448997198839, -1.7955154554855641, -1.1242394970133578, -1.151747747322453, -0.5730775051859256, -2.660424445292862, -0.25148047820727737, -0.834125596336419, -1.382985878238709, -0.6361697214823688, -0.18862446919268475, -0.558436074750339, -0.14832773332616045, 0.43209645738392566, 1.8482122654939033, 0.8121275251047363, -0.17900148269932964, -0.939888690611047, 0.5223877622396168, -1.6801506618738251, -0.2730130463160063, 0.48709191062833285, -0.5449950858235049, -0.5133952292506943, -0.12472956391222853, -0.5958650510524127, -0.7558992793372876, 0.18744540344260677, -1.132178326401538, -0.14452756358990007, -0.6174636189749196, 0.37751826388044857, 0.9229420961060002, -0.9101294999852044, 0.013382893468070306, -1.0454243405252839, -0.8463823761990558, -1.7275022879900102, -1.5362139187964439, -0.5341855778890624, -1.0504847388110756, -0.39852220520607384, -0.9919155545356325, 1.4811140934013913, 0.900505623800359, -1.3591038209596102, -0.215319071419448, -0.4187526648819133, -1.9434691605198242, -1.5394245242754176, 0.22468019442248244, -0.3224485817303025, -2.017002134353765, 0.4976983682396765, -0.8248606632932535, 0.08077934801215869, 4.3206870785929314e-06, 1.259450800980005, 1.2314366971048867, -0.6589012952158609, -1.0192332858034066, 0.9856334156672604, 0.956290144999988, 0.8666573091429988, 0.6077983049352947, -0.15044140791170316, 0.2741410546602233, 0.1987597247821666, -0.495733629509541, 2.296869164225967, -0.6787008118525991, 1.6408947703725103, 0.9328897397090354, 2.566247254672215, 0.9344250544324121, 1.1913092188801515, -0.5001373046532771, -0.8491526423864862, -0.9075824632496855, 0.14963116595616144, -0.9427142692275242, -1.108504579753634, -0.35457863751958657, 0.3712559155258019, -0.18480634510213545, -0.20446717123684144, 0.0650994013655738, -0.9228328372669015, -1.3439281077547451, -0.13905311447581076, 1.2961543815547065, 0.27015312395025115, -1.4559659583851277, -0.5573661219794501, -1.76726752085615, -1.1828323377750103, 0.4251947900208024, 0.5572692660318037, -0.28872607444554, -2.1020593116817494, -0.43086738559713633, -1.3019472350221635, -1.4871062089635412, -0.5450964715473039, -0.24653860357805646, -1.0717194753880412, -0.1068744137655638, 1.140260096798745, -0.24973024320832596, 1.771050074312677, 0.7327311321270216, -0.05091507233892772, 0.7396599744447363, -0.8003765244106882, 0.29608534111282103, 1.4833995406690148, 0.3062989283365714, 0.28983302490276464, 0.43632334511113013, -0.311214715052538, -1.823780015772193, -1.6347951092353197, 0.19687662790722193, -0.8917416991525927, 0.2279159690563356, -1.3617675159191625, -1.3792619077450428, -1.7191670142613273, -1.312136572754073, 0.20508909933537844, -0.6292416132991325, -1.0720911703497247, 1.5511378722493054, 1.0690995725264183, -1.8252260081116727, -1.781405125724142, 0.17993673666754476, 0.9121498644911205, -0.5662264106012198, -0.3141951637230709, 0.7559361006257364, 0.7041525445923996, 0.1938370211102215, 2.738717313021837, 1.8583512924997476, -0.6800114185497669, -1.1924873410833003, 1.5519314695544593, 0.35248445916944615, 0.7531019740621697, 0.6680418055005825, -0.3081409553993094, -0.8249551783585455, 0.22677906994852373, 0.8547740163032116, 0.06013073836454706, -0.34942817111792956, 1.604596944668588, 1.2843218465388597, 0.8045574484364352, 0.37592811746339583, 0.741534005456939, -0.5749746457654518, 1.7521421777062853, 2.030736076097347, 0.16437976793643758, 1.4734540722741511, -0.7950360189265822, -0.8377494466859419, -0.4719386374846037, -0.06364425674447532, 0.8306650760885471, -0.3555322079578202, 1.6589803468010513, 0.16486801384409042, -1.7145460606297938, -0.9272881132163868, -0.3632742744428181]","['v49', 'v44', 'v64', 'v78', 'v87', 'v7', 'v37', 'area1', 'v5', 'v13']","[np.float64(53.532985660386316), np.float64(15.509954890146533), np.float64(14.590910511435007), np.float64(10.405974169428472), np.float64(6.162779477942954), np.float64(18.455638303736063), np.float64(10.13972184050428), np.float64(31.431862478481417), np.float64(90.7140837060219), np.float64(16.890754223824334)]",3.484982962997445,3.549442083306935,3.542821335901841,0.8837691509868133,0.9862542970050303,0.8105363641980621,0.7047948878903669,4.865841504284814,4.8658415042848135,4.78757205404942,1.1291474932699201,1.3106686277523671,1.0499158756063136,0.8330624612863688,0.9753014491690357,0.9886327920533763,0.982595346362739,0.032128003898537656,0.04288176493432261,0.05089222051851342,0.00923656568483372,2.82464736597666,2.937891637614636,2.8930543314275257,0.7947158505754007,0.7619051454157479,0.7104417781224237,0.6018201889997552,1.7111669434057626,1.7216463853722581,1.8227874051596145,0.771062538570545,0.7532660778227203,0.8867179524932318,1.0089529733686384,0.9738049974813859,1.0252087881264378,0.9745488910590432,0.20257048919501655,0.19427343479087278,0.1868323118470967,0.16406540626567534,False
f682_a,m1084,"['60', '61', '62', '63', '64', '65']","['595', '596', '597', '598', '599', '600', '601', '602', '603', '604']",f682,m1084,False,2,forward_no_out_standard_k10_lda_nc2_sex_on,forward,lda,,standard,10,2,32,6,10,True,0.9747912883758545,0.025208687409758568,0.08153398334980011,0.9184660911560059,0.5381627678871155,0.4618373215198517,-2.823460964138343,-0.7815160322081535,2.7283866688040392,-0.4758491244115378,-0.027147246465118933,0.02479681742090341,"[-2.095617607176627, -2.404630191794675, -2.594925147779513, -3.1003925493558557, -3.571792311880101, -3.173407976843285]","[-0.27246979866653276, -1.299431645296113, -1.0234670996042532, 0.14090488884886238, -1.7029340698148052, -0.5316984687160797]","[3.622417683898244, 2.6617342656106, 3.169262928879517, 2.604030184200556, 0.962596204055782, 3.2170609740141884, 2.7787449118284293, 2.694941874035738, 1.9506599776190956, 3.622417683898244]","[-0.3118644156614012, 0.6335371564427352, -0.06649979033812789, -1.0115611715796564, 0.7837216818418113, -0.9248940634735279, -0.05667377951978541, -2.7787692039542478, -0.7136232422117763, -0.3118644156614012]","[0.5864690195325241, -1.1465188621074267, 0.9571315331053584, 0.03175615754959556, 0.7300972756513453, 0.9878240805244416, 0.041088035781737794, -0.4423273725594023, -0.5099999907936168, 0.08175743969939643, -0.435016435125445, 1.6474073130069955, -1.344548503172294, 0.9300652168091713, 0.5719409867571464, -2.0494613837880333, -0.5075111232869942, -0.21651563807634752, -0.23965727109249033, -0.1946121049968144, -1.1839978897020738, -0.813534369772482, -0.8649837377742504, -0.33183915985799667, -0.7433388264896443, 0.2204294098851683, -0.21253602702496846, -0.24950017195726, -0.3116968319809125, 0.5430377622425905, -0.15781273907151602, -0.45401369679291015, 0.03294621776094313, 0.7459526609851592, -1.2113336760659401, -0.5187916806144848, 0.8670329405645412, -1.667596268465944, -0.9947837440526106, -1.3464922662912593, -1.004020949683093, 0.13990649607853453, 0.6928175197463168, -0.4405013183040858, -1.3970740423278618, -0.4298476454194734, -0.5774935753145898, -0.49725484519114055, -0.147056337269034, 0.7632264610992748, 0.2733655948834925, -0.43896745205724025, -0.6273201316239716, -1.08445609026253, -0.8242493265811092, 0.19694921889035133, -1.9485605076924415, -0.10182443306109762, -0.6933059245807943, 0.11542073518964896, -2.079212880480041, -2.0398438508896293, -0.9816368806969044, -0.4165376260161385, -0.9508021218251902, -0.7769158228959736, -3.0222493353268307, 0.163228303718895, -1.1000547063876365, -1.1919963917617302, -0.022967665488233018, -3.1359279220303513, -0.6020095865928099, -1.0630867665396844, 0.5209905464153884, 1.1478874141303022, 0.1062545119010945, 1.6085557869457257, 1.1646725065744679, 0.0524084726146139, 0.9314170009230501, 0.8454281260729983, -0.0695983288062903, 1.5772733672465407, 0.4204830539776631, 0.39715916084667685, 0.6456877144450681, -0.10640633403060361, -0.38683780009978636, 0.9274104025119496, 1.0326759023103964, 1.5069583034916034, -0.388901895060872, 0.2573950004536785, 0.06022686010408061, -1.2714763378004312, -0.1724272891379549, -1.1096560065506351, 0.19647003804513286, 0.9845774167468926, 0.04664025631647685, -0.5136227996380169, -0.9252032456664314, 0.3986087245127876, -0.4854567929586063, -1.0857850152149358, 0.7634269587364003, -1.152949057100725, -1.4973140126813609, 0.6788527772675372, 0.5949610792593842, -1.182431982928115, -0.6941149145577933, 0.29502611146799634, -0.971665970097332, -1.4555853029336154, -1.5798293282835676, -0.19141995544012386, 0.4169763016112105, 0.6921596087180889, -0.2700402687104103, 0.6146039199624928, -1.0925611368395882, -2.0656567223370432, -0.8347758369612723, 0.35611075700533557, 0.22174348006752245, -0.7547006513604491, -0.35292579158212106, -1.1894970674440217, 0.379972235324396, -0.07062185146341195, 1.1907202254558844, -1.1593169945815234, 1.1771951543042745, -0.25797492961424634, -0.563272615240128, 1.9880199610800444, -0.2911301448398838, 0.7417952977793318, 0.5614552045240696, -0.4772940023626398, 0.10670142884459069, 0.6395013236659906, -1.2576048577306105, 0.8502541690323667, -0.38827182574389724, -0.10752466772256848, 1.0050458203699, 0.4030866854067092, -0.6133613819608222, -0.5846197119580498, 0.7745078700534809, 0.40718376669350503, 0.24805644427889972, -0.4722603051955274, -0.9021792181804464, 0.6922066404605763, -0.8949682722397099, -0.38978629257541597, -0.23587224546457186, -0.7305350360290651, 0.30116289265976576, -0.6079273887319342, -0.9611268196164643, -2.5397474116736882, -0.7572058984971102, -0.4514012161105543, -0.06874282540072571, 0.3326701056978357, -0.2501588438972666, -0.6320995245507816, -0.18374536241183384, 0.12674017157873435, 0.021131224104888432, 0.12809701469603166, -1.0762800230824414, -1.045623264077452, 0.06200480994401737, 1.2143864213758844, -0.15446025422042514, -0.6564009578270084, -0.21415846404056094, -0.15673053703704615, 1.107908466547381, 0.030485105235252066, -0.35901127179447684, 0.29435153895728494, -1.7308758616623863, -0.3751554627344613, -0.5998662047339832, 1.9786985534495258, -0.6510603760267999, 1.7313789996091447, 2.3515047516961753, 1.5460150056394875, 1.951422002508884, 2.3819985395114793, 2.099457654478228, 1.7648838309505923, 2.2021982431769493, 2.0166172142716725, 2.112782996682263, 2.1502553998116167, 2.102529829377582, 2.1993590920316786, 1.8274823234637565, 0.8020638144331996, 2.830177275557764, 0.6180671409699525, 2.2469364466295634, 1.3966124871809629, 0.8977221793226674, 0.452751998072986, 0.19522245022178886, 0.5958769264347238, 0.11843369447601586, 0.019946933890290466, -0.2435914984671014, 0.256710449361568, 0.10464055601500778, 0.6155270576729868, -0.0045004065456497044, -0.2776819827459937, -0.5187209359824811, 0.7055406439589097, 0.43985092660839814, 0.6942662002771461, 0.49161471050140826, 0.7260294701930282, -0.9874886986771146, 0.5975192706790439, -0.07744956921608151, 0.8463106750185666, -0.8667523898919111, -0.9612996266641483, 0.7154499004840529, 1.064652987047176, 0.19314135333921575, 1.6268242746200345, 1.815533304529868, 1.2099930754667807, 0.2741767044304234, 0.9221603200367471, -0.3597517414150498, 1.323550806417119, -1.492777487847893, -1.038378750989657, 1.3170842737762138, 0.7900740869655536, 0.24613649811165286, 0.9084971159922915, -0.05966094866229508, 0.2365261379466247, -0.787586945947332, -0.05479629122849046, -0.2530153341892082, 0.2776380250231227, 0.25303588021309925, -0.18145231945476256, -0.7098370548367103, -1.446907263163349, 0.8449796275623841, 0.08081976809639983, -0.8710968157832397, -0.8724923697351521, -0.005064273801883938, -0.7188686366399509, -0.017766380640545507, -0.15362989385681325, 0.2891275910051275, -0.007891970317893987, -0.5247276632044164, -0.8116668841046002, -1.5060214050871124, -0.6150965174249466, -1.3315977029517645, 1.17683563309286, -0.013629889707263853, 0.9603861172130654, 1.7459832726783766, 1.3825712967465584, -0.10167169795295655, 0.7118046909891189, 0.4880113662992021, 0.8573255780303272, -0.3983353906970953, -0.6857391922971579, 1.0224590737915151, -0.36041518125802763, 0.8796709071096163, 2.2378367732309905, 0.7080823330993795, -1.270189630715147, 0.3282096517173144, 0.08032735829872528, -0.25693654935731813, 1.3656447188028413, 0.7341538636216342, 0.36553544751674344, -2.0853096328077503, 0.7390508696040587, 1.7262381924270207, 0.11471044637367235, 0.9217816283811637, 1.8021274852823967, 0.011224986802769992, -0.6215199078809709, 0.6258315588349483, 0.6596595002284551, -0.761076393302858, -0.2569556659948664, -1.482804365128248, -1.0155220892903103, 0.27985693956915175, 0.19213299166695372, 0.14780635686195778, -0.9326417923261455, -2.2341089476101033, -0.7798289107153848, -0.19936165033682507, 0.198026426952487, -0.35789542793770796, 1.6526249601808305, 1.402768040638569, -0.3607351463222754, -0.18857328002000878, -0.07988895651993962, 1.506825183266704, -0.28133616901531466, 0.6667921909125097, -0.2747321671449578, -0.07480581274511766, -0.05612422845509311, 1.7952782354656127, -0.692956068604678, -0.38682340886293676, 1.250236577351552, 1.8635396390142722, -0.534163760331507, -0.3803032935178203, 0.3922151833580799, 0.9152449602957762, -1.4050785728694484, -1.407964210054811, -0.29973243636557756, -1.7839364426441633, -1.675005606972206, -0.8221794310407964, -0.3204045296560294, -1.0338719999037045, -2.0381766568785875, -0.7310339908692789, -0.7804452497098551, 0.10834465695085163, -0.5248422313658945, -0.6910780313658839, -1.3893151305131832, -0.5233898381303272, -0.39917467505427334, -1.5961751911539634, -1.4137920805939295, -1.0559599564977475, -1.233782014046032, -1.1002810095768423, -0.6737836296878718, -1.7919825677746861, -3.0024297845018744, -1.0334486815392843, -1.6750504217175446, -0.38373015326536825, 1.2518361596786773, 0.040520118235405786, 0.41435791614965367, -0.18022033073099886, 0.9421933396190896, -0.4856620253746168, 0.3740466484416624, 1.0876004340518999, 1.3202286245138117, 0.9303086886751162]","[0.1196635103078996, -0.504711111024687, 1.2545815468320216, 0.9933386189877709, 1.3498451092366195, -1.0982214023291643, -0.8159852203660908, -1.5297421696753388, 0.646898689990951, 0.3412823696925374, 0.06353202552782547, 2.243384065242858, 0.5605346101138416, 0.1839549479315276, 1.0565796957101907, 0.8432369282284788, -0.9533143220537255, 0.5788104346882408, 0.21635689570721847, 0.6012952036020814, 1.007200180817505, 0.11000999600048972, 0.41818265417581985, 0.39715345798743756, 0.5805377174968314, -0.23017522494266193, 0.14757515406963007, -0.8477086460034361, -1.0568019944817844, -1.4988014265776062, 0.6566376098789095, 1.117543176088131, 1.412692387163, 1.0244451631151623, 0.988730289010144, -0.2286190321278774, 0.9865397128297114, -0.2315517373801073, -0.1847223592483247, -0.401850869508443, -0.7255128096667872, 0.4240679487887988, 0.05400966859219214, -0.0722739973018317, -0.21098599634879078, 0.9590599576577661, 1.169579455231332, -0.2715829314291023, -0.5840897784590993, 1.2930150986253584, 0.15609934949072238, 1.0119051137041155, 0.2236876118039966, -0.1572264467938277, 0.6775807488831531, 0.6071186159392302, 0.10401375863581216, 0.010362946838759293, 0.1271696328609274, 0.13709889207109868, -1.1310257519602291, 0.42149346857782105, -0.2798599880027363, -0.2768295624904046, -0.5497807862698421, -0.7653405848338041, -0.5564998896155294, -0.7737021033106728, -0.4089698713964087, -1.283497134387297, -0.01472360358933706, -1.3383620232453646, 0.4852851917789112, 1.1307533399310266, 1.4748292215846437, 0.3760661438709653, 0.38358002037187794, -0.42408719485664803, -1.073979259391564, -1.237332597933638, 0.9111200340391387, 1.0498203336656233, -0.6972771219089376, 0.16695294533575475, -1.1961501378075927, -0.2251534787178356, 0.1753466592608595, -0.6317572716531985, -0.9531114998189945, -0.1823571837068268, -0.4287517777084244, -0.8999577569449487, -0.7964416917583659, -0.5976251362567675, -1.0705336634214833, -0.05515974785705788, -0.2688436868283375, -0.5075662484662722, 0.4085277206821366, -0.13083165262499652, 0.08285119566081034, 0.776101565451816, -0.09080401888070316, -0.31748430458798405, 0.6035214663555685, -0.3087313362050408, -1.0384501058856817, 1.010849053628484, 0.8989358980776435, 2.3638613121623275, 0.22984011755825967, -0.7795751302344126, -0.4686366944543745, 0.5910371479601719, -0.5133959322078834, 0.8749589818114412, 0.0845253184194799, 0.8171456335971001, 2.1333642843611367, 0.5015048169833556, -0.02871702078787988, 0.07365570384583124, 2.182434648696095, 0.4004353420248758, -0.39380282493379576, 2.7635212602898593, -0.3794674650079555, -1.0214868809389823, 1.6793533906775122, 1.22901610334671, -0.0027680311094755005, 0.7633727154911727, -1.5890050116197696, -1.035006919790348, 0.050517221827895406, 0.02640734406686695, 0.17127858087729825, -0.702254045769869, -0.2064282687901869, -0.019120796103325705, 0.5063924457612697, -0.8157703885695515, -1.3539696788776723, -1.6754759833782886, -0.15017130488858174, 1.970979574642458, -0.3742153843328893, -0.48523428113038825, 0.05504923309981904, 0.6094457641306443, -0.29080316295232245, -1.5542876234552307, 1.366260962056912, 0.8150534652096082, -0.39658342679494724, 0.012742904542478185, -0.35300908405290854, 0.2931708667796258, -0.8545824875844173, 0.3781785099740011, 0.38431620940952055, 0.4569439807957909, 0.9347549080991109, -0.7591799714263178, 2.3319062612431516, 2.1819229893941956, 1.3579487573546734, -1.136208090264653, 0.23424109151501027, -1.5394152766116767, 0.873361676216452, 0.8310605151525905, 3.0753109596068375, -0.2446052841347998, 0.23250328945890741, -0.43477153266848606, -0.20276021802141603, 1.0499406086503649, -0.5650493171928221, 0.1776299069529201, -0.3612125728908831, -0.7880958983578209, 0.9763313016664276, 0.6592436473825704, 1.5409423752644844, -0.9014517677432032, 1.1045871620336496, 0.3274931436543671, 0.3450874755375604, -0.7734103284054238, 0.29900514158207103, 0.6429542640507896, 1.7115866026200026, -1.4793478576082397, -0.2781495508372436, 0.13957166533397544, 0.04071314119022198, 0.780150238889716, -1.18157688398669, 0.1575438858268086, 0.13016357180258603, 0.2768732078585164, 2.1188609612689886, 0.05408941968785633, -0.6698545160560105, -0.7063208679809562, -0.8033988137276185, -0.49879694266237184, 0.01997271021251158, -0.4190821738969208, 1.0401382520935685, 1.2249177908624629, 0.4715729108566605, -0.2890762754272527, 0.1860132878590245, 1.0640923828606872, 0.557815618660009, 0.7099091356258, 0.35580082765047844, 0.6361706395649996, -1.6368444126794235, -0.5538238338778391, -1.713700808936907, 1.0057844561977902, -1.508041355076138, -1.3602368922417816, 0.33982085796232414, -1.3937906677733156, -0.27761078422538055, 0.29783330473656444, -0.10234019319199275, -0.2958909603228524, -1.238691581608028, -0.9510264677264954, -0.8034207267335661, 0.3156691473301431, -0.0455138429586134, -1.8067948845117734, -1.197754660460909, 0.11404569326218748, 0.38794189762919085, 1.2749077076737574, -0.6086048728757474, -1.4452859719816074, -0.6446019338700159, -2.4126822619589405, -2.316364896170815, -1.8239204079543887, -0.45953089580763135, -0.6739683965641108, -0.35392803231208003, -2.4687521961191785, -2.0746078497441833, -1.2840511495586346, 0.109865694416774, -1.513965781494781, -0.7622414773015361, -2.02313039303999, -0.70028124346846, -1.0084786814696969, 0.9584755910005913, -1.0708519031281145, 0.35938918336901576, 0.2646528054198109, -0.8302987913235795, -1.2011204869590935, -0.5551956580703999, 0.6696566526460732, 0.5259733317182602, -0.9181468181555916, 0.06802879368264604, 1.460283403936179, 1.3399816208064714, 0.8609861688810173, 0.8034304936962229, -0.008807051749748582, 2.289419288064424, 2.559339307587069, 2.2808561535504652, -0.737332153212748, 0.1723409916955927, 0.08822729758313569, -1.1560879452333277, 1.3801677784469604, -0.8745200530289288, 0.33812572700999377, -1.4139303009740642, -2.277144093792863, -0.25825208107446446, -0.8871477713870255, -0.13979458102902914, 1.1122577683458448, 0.18429538447088373, -1.528125617386197, -1.0187872479175974, -0.1285617104989205, 1.9512863320986358, 0.6281314298157259, 0.6279054831812058, 1.162786827394869, -0.5830720643304362, -2.3436637560452644, -0.124226518584007, -0.6628619446624134, -0.8145559959762116, -1.0485349925157499, -1.388305535222071, -0.9887358866976445, -1.4954530128890915, -0.20956244937148363, -1.428210396176597, -0.2513649178037773, 0.9255232075942962, -0.7942870903873082, 0.945096594475904, -0.13983025582720254, 0.33106674000818637, 1.5518154363616372, -0.7375072929432362, -0.7988569857923113, 0.023535629207820558, -0.7582086022084557, -0.0019080065240368357, 0.4402065031331204, -0.31477350986515706, 0.6111790965990042, -2.206601024591368, -0.507865530198085, 1.7121163876322718, 0.5810543521200315, 0.8984677337347919, 2.7899825417622157, 0.5666722001830572, -0.3222757958320409, 0.6870917093679674, 0.7746543851680343, -0.8936130636234868, 0.07723983159962602, -0.14622206517893266, -3.039792336059157, 0.736840526291147, -0.47462226094409404, -0.34993615538503325, 0.1649284530089919, 0.9533538855944285, 1.2114082363472345, -0.8141593838698242, -0.2764826791427519, -1.54973310884079, -0.8079723721339425, 1.9402461009397114, -0.7188477502376961, 1.0963118229348539, -1.7566352098928284, 1.7971031520653806, -1.0301666884061942, 0.07834465638455278, 0.8266583815622791, 1.3475658125384784, 1.1086026696144127, 0.5462985332337418, 0.2667763577248341, 0.6422922711761258, 1.0412852287462482, 0.6364796646922697, 1.5762012453374084, -0.10905244542626057, 1.7078333356170166, -0.17513031406463336, 1.706460658895568, -0.5868401130592062, 0.6545929170466843, 1.2471361802700656, -0.17705715249658197, -0.7490746866548541, 1.5342062411864736, -0.264198426016448, 1.3687983685401113, 0.738595731435932, -0.610788888433185, 0.3287643688089831]","['v44', 'v51', 'v15', 'v84', 'v39', 'v9', 'v113', 'v52', 'v104', 'v38']","[np.float64(125.3454843557203), np.float64(12.210407772534436), np.float64(7.628649641965842), np.float64(6.526612123703311), np.float64(2.4143607223356747), np.float64(6.2253026692898965), np.float64(25.882281853147205), np.float64(6.320766394890952), np.float64(87.31959979876301), np.float64(17.250511605804405)]",5.5602557852971,5.68163294349819,5.750659116680884,1.1677632761147858,1.1085267630156017,1.588953573810668,1.379768790336075,5.857514540738997,6.501957057980202,6.650032505206852,1.5323015496223198,1.5365109616286434,2.003840406286994,1.8581197222097734,1.903597049859593,1.8523235578596513,1.8945259011623792,0.04380533716389102,0.030199665199941994,0.14425382003878265,0.05406154940023111,5.551847632942382,5.551847632942382,5.718035291074871,1.0264226698688228,1.0269618466295802,1.4505948988903357,1.2664009963950928,1.2431011438382567,1.643316817434424,1.684601812468546,0.7240813514226379,0.685951284889533,0.9053337356282706,0.9450012310727776,4.331073403897011,4.936191929620179,2.9980514460768894,0.21441085306497387,0.2088547717466387,0.33346000632250167,0.28854610586222673,False
f682_b,f682_c,"['66', '67', '68', '69', '70', '71']","['72', '73', '74', '75', '76', '77']",f682,f682,True,2,forward_no_out_standard_k10_lda_nc2_sex_on,forward,lda,,standard,10,2,33,6,6,True,0.9699882864952087,0.03001171350479126,0.9823946952819824,0.01760532148182392,0.5381627678871155,0.4618373215198517,-2.424300103146256,0.7385664482595423,-1.901976820336803,-0.9343783607108157,0.0681303452517018,0.003083652164586953,"[-1.6452836014365941, -2.4098183037428704, -2.5165458702483074, -2.2166471347943926, -3.1230997984032873, -2.634405910252086]","[0.21709428190063274, 1.5551889779520143, 0.5932419414584288, 1.2107820407148728, 0.7488097108431259, 0.1062817366881794]","[-1.7336117576026733, -1.693906430250407, -1.9593183893146864, -2.234371755638894, -1.2052998372114465, -2.585352752002711]","[-0.42717502401851437, -0.25327703372542293, -1.4654718123093289, -0.7379067794702083, -1.4924071460369408, -1.230032368704479]","[1.1434785707492572, 1.1973862544831064, 1.4846053195998195, -1.028695308600221, -0.653473591819513, 0.3623604636950764, 0.8229237581165697, -2.187768937242954, -1.2136722668207447, 0.7996542775576809, -1.4644236209692822, 0.38436637829424647, -0.19639162451062242, 1.262095643794636, -0.9076513498610849, -1.08954585236976, -1.1560759046395086, 1.781031937281385, -0.37842795060136697, -0.7942814302067697, -1.0923433480979463, -0.5239311935529748, -0.2564830846217656, -1.5072790916389411, -0.9380896402516661, 0.2033161665060225, -1.6640097464124255, -0.21105430882086856, 1.553529040086087, -0.3656014005701782, -0.40668676161512707, 0.163651530206463, -0.8525759345397491, 1.0394438805010484, -0.21734811576994192, -0.1661969571177424, -0.0860076388328746, 0.44408839750724266, -0.27571586081667243, 0.16243255212242974, 0.6152141629991246, -0.4875166252831073, 1.1330267482663998, 0.16395255211973708, -0.03654059250591685, 0.9751737737796545, 1.0313927593903196, 0.22881009327646637, 0.6844276155575508, 0.47815577833860906, 1.7017003217187854, -0.8257232283075646, 0.08646308587424809, 0.14170023690348427, -0.011889189997305986, 0.8762616687085937, 0.08419023837494122, 0.3995676563234794, -1.6428577873674264, 0.35008413345827905, -0.9014896205142354, -1.504599341304427, -1.4565062686940649, 0.01318122123371428, -0.7303371503575065, -1.1025631303298598, -1.6666560834379291, -0.4806196239876496, -0.7827711694999404, -0.3990300205827488, 1.1675967766912039, -0.37556720728532306, -0.3301738444383641, -0.9957248456563953, -0.6349054532886494, 0.8142189569713331, 0.38366199857308864, 1.7177548281732156, 0.7183620766378851, 0.9498111096213874, 0.005166287557596162, 1.0219127380502897, 0.8460298038105236, 0.8836307891985355, 0.1591295082406411, 0.30396278142786437, 0.717961107608332, 0.7030127762751464, 1.384460091753605, 1.7647208347832264, 1.577360334949463, 1.2798285315699314, 0.639860602945239, 1.5159676988074409, -0.31840272542312414, 0.29378082319672183, 1.1625131394302175, -0.23569872358249336, 0.8422085487788158, 1.0650784345904338, 0.5245120674170523, 0.6289632424515842, 0.024460334026452715, 0.6802988146354638, 0.5586058557783316, 0.8255382197057799, 0.6942453500804237, -1.0669198716181971, -0.4787614173141858, 0.25106130139861493, 0.8648533198235578, 0.9555893352630225, 0.5355446785786042, 0.691157162796892, 0.5287278185755816, -0.6923645960667505, -0.5036774488471498, 0.4981187181367886, -0.18651936495400193, 0.01492364384300716, 1.2134224698241487, 0.670822546303873, -0.6025689809757385, -1.5718054249667506, -0.427367528885762, 0.17785546630588203, 1.7362928715601038, -0.3056577630786228, -0.27863528002964605, 0.14722631937287478, 0.15580752190215738, 0.5429457053353078, 1.4894835841729672, -0.31957945949881716, 0.27359722545559817, 0.016504193238201317, 0.058079024274565114, 2.580651388726844, 0.5046699475552943, 0.6392125668161148, 0.28521181720059546, 1.011621603046008, 0.9356020855417188, 0.8655782683653506, 0.26118969497163963, 0.37720027281739144, 1.0415610001056792, 0.18434405541757257, 0.23208846190268964, 0.47233982946115094, 0.10818304691947615, 0.4585099528578886, 0.8892508640671906, 0.32762991378829887, 0.39352018344074113, -0.7489060357837505, -0.8342850752216027, -0.22265871132707185, -0.6931818571054884, -1.0561154615856005, -0.30024940249926396, 0.2800401032006873, -1.3566137667598357, 0.7223008543485195, -0.6331079206878989, -1.6108933190007084, -1.0999940649169748, 1.6969004186113712, -0.5879875787119471, 0.9746091615834781, -1.2097649139713558, -0.26946246976698296, 0.22139756909008357, 0.14360441014488234, -0.3763208668970377, -0.07934031503424581, -0.8438165566433312, -1.2598414478961302, -0.8568464550490048, -0.17390037797450564, -0.2922218754502959, -1.3578461835863187, -1.249165710808339, -0.6134283353761786, 0.21418012134386707, 0.11639054796228274, -0.6705227327149735, -1.6531561510886952, -1.8953149425939162, -0.19896401987807277, 0.07215385669256157, 0.418026129320886, -0.8816193865850748, 1.4873163644518743, 0.9397798122097115, 1.43339885432408, 1.3150560169523502, 1.590776864233967, 1.3779805861490861, 1.165081760328179, 1.5316589097951818, 1.692019670492513, 1.0586405225922502, 1.7252894332337547, 1.4642073828951037, 1.6076144248141355, 1.0772553135552907, 1.184204409395939, 1.8016978507270303, 0.6251024764685025, 0.4043132197731089, 0.2840427570162328, -0.07276697464712657, 0.5918648869841525, 0.19197122760605675, 1.0564945797835876, 0.10080193357101819, 0.6571254538499964, 0.2143852549292531, 0.970567426565376, 0.5496466781381627, -0.4199872748968106, 1.4457142607670002, 0.4722091197218255, 0.6428495004478244, 1.0604567830721634, 0.7516330299104989, 0.8618519591409355, -0.566824822820878, -0.9749124312033715, -1.755591402358776, 0.15926240610395886, -0.7509645745311687, -0.09563033339511087, -1.1933559857164104, -1.6044286163828823, 0.49290880095200645, 0.164140975537684, 0.24008567021414012, 0.5884408033175857, 0.8125761307966822, 1.2961722741277886, -0.2018573452287619, -0.26505379246404953, -1.3097532542304733, 0.3575923332534463, -0.2640117327631364, -1.2189547154808962, -0.44385803032334936, -0.18028662903453346, -0.7234054889997665, 0.5372779982453105, 0.9775602648859327, -1.4072430776689695, -0.36936026745705003, 0.8881810696486756, -0.49648774436195897, 0.016302262218640062, 0.7440977983707764, -0.5122742888269658, -2.0283615011118252, -0.7217722846908637, 0.6892160679374933, 0.9194710000729631, -0.9708738016486593, -0.907804813968085, -1.3270092767717763, -0.17902506986890424, 0.3570187752421976, -0.7872108562976466, 0.40624492057733963, -0.7229963615660656, -2.0282274494796537, -1.1174910207061393, -1.818812373555967, -1.3045103684604253, -2.331950658607804, -1.3481339844987255, -0.24256551498120257, 1.2832651364910097, 1.296527824936829, 1.3810318203092817, 1.7044682392162074, 0.28263206044570377, 1.5472790825701292, 0.9332965120885897, 0.9345455822754686, 0.7536276249320425, 1.5488986736499188, -0.23627491752140176, 1.6544784291331518, 1.0786043612347875, -0.625937301466597, -1.1774001982391558, -0.5570459778841882, -0.683229235176843, 0.11550014390684356, 0.2197501234134102, 1.2342483959415882, -0.30667944001487396, 0.17538199813647565, 0.947612361529659, 0.6814520647747851, 1.1788187226928506, 0.7674758380062514, 0.7745305303224431, 1.862845448183815, 1.0284197675492686, 2.2457768169382026, 0.39977926925496116, 0.9737187707021708, 0.11591592733648987, -1.2777670534355356, 0.42303578695275795, -1.3447576387643547, -0.9467625647989443, -0.08217654782912483, -0.8319080113864332, -0.31921118909612667, -0.006880810859827338, -0.6110427716294146, -0.922764694489629, -0.3515234169795942, 1.3187387506782446, 2.101441763248572, -0.3352834544491213, 1.5704956336413347, 0.8018709916588909, 0.7364648543898418, 0.6028391044858639, 2.1303331888364125, 0.15772569944245338, 0.8881834326227432, 0.3334735503335639, 0.16538338223238983, -1.3256218707352976, -1.0101801750501918, 0.9754157290267881, 1.495208861049944, 1.9710188013420384, 0.044464305815967824, 0.8803618981338004, 1.083867661384815, -0.24720302662246682, -0.9980451979243613, -0.24906853557240274, -1.1091651653995025, -2.4274657361388745, -0.48911553260882934, 1.3610023216412444, -1.876709910076685, -0.2938785686121449, -1.1164635571380201, 0.7341206063005994, -1.4659061548360408, 1.6234959625771714, 1.556195695825632, -1.6831828353096037, -0.9497545115435118, 0.8617732252773224, -2.6486959099890344, -1.5281719788578711, -1.7256844068199255, -0.9282790073373515, -1.951631365488169, -0.8653302143321178, -2.144388228913264, -3.007024501064122, -1.2621704557366942, -2.8146951853306135, 1.3811012836457823, -0.226779099390667, -0.4101848788086943, -0.8062220530656089, -0.7474141020452786, -0.728634538392955, -1.5771232171536071, 0.14681958729904124, 0.36533941686402693, 0.6726736056609104, 0.5103908137516503]","[-1.2217797809513737, -0.29739639314636246, -1.4980353618161912, -0.15570167300932478, 0.32683463456470413, 1.2126402203930216, -0.21820219051239834, 0.5066029115517299, 0.11880450924745067, 0.2409237796799116, 0.3127981057705701, 1.295595760743053, -0.40189660790915854, -2.128120134537397, -0.8967204692986249, -0.36513246458136667, 0.7213790772074979, 0.39317631520068785, 0.017783276889322745, 1.4990234019464301, -0.3606304199997905, -0.07302474502396994, -0.322333454135455, 1.666852459231598, 0.8730677350157028, 0.1984000557733422, -0.2953013620465437, -0.1980484144952003, -1.4896898017142737, 1.1436565209569762, -0.949417691837047, -1.4159637532677838, 0.39226699022928907, 0.2927078529420842, 0.4309593988142439, 1.455128905407899, -0.7734215668493604, -0.6852929911371171, -0.1661798031519211, -0.17082074819336723, -1.4425246610396418, 0.591888240528701, 0.7930141223987092, -0.21883036094391778, -0.06453981795119386, 0.6140560309473807, -0.671570239810539, 0.17826977473191355, -0.25171685749448164, -0.5476586894339768, -1.5405219175191585, 1.367381441198748, -0.2738492003314567, -0.17354650032314178, 0.3060223029111728, -0.19140252581109643, -0.756886550206796, -0.7861763983234992, -1.270676227284877, 0.24666959129320076, 0.0023070404393744732, -0.31136626354696884, 1.9572542581864236, -0.22045443053427086, -1.089987397280775, -1.4794799383565582, -1.1451015649050647, -0.04495105410229707, -2.0149943614032675, -0.6554180665714548, -0.8456113376099752, -1.260721189139055, 0.3471001425100442, -2.2724634846482896, -0.6132479760506097, -1.3049987111451147, 0.14145571963594167, -0.2230075737946376, -1.0064583509963465, -1.1325697180922858, 0.2320410295911744, 0.1676980594434218, -1.6245650795350204, -1.5362933963599186, -0.20675517883826058, 0.011685292717007313, -0.6571258730725615, -0.12387611969404401, -1.0588299400201149, -1.4934541351173376, -2.0091786467942185, -1.8485068473404627, -2.161375262654826, -1.6125421910737345, -0.323814215866111, -1.4107265609685407, 1.1184278883342178, -0.08080315864378866, -0.8801071846183471, 1.3447306365951937, -0.004639993063245148, -0.5236231071167593, 1.2599863108217957, 0.03726461817299146, 0.7842622396224952, -1.6097962363573086, 1.208009628542895, -0.6192979482234846, -0.7895588878585675, 0.18875363350423893, 1.4337125870489196, 0.1856939004191751, 0.4490234251952933, 0.7322896973136575, -0.8437518849341215, -0.8783295378680925, 0.0697101127886586, 0.33413798493484625, 1.4660305652729997, 0.5859269424497078, -0.09752368970337365, -0.39083820511877887, 1.0161514567981864, 0.20965068727151764, 0.6072716841691551, 0.8495632120744806, -1.5683696424712936, 0.4053175891254138, 1.524862568050039, 0.7928135368841951, 2.016608903880234, 1.0813453665786346, 0.7667658823947452, -0.6808695817712095, 1.563661999291712, 0.3162203475055803, 0.06452156302480157, -0.8805518404712301, 0.013069340861590735, 0.3975695452364012, 0.6216908315817644, 1.1798402201989413, 1.432348809884533, 0.004128681229620815, -1.8386216444764727, 0.5425539900156786, 0.19999429137832228, 0.03609693603780124, -0.6709944190961581, 1.6908011600819468, -0.5513254084096436, -1.3162383078665023, 1.670584950206652, -1.276379969274061, 0.6575506278087759, -0.11605026122090377, -0.21672222963846074, 0.09508177488684436, 0.6772676949513475, -0.48174444398325084, -0.12741299487492624, 0.5959240077601436, -0.05603904030007278, -0.045695769538528844, -0.9069590160711275, -3.1001288842765953, -0.24586503713731295, 0.46696312750834096, 0.6407061301726025, -0.2226040422923204, 0.5442240846563978, 1.0841331148903552, -0.7223660079721397, -1.5691999890769943, -0.7679862701540519, -1.3082952758363016, 0.4564822772895713, 1.090657929569576, -0.14920367958174546, -0.16181112423623986, -0.7786007362620879, 0.2597013021755395, -0.4634420569609062, 0.9742782513889997, 0.6091479580433703, 0.8568497411123156, -0.700178343060456, -0.12286663905185151, 1.0344982918019017, 0.48803297738904516, -0.3192489017207661, 0.8022907992670074, -0.11505082180963377, 1.151004012313276, 1.1400249491194498, -0.19047023987833228, 0.38934251316575663, -0.2749485797040365, -1.369145669817376, 0.7731374187211026, 0.6921108518372167, 2.2670652942525744, 1.5416094403086782, 1.7764654635232857, 1.2589063625703931, 2.2434600954676047, 3.9008652120983847, 0.9501852025835017, 0.6353866729261055, 0.817165743455019, 1.036009297815331, 0.5309398738728353, 1.4453667730499984, 1.107863434946599, 1.2033697109953967, 0.8347180568698455, 1.0643718488084981, 1.823984334920652, 2.334903227285293, 1.1531152813718797, 0.11126446922367442, 1.8651642386354481, -0.7238022703462621, 0.3893094543343081, 1.3313461194404757, 0.23675379419084094, -0.3508776439918242, 3.072739456733519, -1.7630435638761808, -0.829349724585368, 1.2857835180654695, -1.3550569763300218, 0.005627975852723079, -0.14329679633286568, -0.45596243034012746, -1.8208933367888012, -0.3303828117725549, 3.0198727101030385, 1.487926607863979, 2.2131013633522163, -0.9435754324626334, 0.767103573778334, 0.1701709498450004, 0.9356772432262705, -0.5104216474236545, -0.5316159812300053, 2.441885803663951, 0.10905851529509855, -0.4129706947178018, 0.33878644713663747, -1.0059192175017326, 0.5644010850170276, -1.1080118299910342, 0.5516225168464174, -1.4311159794634933, -0.7716375389811047, 1.0005472634344386, -1.716448413520308, 0.3221677398574332, 0.08846993217332001, -0.15190853506472338, -1.442100158132093, -0.13871135499390583, -1.8158845772714607, -1.6895435718726908, -0.17594791704388046, -1.0049301077148047, 0.09581369492832378, -0.6216145258680291, -0.2691359401257803, -2.217403050649706, -0.04357193906816368, -0.02188908028678414, -1.2722529293244684, 0.7104638843174056, 0.5995283148054493, 1.0204873211092444, 0.08181553639671389, -0.6609660762122431, -0.799838738817095, -0.16452782283699532, 0.7217544072040787, -0.1316090179913785, 0.8917842670820554, -0.9981317448011965, 0.26359298635341827, 0.8150019764823055, 0.25688841323185924, 1.6662316060644993, -0.9332353987478581, -0.729098982308829, 1.3648583464428397, 0.25152773458822725, 1.9594698379364837, 0.6419655727761059, 0.4557950565753654, -1.8173766288287354, -0.7082557013381484, 0.11452214871899595, -0.05464784719491205, -1.8665292447752817, -0.4125966978978049, -0.5353670310470352, 0.07032498719176702, 0.39553429611231317, 0.9414079249766872, -0.29638281847391423, -0.07738710749539984, -0.4284431867723562, 0.7728129630164694, -0.9899213578924264, -0.3804668726117954, 0.40833633799893965, -0.8829137927954093, -0.3303792704745652, 0.3215903661040255, -0.07039475540040238, -1.005420623613362, 0.19157394007579226, -0.1356668706314098, 0.35752814329589483, -0.424140336481039, 0.059231669731462565, 0.04423722085757369, -0.15035910500171187, 0.05247744811100929, 0.060741912146550274, -0.6399388866184276, 0.2715551088941643, -0.2607062711681316, -0.42280185460729913, -1.340233609991609, -1.8942606518028902, -0.31184348792814437, 1.5381400617197607, 0.9436598078962275, -0.2818708747026452, -0.9605903182517682, -0.5041926000008837, -0.3247461618325897, -0.9308784358080607, 0.16083684056456618, 0.4438666729448556, 0.27204777047016665, -1.0738061691462957, -0.4356184937764857, 1.8255385219294082, -0.8295313512545369, -0.4598323398420846, -1.1463261597922196, 1.3015754712357717, 2.242608854490042, -0.6286511178140264, -2.010133471113678, -0.9219756039481708, -0.9107394624507764, 0.5629648796418095, -0.1479331672026382, -1.0445354100449515, -0.7627434689928606, -1.1584473732052354, 1.3455796270351967, 0.7783048022569469, -1.0723032064606695, -1.0175357084178211, -0.30499101897644426, 1.3410785478536862, -0.3098115887213986, -0.8286333315356247, -0.3673538530491041, -0.13585443708921166, 0.6386040223274273, 0.08190737697076408, 0.9503204223608026, 1.0608329690684457, 0.9514783148112147, 0.07235798612904179, 1.1556404879928774, 0.5856735471422155, 0.7557556283779877, -0.17684095147676787]","['v57', 'area5', 'v68', 'v49', 'v63', 'v98', 'v45', 'v12', 'v87', 'v75']","[np.float64(4.660387123237704), np.float64(5.838931301077949), np.float64(8.133329039472908), np.float64(4.588368397781317), np.float64(2.914455039541371), np.float64(8.603153333709882), np.float64(29.853226814952492), np.float64(162.2995513272882), np.float64(59.65507423564882), np.float64(99993.43067229513)]",1.7525883560111062,1.8719821861259847,1.792774224072009,0.9951302987418665,0.9953101837984734,0.9531623467460089,1.0625458597979678,2.195268091779811,2.3403189054294478,2.3813201671244784,1.2753501419905713,1.2474099283695095,1.2366689131665398,1.2640034200028276,0.2699187319748635,0.2920355222784589,0.23660453404512166,0.042999553765520435,0.03480687869725252,0.07463504178319494,0.043387985508481,1.672944808970358,1.7170805876107498,1.6602615794716744,0.906410592369012,0.9064526636088948,0.8404894542923284,0.8517409944000378,1.1207327436610168,1.1576504922000794,1.1493994905144391,0.6293999163214693,0.6735331267810792,0.5416547617115216,0.6097136801115148,0.485454437412934,0.4826472622023097,0.4500193403202316,0.20816156264947536,0.1939105393495926,0.2210038584901461,0.22629773500470948,False
f682_b,f832_a,"['66', '67', '68', '69', '70', '71']","['109', '110', '111', '112', '113', '114']",f682,f832,False,2,forward_no_out_standard_k10_lda_nc2_sex_on,forward,lda,,standard,10,2,34,6,6,True,0.9699882864952087,0.03001171350479126,0.9847309589385986,0.015269010327756405,0.5381627678871155,0.4618373215198517,-1.9377531588498176,1.8331384922802234,-2.5376628702938806,-1.4114905751968363,0.07047899258494045,-0.006640124678477982,"[-3.201487757860068, -2.178841003658984, -1.9998508450617625, -1.2105410121498936, -1.7093783802793172, -1.3264199540888826]","[1.5657867981466735, 1.7267119152649233, 3.2303652814796684, 1.4233042208890474, 1.6002019243855155, 1.452460813515511]","[-4.117854257667404, -3.5318962924728945, -2.0841762790806944, -1.730413508583372, -1.3666319596987155, -2.3950049242602054]","[-2.35887674474979, 0.49573900523395165, -0.9346532824737372, -2.023622144312991, -1.7800664037998244, -1.8674638810786275]","[0.6349262760044738, 0.7585556730747605, 1.20010442828819, -0.9311544046870308, 0.07633846834799991, -0.8911609865080931, -0.8136599329969653, -1.8297339055677586, -0.6366310020858309, 0.056329227415947, -0.8623351880473799, 1.1988469315391603, -0.40449794487955587, 2.2752087617390084, 0.8065109317875873, -1.1587433099356852, -0.8277995768752815, 1.8877029722310343, 0.3717575986093131, -0.5091180464339575, -0.6579290286326177, -0.20690087290686746, -0.3307948648549141, -0.5007395463165394, -0.7646719680052968, 0.69456689080668, -0.2381199189852294, -0.8067352376439647, -0.3280049139444782, -1.0813758856538058, -0.3702164339844857, 0.8551559161093496, 1.405062059767575, 1.9796892396794135, 0.5445488276380142, -0.015215916884900555, 1.469065019005345, -0.5195311053224085, -0.2858783069153132, 0.3493031607175477, -0.707776283002769, 0.058379988683144826, 1.4422584174550304, 0.09141101398767601, -0.6523795869155821, 1.0694302317449944, 0.7153414340594468, 0.5127774727443487, -0.05510028917957092, 1.0091759386320773, 1.0015811221666802, 0.11596918185993296, 0.829187546940597, 0.4083995759264984, 0.2974888652473188, 1.2929046279754652, 0.12312188746163769, 0.5543124088120918, -0.9532149808533932, 0.7004350632871748, -0.530381661012576, -1.0876528359394233, -0.45415580679001755, -1.2910764724964086, -0.17862315503390416, -2.365423561076963, -1.9506552408252933, -0.907773804034655, -0.2810515170925835, -1.3635452131973527, -0.3183524729697719, -0.9901381830970304, 0.20803252323057886, -0.20739874783295645, 0.7826877898599506, 0.6908545152897057, -0.6267258358272781, 1.1340458157542592, 1.068279741573262, -0.37390438508947416, -0.03078627382450406, 0.98553892110801, 0.6254112919581335, 0.6445711703960664, 0.05168895290304743, 1.3007972965184642, 1.634670778199282, 1.4778154584399517, 0.2975544277094769, 1.022146971379628, 0.3003960698340206, 0.35312427823522996, -0.38952282026499474, 0.918671331491142, -0.5359521282877898, -0.8152290676594387, 0.46207869019639697, -0.7347308144946861, 0.46353537808923045, 0.44779545270576554, -0.467361638913282, -0.04013780431968688, -0.14823358990607216, -0.032409006550874454, -0.4913685530346083, 0.3007739379885492, 0.5856284100168555, -0.5090626861766044, -0.20866939242238472, 0.927118309591174, 0.1588859255283583, -0.7716036873558497, 0.7641629458108928, -0.6935841002358503, -0.8899680530141683, -0.39728723951057715, 0.6697606926576506, -0.141150662647326, -0.2917174530560389, -0.5335156551415073, -0.0843378123659462, -0.4288449585873535, -1.0042117152071288, -1.8836995758798338, -1.1102614845653371, 1.3739935764019893, -0.09978291625943411, -1.4034190984175325, -0.16226211246624989, -0.3865841526143649, 0.7267493496805068, -0.3126338033719736, 0.5093964639157497, -0.552544783615414, 0.09975449095331844, -0.14191007090523242, -1.00548833377528, 1.521214106473178, -0.1625016595599955, 1.0582122010741193, 0.35292065093395897, -0.8377049619488192, 0.018413732043972834, -0.1701052766143184, -0.034274251730489785, 0.46454810680877084, 1.436461972150491, -1.0820675378280646, -0.8356432111726961, -0.6558303516126262, -1.594039109679311, -2.058748468580936, -0.35397645399861005, -0.24072270984790117, -1.3012066219108365, -0.4270848747420354, -1.9044947533419108, -0.37721093780024645, -1.1998535553630525, -2.2584435139027823, -1.3264081002035626, -1.5700794176246669, -1.0229770550196056, -0.8185391145397276, -0.7148877103203586, -1.3538240486159103, -0.8914016712113897, -1.0243863010979917, -1.2516240839402821, -0.89948598223838, -0.8238958453724344, -0.4288965820125007, -0.5126906200129728, -0.6184123445123204, -1.8610160216226366, -1.4325200343904065, -1.2737253129110748, -0.8857098440703665, -0.7122528740422343, 0.6251556443886301, 0.134194034118026, -0.9974449161481391, -0.16183656361232926, -0.44403484003555094, 0.5710873894944507, 0.005282474751058077, 0.25030278168195386, -0.17365390032141345, -1.0305702678896151, -0.2850882730760491, -0.8596119431253739, 1.6169712350494063, 0.061521347599984524, 1.564547580724029, 2.3055066209670425, 2.689127733993476, 1.018483749466665, 2.4114360266323915, 0.8010870014142488, 1.1067303674957618, 1.7256009573841786, 2.1012816153216116, 3.018177417472075, 1.931970896118041, 1.7428815665295923, 1.5841177817902217, 1.108402097902967, 1.11251504122857, 1.9875668525713202, 0.05913879768077021, 1.3732526266483487, 0.6846942356194123, 1.4298465288324915, 0.6758084062797204, -0.8068310262112023, 1.18801872308399, 0.6608939315763787, 1.6835385067363149, 0.14179461549712624, 0.2160033701990614, -1.365339791372642, 0.5728390404133852, 0.6204953419633192, 1.3445616551953479, 0.6968296731162285, 0.15629467143993464, 0.06550381142807991, -0.4437272026039318, 0.20078002993967925, 0.701107930099365, -0.35869950640945475, 0.5514011486295559, -0.07708209944830129, 0.747885933453362, -0.3183393702817186, -0.5961359891907168, 1.9951305531815895, 0.6504840623668244, 0.8574211142469161, 1.7934731463852687, 1.8877034350111253, 1.9010418555243762, 1.340017045852564, 1.8297391210568297, 1.121875289570489, 0.5559953186265894, -0.34835346209933454, -0.003833059524308574, 0.806374334181052, 0.04355244963720335, 0.243523235857211, 0.16472701913730278, 0.10434152646837029, -0.40383367467795495, 0.7742237928190847, 0.44441896869227704, -0.9925317413601807, -0.41035372047540786, -0.018693303884443676, -0.020786195518635767, -0.645556371284555, -1.2035150267512782, 1.1356033122579718, -0.42355676104612366, -1.409796841522444, -0.5260007892046321, -1.25410574964196, -0.62027186895175, 1.0932934574566875, 0.30803080286983225, 0.5410475456805216, 0.014037132632454636, -0.08489951428351718, 0.5561791977534459, -0.746069947438893, 0.9852717925214218, -0.2265754575920361, 0.47819157265614215, 0.2308878724291823, 2.4941263873748523, 1.1896289117902688, 0.48644689880053477, 0.16469219211370148, 1.2907629544603945, 0.7248144360842014, 1.1582497606241962, 0.6527490371005975, 0.27343236356157746, 0.9687512438049197, 0.5093383486457939, 1.8219753967342835, 2.6398696013880896, 1.1646258844835977, 0.33305366711751905, 0.7345111060378542, 1.0985957891853824, 1.871121910733716, 1.4823542981328688, 0.9940751448646726, 0.09738119594198578, -1.2991131263577853, 0.6064288347869252, -0.1144728229344396, -1.077109634811466, 1.3597025093812825, 1.5973068200711027, -0.4869758519562792, -0.9466699424354154, 0.09257581479731915, 0.37469581069037233, -0.7735401419172009, 0.5581452736179385, -1.110392829448061, 0.762736178060547, -0.34497835579705477, -0.16132043565532295, -0.21245808791941626, 0.19074423420187395, -2.144233451397944, 0.06453378062369304, 0.2912500506990702, -0.3353573530580699, -0.6710835178452235, 1.574483810760962, 1.5209049433966626, -0.2534472190238078, 0.7299039931828708, -0.2990788363847611, 1.5766289797023367, -0.6219815154162323, 1.8197053084944885, -0.015099214730010017, 0.9712579605982373, -0.7075807963812758, 0.5129902659564641, -0.23969277307275616, -0.41418383536859715, 1.2258755892996445, 0.45947146322324306, -0.2782521448571841, -0.17212943554437893, -0.06379667389805427, 1.2020138849363127, -0.8797431587412817, -1.9216538744179057, 0.36012134565104037, -1.6752875392129611, 0.1190669279942964, -0.6336649682396658, 0.06119733546401358, -0.37362412064077555, -1.6245514204289655, -0.26477738537119433, -1.2227511567094815, 0.2916380411636766, 0.8902669666810946, 0.4117535048414971, -1.6728044307989205, -0.6024451607011818, 1.4093311341155441, -2.4121148565607964, -2.0288155282508153, -1.1152141440826593, -0.4560700045007641, -1.9736973199203387, -0.11254779121855056, -0.9318922675772883, -1.9412217702460175, -0.3262593917087293, -2.211784301690374, 2.0530677486947133, -0.26672262020534937, 0.2235850185274457, -0.6679884789895918, -0.4684699965528165, 0.20476315845723245, -1.2692296742070657, 0.7154622468520387, -0.1433741251293031, -0.11820223920220423, -0.05825443741383233]","[0.36815944877269474, -0.3857135177829878, 1.2825007361501948, -0.0881545961208032, 0.11400343603355725, -1.915130396101874, 0.017871535099800603, -0.9845310062267862, 0.891731800121311, -1.1206513742475281, -0.16238572246842128, -0.018441794019601387, 1.405428156124682, 1.313824693558808, 0.16384108215392112, -1.331583364082241, -0.4077595799152171, 1.3768936356412946, -2.4439407353352895, -2.346076774483281, -1.2421762510766239, -1.6490215879444996, -0.23455536755674267, -1.3695160983319747, -1.430461517583932, -2.0005359022282247, -0.41562891309272326, -1.9723974938959166, -2.14387544822766, -1.1249468610968525, -1.7637743855692614, 0.9905221881854899, 0.769017783077879, -1.1383576707332115, 1.087433687812769, 1.0592280965997403, -0.21279107261228644, 0.8659365562237767, 1.2737597626803618, 0.3267570632432192, -0.8193872087167682, -0.5712225856074346, -0.1255213275483562, 0.0651408451714975, 1.4253339590399872, 0.37881132493592096, -0.28938732990724636, 0.6947858175159762, -0.18277817269939836, -0.5679103131654499, -1.428781121615597, 0.07697735208149298, 0.9358278859593085, 1.180957767108147, 0.7902586351128412, 0.5473071455329395, -0.18891946494983852, -0.09281315839156294, 0.6235500377977398, 0.27406135020520195, 0.24251259118896426, 2.48718679157221, 1.3116115441748957, 0.4236748022988227, 1.228678906948315, 0.6358544380790938, 1.299126869717814, -0.8551048065834772, 0.2145134272352289, -0.23555456800457814, -0.2316740914230166, 1.2556830343252647, 0.3536251155862715, 1.2155015429003901, -0.362956439404038, -0.586060267434595, -0.28015872375502576, -0.8242889112683165, -1.2134530667736558, 0.9038824060957912, 0.12342882185563128, 1.5656407105293875, -1.802239302920609, -0.9191680360079963, -1.4547202341091257, -1.6966543946087838, 0.4880059487945965, 0.2006604615352741, -0.18444686482182382, -2.2200058764086443, -1.6697806980862124, 0.6901004176416756, -0.06590005373031797, -0.022148703298359947, -0.532229288715269, -0.1235227046056788, -0.5138484355613115, 0.8220368395992742, 0.0003262056242727513, -0.8738877579120907, -0.9507188176948498, -0.08417301565350156, 1.680422134851947, 0.16468702014745862, 1.2261746478041995, 0.4987797396486975, 0.05166022605206305, -0.33539086373578353, -0.02724352627760278, -0.08625184969979384, 1.5657849331639495, 0.7268280524186068, 0.7227602191968228, -0.07223934519126704, 0.7548638193769382, 0.010465009211936256, 1.4220149182986346, -0.650682263592725, 1.180017600252269, -1.0480318932785202, -0.5842443960763277, -0.18742089724318922, 2.170602395829213, -0.7491912765539983, -0.32272458570167717, -2.0973365089722313, 0.9261604159017253, 0.2594761537982011, 0.4664923219855349, -0.8398070046874287, 0.9870589664786278, -0.43920473576942876, -1.3046868831471832, 0.4608787618381424, -0.06402842678203381, -1.5743458069238878, -0.6282584065264524, -2.3411557474243447, -1.2343168214577867, 1.7773510078172348, 0.8018936646695547, -0.5496585793354328, 0.5170462226490596, -0.7214238198385104, 0.2608407811901816, -0.3396475588845124, -0.27379270942134726, 0.12838867987514357, -1.0430033440195705, -1.9603570518973863, -1.2617066232200158, -1.399973945013749, -0.9551483235320728, 0.3050828451014198, -1.7050012463658957, 0.14266956772666098, 0.32707824768750954, -0.5541422771642017, 2.2320622721368344, 1.3942536487953299, -0.16969005219881775, -0.7416922917465504, -1.1455421191414046, -0.04861770697386301, 2.168389196747941, 0.7735823239211961, 2.3484765962250957, -0.47124432131923283, 0.94942158055299, -1.8104736030186308, 0.04700197428170414, 0.27414853723733273, 2.1193021799102647, 0.2282128667884249, -1.2871281902164031, -0.7308276812078878, -0.3340222047917019, 1.5583888017755134, 0.5239613966213781, 0.22264345089242377, -1.2344940515883467, -0.02215583862530293, 0.765367488574209, 0.8914976701355162, 0.39193663863370054, -0.5546904847977436, 1.0736545871802001, 1.1951066908221368, 0.9895288333033806, -0.5503197523090958, -0.36379975699910905, 0.48758360570939263, 1.403167715632323, -1.994181187233635, -0.3631790308937113, -1.333361496526409, -0.5277754689019634, -1.0082136969884692, -0.9251641678695366, -1.038240506683488, -1.0374128699837974, -1.1685509415206674, 0.3151731026792656, -1.3085924315037911, -0.4062870303236434, -1.1626708283573306, -0.9070388812830434, -0.6838614976978538, 0.5070589655084465, -1.3772699114224758, -0.9085045261625673, -0.12058346756868148, 0.8868799701834995, -0.4248231815477259, -0.42582770175127377, -0.6705788127976758, -0.942910944042186, 0.5383829171896582, 0.12896580584063316, -0.30980499028788855, -3.3901193412710406, -0.5194741985066577, -1.6352381818322406, 1.4363933020486306, -0.02261942431859591, -1.0452314751536353, -0.2948249972746739, -0.4954513423337298, -0.34813712537991104, 1.362260215054078, -0.20217313185261124, 0.038011080684819794, 0.320686105641163, 0.270247606507045, 1.4643804037294625, -0.24767826872080193, 0.6398484286835424, 0.7678984997683114, -1.224679382810449, 1.1472589296002345, -0.5041926838444425, 0.6188634630485024, 1.1703567386996812, -0.9401787499754231, 1.8554629134519207, 0.3322948876261683, 1.1405097764121142, 0.4841133487875828, 0.1867415186348788, -0.7093465492963115, -0.1700883777204029, -1.2954124069331165, -0.420591456440015, 0.5660932604816955, 2.01582034153965, 1.354085523120483, 1.0040380645152456, 0.21604886904951398, 0.893861034954664, 0.6930853642162608, 1.9311847898463597, 0.8620035264712809, 0.9708392023819792, 0.6684716752587052, 0.26477783556475165, 0.06198372120353734, -1.8139906949903628, 1.668481437763165, 0.05025940990786757, 2.754597820992739, -0.48411020550246664, -0.06413107159792884, -0.7651711462074607, 0.3909366420755959, 0.574661207942907, -0.5689580140651984, -0.478729155561406, 0.2435927697838824, 0.9053937308759719, -1.6694277877174624, 0.31952975483416934, 0.22455147600196215, -0.12482504429424723, 0.8865813175851824, -0.2453296449828236, 0.5808410224296912, 0.046469474200071206, 0.2926350865731268, -0.5827053011941387, 1.231383310256486, 1.35913685572272, -0.25903254114630603, -0.1745944488546489, -0.14407509483300515, 0.525252101962218, -1.302654975947578, 1.0094718240702023, -1.33542471312497, 1.5050054221063176, 1.1517148779806117, -0.293148118261649, -0.7002253500357687, -0.5888201282567811, -1.038829826844286, 1.6810542051941268, 0.8797374317098373, -0.21663242372418087, 0.45712796143742346, -0.3450577364871976, 1.3054190025214758, 0.0944733575053151, -0.5455284873030571, 1.6843017773294893, -0.18666122180346242, 0.5814914185738962, -1.0942929311310925, 1.1451889835099016, 1.509915824761996, 0.8357768789409399, 0.029748810124027286, 0.6810020031836765, -2.336476184431498, -0.32615182576359236, 1.0495038879054124, -0.2332426081295844, 0.727316605985771, 1.2082295613280412, 0.6562223320526563, 1.7118863250915872, -0.3227802431025234, 0.12226650702410519, 1.043901829265582, -0.5254616292255118, -0.9335934164166125, -0.8288028465685126, 0.6268344799052874, 0.4761258059941926, -0.2773304674912298, 1.0079064786901497, -0.06322200802394111, -0.2393700967899273, -0.8438436884847972, -0.08801387224076511, 1.138984054119865, 0.7838311129405987, 0.4616335175271246, 0.691120600874934, 0.08930133875645198, -1.0614560499182346, -0.48975618855986824, -0.5983840633293861, 0.8951129626736996, -0.445890522501922, -2.203898803789847, -0.6098886689334834, 1.7800436862483073, 0.6580453850095576, -0.3759433775520239, -1.1010445817184722, 0.8262900081890016, 0.5121541340721721, -0.6103336969291344, 0.09775878086543471, -0.41180500425511024, -0.4608215674840891, 0.3451152248097594, -1.357191292669331, 0.10304333412586647, -0.6566555319112469, -0.17511819173102477, 0.28422558710083706, 1.7342689051484774, 0.16124565586571485, -1.080024003005847, 0.42212628262273777, 0.4178702282647925, 0.696116178113617, -0.06443937738018495, -1.0222400790568913, -1.3126157803317273, -1.0379614044143552]","['v112', 'v50', 'v40', 'v55', 'v51', 'v18', 'v69', 'v57', 'v103', 'v117']","[np.float64(56.06981350940063), np.float64(9.8267424038589), np.float64(16.983061737097923), np.float64(14.387938469946132), np.float64(11.454574203849118), np.float64(80.6562490974123), np.float64(25.7470357144759), np.float64(26.042747606624292), np.float64(49.78579923059112), np.float64(2810.9114872804007)]",3.299622621967844,3.542121973082084,3.5130910756484974,1.2636049178836788,1.4925062129111726,1.9131025156536934,2.0351696081432493,3.8445387789211227,4.279562571468539,4.176026952049279,1.5129962050989199,1.5265245038195925,2.473251419960453,2.722695349520831,0.6992012069842917,0.7636275862370436,0.7916739570519541,0.036118230606541284,0.01911896238252453,0.13903884647627998,0.07732168602502043,3.2446290674770597,3.3413702332158177,3.44008852221367,1.203465987811838,1.4921093775807506,1.6853222718806056,1.7228493334071988,1.1340455742075104,1.1423266863608275,1.1286793668547683,0.3593663936170127,0.34616868531691497,0.7093645251907474,0.5193533484348405,0.785070160638422,0.8523226366090806,0.9467656928366126,0.19216695096819203,0.18899986816064504,0.3221327508792201,0.2661281838645732,False
f682_b,f832_b,"['66', '67', '68', '69', '70', '71']","['115', '116', '117', '118', '119', '120']",f682,f832,False,2,forward_no_out_standard_k10_lda_nc2_sex_on,forward,lda,,standard,10,2,35,6,6,True,0.9699882864952087,0.03001171350479126,0.9901077151298523,0.00989234447479248,0.5381627678871155,0.4618373215198517,-2.311541701137156,1.4101191950022447,-2.7325056720852063,-1.1990160122476987,0.07943381690113945,-0.003324459570937507,"[-2.240432642185319, -1.1423400538629256, -1.5273360115057846, -2.7886611800578986, -2.975049206052006, -3.1954311131590027]","[1.4139101748270702, 1.4019712530030384, 2.068223684751486, 0.7525245581552791, 0.44064012787364065, 2.383445371402955]","[-3.7300898226402732, -3.9683226273921184, -1.2231848554381828, -1.7755509030069956, -2.516112317642926, -3.1817735063907393]","[-2.076482366116893, -1.5634959148369465, 0.1632080933439996, -1.5647371585146785, -1.017853532804379, -1.1347351945572948]","[1.5484615677800868, -1.9346387084710273, 1.2690483017136323, -0.2370436533443133, 0.7658198282520905, -0.18055305231850638, -0.460274935661895, -0.8081557542510059, -0.1780851371019835, 0.3780340471893932, -0.42769527380647265, -0.45549805117567976, -0.3244730480756955, 2.3597769015665153, 2.1219703652236936, -1.562807028182324, -1.5087057044011503, 0.7609075285216111, 0.05591454541600992, -2.0035419478215992, -0.8836706724975739, -0.3961903699834632, 0.017251355244610314, -0.6574636127067347, -0.594253553786129, 1.0683081434663029, -0.6856986257248812, 1.2080420045516715, 0.3335958023470182, 0.44154002412906435, -0.14197788300658334, 0.002973745976119452, 0.17925723085676346, 0.5246930281569556, -1.821963484766408, -1.3028562465896536, -0.10575520097674886, -0.5680369455568879, -0.753118827593881, -0.23128486376800883, -1.2591091446428433, -1.5071225602364886, 0.11158693147686358, -0.8777723614348268, -0.4168840149012026, -0.613318919151501, -1.083846735152678, 0.6225341854162506, -0.4558999209466111, 0.3711537666882531, 0.1669863131772258, -0.4904327032357473, -0.40602114782387483, -1.0282007642161888, -1.1192453734365724, 0.3336485339702866, -0.1387923802474066, 1.0771814937901798, -1.5873073539024762, 0.5481522506967385, -0.3960195058971985, -2.23726895470194, -0.5697179817119248, -0.37569460330736837, -0.0913627924834756, -0.34268169978865193, -1.882157312473754, 0.48766187036848785, -0.4708105152667956, -0.2892413127441406, -0.25647650042017406, -0.8622151966653024, -1.2122553485979786, 0.5293541391583977, 0.4589923840163444, 1.289912449097639, -0.10697065936720941, 1.3883624509579189, 1.0892752739703597, 0.876135123240131, 0.4541591278853001, 1.156039033937054, 0.20800183906504982, 1.0964368734236256, 0.9675311206680819, -0.3701654306816882, 0.6299842541348153, -0.20392127512160957, -0.041111033545707644, 0.12005481747610759, 2.013918616853473, 1.3692821117470204, -0.03629112014789895, 0.33136132671977475, -0.012097942824420106, 0.4825239144498426, -0.45881682080545344, 0.0905523024034367, 0.5797989211695617, 0.43730739839210603, -0.6945600919939264, 0.9147075999678286, -1.6532451729121955, 0.7207359451687468, -0.8845608015382769, -0.3531511329455038, 0.533155583601804, -1.623778166220122, -1.0773733225702258, 0.5290005107645356, -0.27081094630519204, 0.22036158694900812, 0.12110742767194675, 0.12426156352209011, -0.296195205370463, -0.2735569420546512, 0.5300052382473517, -0.3458621931742454, 1.3445203207225747, -0.4971876763581956, 0.6434297342215152, 0.4256073416177399, -0.37693104868691857, -2.1738964932092997, -0.4251574078931046, -1.6150914431250531, 1.1870730626366506, -0.6058068207198367, -0.05342468706359236, -0.22941827780873564, 1.267441820723171, -0.323815197291794, 0.5523534014153385, -0.28184947443416636, 0.6105761056975898, -0.21508762060429706, 0.18089782431503387, 1.1807323852486173, 0.613372540172265, 0.7336338379091762, -0.2100485175695511, -0.9981102628086593, -0.07642521029681237, 0.5670382241013988, 0.5252506206795376, -0.020590924389031262, -0.09734156887683303, 0.791384617048705, 1.330019544792228, 0.038037857508774794, -0.1917481150155371, 0.4110879962412822, 0.2079903304359451, -0.23346204291525186, 1.2059413313679168, -0.2874982158137554, -0.5946842074031723, 0.6646176548295145, 0.08785776602450009, -1.0861555618862193, -1.301806801656049, -1.4742167357206146, -1.1139407741763663, -0.14336662778122458, 0.051178943568703346, -1.386873891668889, -0.3762597900857092, 0.9916802567431647, -1.0995556530444641, -0.10029103729126647, -1.3715194707052072, -2.1450657953359236, -0.022048833199394127, -0.20689531721005697, -1.9195170252893474, 0.5467596976815683, -1.294077134803438, -0.6111151517356062, 0.9807638961612855, 0.6256133000760349, 1.0207421973382438, -1.4592360497747159, 0.37159114313170416, -0.16764316562555578, 0.7703016701882807, -1.20338425827654, -0.39689711123952126, -0.6506946589110031, -2.32761726674768, -1.3245630284141592, -0.21509025274037566, 1.6060719169207878, -0.015433452504235994, 0.7866212224238203, 2.623611360787897, 1.3520101988977817, 1.4192533883559668, 1.1125297244287298, 3.2279545988955674, 1.0239528319182982, 2.494982527400629, 1.5147865438109622, 1.3753781209159086, 1.677531470309499, 1.050858351044273, 0.26471346466381507, 1.4102009753029139, 1.5423909652761347, 2.389354622767019, 0.8066592421860234, 1.2723180758167594, 1.5651521230061385, 1.5831065485409161, 0.433458186967732, -0.05899878080322103, -0.48166811165917456, -0.8239077147992401, -0.9532210880522184, -0.9348821695699266, -0.44952159569617245, -0.9043322681003272, 0.6173896577818909, 1.5874997969276863, 0.8416363312712497, -0.5968009571572023, 0.849860821968663, 1.149644425473354, 0.8823942295666186, -0.6171007843666136, 0.7991468185454501, -1.2474719163526125, 0.5354208628914735, 0.4767135985851795, 0.6586409389108068, -0.31610385300517524, -0.15985125895751667, 2.1953887226389717, 0.6940308792715915, -0.5406305350865446, 0.18883531888487887, 1.5081220507022854, 0.5180732826736554, 1.2830155116938307, 0.3745590425103697, 1.0120995900857563, 1.8158951124035325, -0.12376286122965573, -1.53639166913566, 0.8389819076387524, 0.13218823948434913, -0.4627685786598175, 0.1364228943888225, 1.3028829862146023, -0.265620983992257, 0.4781610584592151, 0.7789472887471739, 0.46815426496937196, 0.09582257888058703, -0.32317305314102923, -0.556848576854401, -0.18586025679268486, -0.32990643078167375, 0.7566502760346326, 1.1569436053618627, -0.4143144722014306, -1.7734377010704914, -0.20637297395975368, 0.47501247022108034, 1.025633296493907, -0.4248327069851525, 0.07163277177965088, -0.09987769700032717, 0.26803232359035134, -0.7245940514725128, -1.2786927857847856, -1.6335706123053417, -2.0175592542450507, 0.03608174293716987, 0.5138621465239036, 0.4488363283348597, 0.6145012464921386, 0.4699442166099741, -0.889421811878039, -0.13812433613767516, 1.6889437777134375, 0.6873319288389343, -0.04849002761657683, -1.1057331770299035, -0.2841087819298584, 1.6183791452819207, 1.2631062252537635, -0.05437436262196808, -1.0111487724474424, -0.5800368802562239, 0.6796275922047563, 0.7487325138609953, 0.36037902760708274, -0.23474229607347027, 0.5651585341501669, 0.9630215876036822, 0.13516839910220171, 1.7073914337994747, 2.343303578536374, 0.27362588662466397, 1.4835148778719394, 1.2997159678801224, 0.33637054274481865, -0.348478141113279, 2.158199750860579, 1.1317165496255024, -0.9325832867958221, -0.5109546050560766, -0.16972551105202932, 0.2352265760226943, 0.5932726578169313, 0.18397577233334642, 1.705854397481925, 1.063805272645038, -0.27128767715665125, 0.26602191143963066, 1.089479025055608, 0.09742173320901207, 1.187154434152423, 1.5318366614896977, 1.6061912563791527, 0.0353185000825985, 0.13149216283315343, 0.35923206798713136, 1.7624064741663579, 1.7946618881306686, 1.7378179435143544, 0.2840940237112914, 0.5404008912978867, 0.09783945576234926, 0.2497795678863743, -1.0855108436383416, 0.06490147990149514, 1.6817369379425045, 2.6203170131538998, -0.0666192392208992, -0.21646287183820473, -0.28234357598058324, 0.5581545353474227, 0.22230647880007365, -1.240680950505649, -0.04392015176535119, -0.6173474916905123, -0.4267517066327637, -0.8461592571839941, 2.4602604579785794, -0.8953342256878417, -1.9309705003545639, -0.15082244555365193, 0.5229074186054352, 0.8675692159167874, 1.3743654584514675, 0.31760292513235594, -1.4502307057729298, -0.09703921461558193, 0.08509520844402339, -1.5006793036421422, -1.7878924599026653, -1.2872966500799534, -1.1373692006685614, -1.1255089413472212, -0.805401110661339, -2.766341550020561, -2.01878159132267, -0.3395311684049055, -0.9521421106896288, 0.43241433284937714, 1.3464997126269633, -1.236918542967281, -0.9805613493962646, -1.460692978583057, -0.40152994827973393, 0.014967720123182206, -0.9764805225073404, -0.4479453704608548, 0.42923028941899916, 0.14817318826238593]","[0.4763062500011263, 0.732662353735592, -0.7920360800892139, -0.9375757527846137, -0.03615007190608142, -0.2747249722802718, -0.1196471768123932, -1.6292727399622073, -0.41941999148003545, -0.8265482615316744, -0.023507195732989167, 0.14924168869042093, 1.9604853423848607, 0.9375305519658296, -1.6145674872709654, -0.5774887421534904, -0.9444766437008318, 1.1893975579759457, -1.141327835785201, -1.9392544744904112, 0.18159818631204308, -0.4316308344278207, -0.2999806400379183, -0.900755783203741, -1.1648031493922277, -0.9954301837124145, -1.5808813800437118, -0.16928909376056045, -1.5961948980022247, 0.07633268234899047, -2.37676970114897, 0.6548631218806877, 1.1330080344523903, 0.007535526079445549, 1.0356221541175976, 0.7543662888968028, 0.1733799017631415, 0.7098000911638347, 0.9526132793630799, -1.2420020462712553, -1.4995715921389141, -0.1933246530564001, 0.7670119215452748, 0.42273601030095853, 0.9770874338475215, 1.0184333986375749, 0.6797686505962174, 1.3251884737814268, 0.44791896856991675, 0.0550418062278808, -1.3419545005292952, 0.7265826232317082, 1.4778834650620611, 1.0359745064263959, 1.3867310390000345, 1.006248512309436, -0.5230379514669372, 0.05265478375350745, -1.8571766604275106, -0.011705797255111297, 0.9648022915691317, 2.04066096822384, 2.712391868418779, 0.4946796467961636, 1.3493501178935228, -0.37910290157541937, 0.18772038940520644, -0.08502450108958995, 0.7394691978859647, 0.6375351265336565, -0.945146289805654, 0.8504281091751208, 0.9628542218241747, 1.6531990020349596, 0.31335128747033386, -1.216871976382107, 0.11893264336006136, -1.207456945532194, -1.2961972524977055, -0.7286440831028386, -0.37836008579025726, 0.5886865113356108, -1.7959510978837003, -1.2935859223736264, -0.6719486078835532, -1.1332186553308063, -0.8844286018413753, 0.1596288344140819, -1.248236928459165, -0.8893783210663554, -0.8546772978198156, -0.980265311297567, -0.8753918127309195, -2.0084554760455346, -1.5707196723885428, -1.01050133422773, -1.312990473333571, 0.9724766230591205, -1.457637503870623, -0.3880680970660512, -0.07412810503957964, 0.054960117555353204, 1.1981574288572048, -0.03486613938442416, 1.0300273528000934, -0.8497002609168759, 1.176473293724545, 0.7492432443637881, 1.1613129657785106, 0.8804577269699098, 0.8361171694091324, 0.1730741590604673, 0.6935510164812467, 0.15179686942227652, 0.9114778035302161, -0.043529754709666725, 0.8087608624844165, 0.7717843574536636, -0.007102983697479818, -1.9008114382060408, -0.9881586217535009, -0.9979745290397724, 2.271279264333656, 0.03836773813286621, -0.5194279241846194, -2.2673181970444336, 0.43283138428831813, -0.938958994847593, 0.8047687727540024, -0.6145204558848016, 0.4151701954339564, -1.600972043728067, -0.9864797375503319, 0.7018051766989247, 0.3132790637786934, 1.4930078958589197, 0.5592262362116109, -0.3611180280770651, -0.4144132046299136, 0.43892310681065694, 0.440203313688882, 0.26070634193301534, 0.45782846556653295, -0.1462374469341171, -0.6215108733240948, 0.434238116838504, -0.15661513549523265, 0.7177742423106562, -0.28398265882564894, -0.39932793730916233, -0.8946007199498186, -1.0484837811363237, -1.0822111945630066, 0.09834504446529373, -1.6353733265240256, -0.6599529902696446, 0.18518229465371713, -0.05743637736001027, 2.5286333428126535, 0.1736967781815465, 0.39517397247440694, -0.14959690522023253, -1.2490665501538325, 0.26135576820481277, 1.1875448964567272, -0.5530745732883008, 0.5608394802395597, -0.9813138851599619, 1.1622476753013375, -2.329207663315922, -1.094588090925609, -0.38326178903013586, 1.2312288211737197, -0.4263929955646635, -1.8119753597397767, -0.6053110008029098, -1.1399392810388445, 1.2922693311433098, -0.05800991196634331, 0.588766936187091, 0.5151852838807858, -0.184469454490731, 0.810733965215535, 1.4180775343564362, 0.38790713051427367, -0.2083271571820659, 1.8451621725529779, 1.6615519724483918, 0.9211595581756227, -0.180702002456962, -0.0675291734305248, -0.35770665018778974, 1.8455693611033108, -0.5224288837797947, 0.9780937146818762, 0.8061081323618235, 0.6219584380860648, 0.09709193017597594, -1.2255210349933483, 0.32983227339240095, -1.2495747533306605, 0.9290600745393268, 1.0426355691945024, -0.8461996735605032, 0.9577656249180627, -0.2965320105789413, 0.7575701390425109, 0.3855390768273441, 0.8307201801450942, -0.6699130106188784, 0.2768903588399924, 0.7700854001397928, 1.1901057244652617, -0.13137627971425989, -0.5524380008018361, -0.007877715546334063, -0.8323729117492933, 3.6468592031261005, 0.8323940152666933, 0.1762559400243663, -2.3078235489143855, 0.9960428539022068, -2.1472830990655445, 0.4542673824855688, 0.641232819888977, -0.5811126855848359, -0.1995104486479992, 0.2994402921737938, -1.2149332759216045, 0.18725033073505767, 0.43788763354219523, 0.6818472493447038, 0.7229499963758063, 1.2200313272298506, 0.9645872349783335, 0.12447501620943756, 0.06092692040496433, 0.9659635020150442, -0.031190952155546382, 1.9686977248666575, -0.7883129617533077, 2.7531348275957948, 1.0446898330720775, -0.10080453842438111, 1.88749825476561, 0.7469522569040301, 2.9619033709142055, 1.5578991044337935, -0.2920715907828298, 0.024508345311440773, -0.15952739108395386, -0.4966708825233636, -0.794275084020982, -0.4781128187159145, 1.8307309658911728, -1.0067794858594532, 1.1160051732572545, 0.3652901184584646, 1.3392465013785562, 1.0383600326001858, 1.1582371602460146, 0.6734383507189633, 0.9582956410510542, -0.2674896841098606, 0.3546616720521856, 1.2789607551141737, -0.2735748251850451, 0.5826698916434934, 1.1306265291399091, -0.5322751059040176, -0.21367009667070036, -0.5620767615118871, -0.5358108332452072, 0.019730660430082578, 0.7710008649259393, -1.8928647064326434, 0.6866332691975294, 1.3737082701865848, 0.6672631533341657, -1.0330033821845432, -0.6702319657630895, 0.485924810259921, -0.38974064334347963, 0.07863824789596081, -1.0776621221896825, 0.9817308540851636, 1.0372130959244137, 0.3477207281686794, 0.7333288096323287, 0.540671400660854, 0.3399299013042232, -0.7017783272923385, 0.1344001557695083, 2.075462847246477, 0.6951743321057172, -1.1759188518021193, -0.7920864254183954, -2.187732296714316, 0.5638850986776676, 0.8335203694308926, -0.40551379617043076, -0.8264567193349667, -1.3498770717384083, -1.7146312775976988, -0.8892558557126359, 0.7956947144308341, -0.8062678542825858, -0.5626985048295398, -0.6421591995992584, -0.48903926266322484, 0.18405394137772654, 0.4208334009456266, 0.5212008372933316, 1.1945990654072705, 0.26289861281898547, -0.4952423501162612, -0.337432355837052, 0.7335386692478693, 0.3660204117667277, 1.2852536205777705, 0.5754078767166502, -0.2707148457796768, -0.3256819283088526, 0.7993245911964757, -0.20914936921805127, 0.2942885360007007, -0.10422612384766537, -0.5221040558006365, 0.9167928616758906, 0.24930118667392775, 0.7711583917626375, -0.4035642366903574, -0.7743421851290789, -0.425286414237836, 0.15894720736760323, -0.5526549657090148, 1.4860238361244225, -1.5747405045485998, -0.15308781204520364, 0.25424864912731915, -0.48293556300984464, -1.1247614099686307, 1.4981039690006792, 0.018145074764051812, -0.5070364987349105, -1.269825678749072, -0.2687998738015372, 0.984742060104889, -3.1146902913523613, -0.4338106829967121, 0.016665104402591432, -1.529147616555335, -0.7675769259873685, -2.12137357280037, -1.0434489859620968, -0.20013327960275695, 0.9084210152419049, -0.322231408279347, -0.7620633634965103, 0.7424384950492566, -0.8812961324664162, -0.2620511661818748, 0.3123688068518156, -1.4845485023452896, -0.5417472377266344, -0.0817030916123743, -1.0566609502520947, -1.0155465579870502, -1.0413518345068298, -0.41346415782787754, -0.013021714170342123, -0.2854454161491378, -0.27647894811775475, -1.137412457466973, -1.0644314136818618, -0.41030685477169193, 0.0820658982017575, 1.4649923948290247, -1.2748407683353715, -1.6429719850836406, -1.4429156648798334]","['v115', 'v44', 'v93', 'v67', 'v38', 'v103', 'area3', 'v45', 'v81', 'v29']","[np.float64(25.60221377549799), np.float64(5.782446694690283), np.float64(7.600082598724023), np.float64(3.1999326677318827), np.float64(5.0578713309536845), np.float64(8.08721441246039), np.float64(22.69344808173785), np.float64(124.3376211560979), np.float64(55.99425032407834), np.float64(5492.884527479187)]",2.642876689243665,2.93107899579571,2.9756265770317962,1.472517003394613,1.6808820534349034,1.7008627477763183,1.6107254233295627,3.030099178197994,3.704144653659312,3.56587871669515,1.9219923958167235,1.9833167883046874,2.2348553801421565,2.194012968062855,0.4275156171619431,0.45518482211796724,0.43101080252512713,0.09900080990349011,0.06830526010798521,0.07677995189565312,0.05656706588378502,2.6091352072499436,2.6772072121358494,2.542675908472349,1.2740494747211673,1.3156991265962068,1.4732487009030237,1.4062226033837437,1.0834575767830508,1.181614410855054,1.1437360148182791,0.5820830225614065,0.5880442321382854,0.7113850102874629,0.4429567565079846,0.57659607387494,0.6600392931701423,0.5965480072710541,0.2618718819559612,0.22342947850291453,0.3250899867060101,0.24330572058817057,False
f682_b,f832_c,"['66', '67', '68', '69', '70', '71']","['121', '122', '123', '124', '125', '126']",f682,f832,False,2,forward_no_out_standard_k10_lda_nc2_sex_on,forward,lda,,standard,10,2,36,6,6,True,0.9699882864952087,0.03001171350479126,0.975538432598114,0.02446155808866024,0.5381627678871155,0.4618373215198517,-2.3673073568612106,1.307602513537913,-2.516125742389101,-1.2325569953914142,0.07690445825591026,-0.0011818191834094562,"[-2.05139640656287, -2.7840353530910753, -1.9086249681437777, -1.5561436762433973, -3.5622655652065265, -2.341378171919615]","[1.853309963700929, 1.0990225293702711, 1.3220261509545936, 1.213935011418697, 1.1039011761170354, 1.2534202496659512]","[-2.9729870332821746, -2.3756301699987317, -1.4701916775969996, -3.504192881187845, -2.481366002036301, -2.292386690232554]","[-1.5858823093227703, -1.0404269658736074, -0.22188185376015218, -1.3416229923948484, -1.645685033381971, -1.5598428176151358]","[2.0810635048819015, -0.23967070826819797, 0.8765618050837481, -0.1973817396351264, -0.15698128105964157, 0.5542862881510872, 0.05797854915849235, -1.1330248083366035, -0.731688517698514, 0.8986684974171618, -0.2037701574670029, 0.022888947701216848, 0.26757175489944723, 2.2883953034318627, 1.4094222318032703, -1.0497556185546777, -1.7669975388219983, 1.8826655478986505, -0.8996098977903696, -1.2176335576535031, -1.9107258407395014, -1.179784603864464, -1.3033069943074036, -1.5642491383298034, -0.9494128169331536, -0.19061042386301444, -0.8937607531126317, -1.0053574905825697, -0.40379495417841027, -1.212704244555756, 0.3537360657192875, -0.009988795297373123, -1.387788315240075, 1.7646476028392948, -0.6597138667925254, 0.02664891991219844, 0.9167183654961104, 0.021142421646860952, 0.5749939085543794, -0.06216392547922225, 0.017082412216354426, -0.5472653079326733, 0.8567707332286842, -0.5295619132882664, -0.5355648760913893, -0.6005136664051569, -0.4744365451935736, 0.21944678512340596, 0.5191485501606551, 0.3687416639980676, 0.976766151726172, -0.2699767302105636, 0.710081737020759, -0.4063691210359918, -0.738765060375253, -0.23831137491907475, -0.09444932481110808, 0.6288140606693684, -1.1652020850038813, 0.18871640308181795, -0.43257787483780713, -1.5211724369403434, -1.5896736985143558, -0.1470559456649312, -0.9264074777838304, -1.5819261137405787, -2.1558875152605292, -0.33680696359114654, -1.5427678760864412, 0.07648637237468228, -0.28068563449276296, -1.0222809612546269, 0.03352863692877222, 0.6746726030128496, 0.1856244279230201, 1.0394812066142494, 0.3596912572718709, 2.045262804170504, 1.0610738259225951, 0.8920846148890867, 0.916312987032144, 0.650772768313352, 0.8851917522839566, -0.006499864314172094, 1.0658387284315896, 1.4034871541239555, 0.8178451319121572, 0.20386718453721897, 0.6272176023175021, 1.015904843289583, 1.3590320172550292, 1.1843921041115086, 0.8713331665280278, 0.8768845442311286, -0.5634158177039136, 0.8261201984356737, 0.23338970111907498, -0.12426650831909643, 1.9329011343462361, 0.32520395043772965, -0.10479984433013935, 0.5232927539187955, -0.13131223848159837, 0.33941323065631657, 0.8185197350491685, 0.6592767050349886, -0.16267082163988, -1.814815198830226, -1.0590280654655908, 1.630326985977249, 0.1952324515618931, 0.5213666291025794, 0.32985532287099895, -0.6298431484556002, -1.4809782336350186, 0.4115558353903852, -0.13718981759882284, -1.8299370059818865, 0.21502372694632124, 0.019046536360052005, -0.23635733625428085, 1.251323128595303, -0.32783500310017316, -1.4917337487739801, -0.4709242727001382, 0.3788288040754733, 0.3750474697063668, -0.2272997471150548, -1.4124316937913484, -0.026455104637116388, 0.79983750413681, -0.5344784593920344, 0.8885953695495328, -0.5867284053981313, -0.07845567587689062, -0.5154271251104271, -0.603229535557955, 2.3625575269705066, -0.5530283132786857, -0.3010928874028693, -0.8139775926765297, 0.08566692661972478, -0.9140321170506684, 0.5183854690924563, -0.1463201306462346, 0.7281520910315239, 0.7502719148806264, -1.7086722547504247, -1.165121023345226, -0.4860921331045697, -1.0392614650325747, -0.8945872668551496, 1.1634748801914372, -0.18190155105349404, -0.37943553285189463, 0.43504780700241036, -0.5588335122164074, -0.5582291284774773, -1.4633999728699219, -1.6330613199559427, -0.7099679894429785, -2.056232552859726, -1.1811105025564632, -0.3729027247013057, -1.3761902402109318, -1.8542320413909426, -0.6823657659509386, -0.317492752887713, -1.0576489668118574, -0.217533696793787, -1.3304227055190463, -0.7953676151584079, -0.4226786910348327, -0.5051970288705495, -1.0964066854822665, 1.2146768478965773, -0.9795039931442341, -1.936722784576645, 0.21503348841936348, 0.2532895483840281, 1.003432288802353, -0.5825776157528041, -0.5310563295205459, -0.5723730476718679, 0.12144555499784884, -0.5726139284869314, 0.2087129675354965, 0.40206821943498594, -1.2221870430200472, 0.12636163819804347, 0.6196462505923239, 1.3711462655193989, -0.9252999172145466, 1.2750319063654791, 1.1383035946873072, 1.1087878995722182, 0.7140430655171237, 1.9607328302652287, 1.29781179221604, 2.4027285434366497, 0.9862699452596753, 1.564342215044552, 0.7063878156116062, 2.1919900677374407, 1.312277255682665, 1.9615096860854702, 1.1911368991856623, 0.9734065516826474, 2.3074586090979903, 0.8328528765480662, 0.6393659729484805, 0.9636318463923229, -0.044636905413710425, -0.4890658225600731, -0.7830868583848207, -0.4858033603437628, 0.459980169132143, -0.25543027479906555, 0.381164816800747, 0.4539399016539225, 0.4095382064233892, 0.22182932373369593, 1.8212281885445638, 0.6535094607669653, -0.029550208693208502, -0.4776147719947346, 0.6622087156040726, 0.30851183689438383, -0.06340581236125253, 0.8865979381643566, -1.9503756340408303, 0.3031646583837218, 0.38741620746074656, -0.05727421803861122, -0.4181348212029533, -0.19690957348158583, 2.3252860809844775, 0.17362015956727275, 0.391679879198338, 0.682302454627773, 1.566654203329659, 1.1780441283264436, 0.9375703441098109, 0.9266554022862242, 0.9980771678056142, -0.05578159995542044, -1.4460782155302714, -1.2477610834246202, 0.4548422680659987, 0.6555788357555461, 0.786249244367687, 0.2486687865295503, 1.4605954929611233, -0.40522209479684296, -0.2898299453002005, 1.3658672553360298, -0.2099284876955687, 0.48868108155289347, 0.7566228415185648, 0.32160576322470297, -0.5141253396870157, -0.2617097222730461, 1.2834519133525828, 1.6989204341145894, -0.07955920766826839, -0.32496050660021736, -0.5179311208402938, -0.5626948892717567, 1.0494789170266923, 1.3844155481274192, 1.7401433599721818, -0.3895812561210528, -0.8965194554858184, -0.7861466784660925, -1.0636169296560494, 0.9807002944426602, -0.24761601572307415, -0.6736384202973785, -0.21575421595130267, 1.2816875519406978, 1.6219552386678746, 0.3101574368455542, 0.6878799750398378, 0.174581405712229, 1.7648170075758702, 0.7362729753737511, 1.4591287144132032, 0.11127624154011709, 0.09140978651164482, 0.7019036920055617, 1.4434271956490334, 1.0318467914069682, 0.3595871599751019, -0.7234381405431803, 0.6640334412161064, 1.3765300759777237, 0.6453095010395055, 1.5648493591152632, 2.2234063624897122, 1.026350452580661, -1.723351545831123, 1.2791699492162563, 0.9522285298826731, -0.1795774487370062, 0.716985267814172, 1.1131513375372961, -0.4777833515408802, -1.6975287333560525, 0.8750675797151178, 1.1150336164186767, 0.41336611290822434, -0.7057864759865231, -0.6096596829499686, 0.34753761096053337, -0.04839407518152244, -0.3784976956465409, 0.17424570658239358, 0.8432091218052474, -2.2295141877207234, -0.029423330808564005, -0.02126310765958656, -0.44690661294832457, -0.5095741714867539, 0.8245827253149415, 0.02927283354270387, 0.2378541514188555, 2.0729235316359307, 0.6608652903506753, 0.8969028344676213, 0.856988528259227, 1.5667113890867985, -0.7225630252688348, 1.0188391500394822, 0.9316414422447945, 0.9302764979025697, -1.4925463852654426, 0.14846458055674008, 1.183136970104105, 1.3405319077708546, 1.0538671855700776, 0.21453050116928435, 0.83829793387813, 1.531400476772969, -0.06207019966607968, -1.752271194491621, 0.05722371017572393, -1.2737488294645198, -1.6629258992740967, 0.4745729157562066, 1.5477052911299298, -1.4650129078690612, -2.2657620736157362, -0.9315140670649064, -0.15489790630250364, -0.2983311770820459, 1.53033614062786, 0.9597286968137746, -1.1859325047178422, -0.3104493276108568, 0.2150339741514147, -2.630219776247593, -1.7069726343786757, -1.9107738594353503, -1.2124786903774774, -1.7223418528651857, -0.6797893569748175, -1.7479677743688238, -1.8359456344468335, -0.3679216958311255, -1.442937281005925, 1.738302118648624, 0.456525520876489, 0.3166186049787755, 1.2784154598066058, 0.49900262733609263, 0.4671336092721091, -0.7032600411901111, -0.45896263071308235, -0.5443302006449638, 0.47135968380986737, 0.41095257421321246]","[-0.31265232543227295, -2.1209135054400607, -0.7926126171134731, 0.10061815258517574, -0.07538463247249308, 0.7651135047628074, 0.561486691524445, -0.8007027993872817, -1.248320311125421, -0.6545730031321493, 0.4550715700464764, 0.05498544756760473, 1.3261908217480975, 0.3899721405940179, -1.2477077055613486, -1.2391944317616268, -1.3977211661533213, -0.9783927803359879, -2.210169939625821, -1.33678246082251, 0.5097923974331603, -1.1145817897205241, -2.1059035471071863, -1.6338745737981102, -0.4181069039040126, -1.4480798800011978, -1.2273158755997156, -0.6771573072879461, -0.6914372939641235, -0.3139566438923517, -1.8596380045488536, -0.008560978320550252, -1.0265329040461606, -0.6767944760698739, -0.972015037232772, -0.06840789487993552, -0.3138194932213375, 0.0035787209549288292, 0.6884229116695859, -2.3520083338935494, -0.9853676636966868, -0.8580686727162397, -0.6572275905974486, -0.42234920563700756, 0.6416990828485721, -0.8352548308183011, -1.0978109294485032, 0.06886531787127426, 0.7674072991997902, -0.5438137253496339, -2.898521627435957, 0.1941521237406004, -0.3389636762627843, -0.1129455547115481, 0.0103810477261488, -0.7400025395049584, -1.953172385907988, -0.3209542044186126, -1.3907518041312055, -1.8432834109586387, 0.5773595709978597, 1.4808443562684657, 0.9126258858368532, 1.0411654835644153, 1.1779201090571105, 0.9501281535753994, 0.5895562522246668, -0.04738566382007854, 0.15214620770002835, 1.425095592687795, -1.3831663150496114, 0.416347138858283, -0.015852276678927957, 1.7640057208610578, -0.021120083443196738, -0.19004898022257638, -0.07199486165935876, -0.48558890421434, -1.6671035934512721, -0.03598059542702071, 0.571501449314063, -0.6831024949336147, -1.1691801827036947, -0.3466292338016319, -0.4970014062846421, -1.8017855562688152, -1.8746579405261778, -0.08005081077586297, -0.8458099746545511, -1.371954583272029, 0.7160911734215598, 0.7749666532290282, -0.08761660258204303, -2.692492364809984, -0.990905325003863, -0.24702070357150338, -2.5819257118971652, -0.7138720798527188, 0.4604893598077575, -0.45101119890564745, -0.6215494422458814, 0.08221237839231073, 1.2308888866273169, -0.33613282661423993, 0.8290544929849167, -2.1699063902343827, -0.023264450805198438, -0.4351581220176747, 0.08019063327501035, -0.22983118022263238, -0.2098458882598402, -0.6960066098908516, -0.8558678096579142, 0.13097383260540618, 0.5640241150313635, -1.107956817817573, -1.5027739032410867, 0.7162247499591171, 0.7009963122337455, -1.4957923813800071, -0.9026981096518937, 1.2671300614210086, 2.1829988104895994, -0.05286686292502727, 0.9968624789550297, -2.4682241775538554, 0.7894933961379341, -0.0191094256560127, 0.8193014124993167, 0.012657170869713833, 0.9072641444195316, -2.7244565125834077, -1.578453833727192, 0.6124395540871452, 0.4323088635278177, 0.45317760789382205, 0.8558721667010323, -0.14229233544514902, -1.9666023953869818, -1.1427885684480898, -0.8482284264000148, 0.0062965544971253316, 0.27259270740450764, 0.4132902232567786, -1.406277437559818, -0.5271469051989669, -2.2295173828437163, -0.1822109827862835, -0.07344397679926255, 0.12399687155914996, -0.632048001375471, -1.1282570951876065, -0.7743024529349096, -0.8472544246955536, 0.3345446862162337, -0.6714521017073986, 0.3246283930640234, -0.5969484979441633, 2.4006363640963357, 0.3400035352348749, 1.5541519135460995, -0.6223269578453209, -0.4304148832587616, 1.398420172413012, 0.18053495773617761, 0.9423110983208673, 0.8677431672148785, -0.07452222289908186, 1.5374340626574396, -0.2736977316132112, -0.16871698902582474, -0.6788637046909605, 1.9935663238543493, 0.33180937994965864, -0.22060971575145727, 1.2988372030188482, -0.8062456050638973, 1.0181086761143212, 0.515870571905242, 1.6432387699570934, -0.45097096726383895, 0.8720740871317954, 1.7504561460196524, 1.1487503234448857, 0.5726263007662032, 0.47068293925418936, 1.395797906834999, 1.8145258829358097, 1.1304418748073928, 0.9112836444540798, 0.13068445209866117, -0.42388864995989417, 0.8008191538421546, -1.5602890934199314, -0.2255876658503788, 0.38167677991901483, 1.038350234228111, 0.5029893014946553, 0.4717667730815885, 1.1939270952448127, -1.8373072343970946, 0.6499672892630343, -0.4286114598823866, -0.6732999714654606, -0.07119091454025932, 0.4317794360718565, 0.6478308995800119, 0.27909127391322547, 1.2094732653570814, -0.08487726890612929, -1.0971019036884941, -0.12425848114302801, 0.362219175769927, 0.3773353485180109, -0.4004074503475107, -1.6386923299171607, -0.04266827266741268, 1.0568319556949186, 0.72510387693241, 0.08800043683513437, -1.3570816757293798, -0.8239465623093694, 0.6823013774259274, 0.46306056958761027, -1.1802980946497634, -1.060703734831374, -0.4500660492136984, -0.05193334828328173, 0.8457195676071461, 1.120379853963392, -0.7823400480892327, -0.13015482323041475, 0.8230465908449225, 1.361447976453039, 0.39972215923801657, 1.2858294577370242, 0.9741376220209498, 1.3983014278978896, 0.5394668522686933, 0.36182343293509617, 0.49533575092905174, 1.8304425546709828, 1.781727006286444, 0.7697245886023654, 2.153168327081587, 1.7020934766786757, 0.5804619775979396, 1.5266089354318197, 0.9275736784614595, 0.6625272724314792, 1.6274605547022845, -0.436534668347365, 0.6923777909719974, 1.1622735496221295, 0.2959377177817287, -0.8105394923897079, 0.40455939266987234, 0.886996344860418, 1.7063841809227673, 1.256876350213993, 0.8836793429116518, 2.2212832711680055, 1.5065585127460739, 1.3292758525634054, 2.488196311515135, 2.162726348058514, 0.19293302793320039, 0.7418690493472868, 1.3145126333759538, 0.49762847415855005, 0.6766116431481164, 1.538298007086014, -0.18110930316216037, 0.7783583146872126, 0.6599243332492182, -0.3670481693980943, -0.7906384362003116, 1.8138313411051243, 0.46207355403940786, -0.22908485040578894, -0.7915999113976685, 0.6782190062826444, -0.42534164865735885, -0.5187200107223424, -0.4506593670639129, -0.3289656085472151, -0.07626457898974187, -0.1507650673165977, -1.206380126973025, 0.6674878178754196, 0.7439899731431917, -1.6552553826430385, -0.27746342523006334, 0.6860760258444699, 1.2760039279537994, -0.0886282357282774, 0.05439637964581715, -1.5523047187428982, -0.18610416542233024, 1.997864951398236, 0.2272345838053044, -0.5345994242894478, 0.6678170870854655, -0.719430757789995, -1.1463531538557599, -0.6551633444786187, -1.894511087510159, -0.08380390043669936, -0.43997181052974554, 0.17752583306251887, 0.44440683418900895, -0.8375644139657511, 1.3824096011617826, 0.34961771859328383, 1.4796989492868755, -0.4910808240383739, 0.058649388489509936, 1.239679485654732, -0.013200896295135154, 0.06931624401917626, 0.5572283280495668, 0.7396479005753244, 1.0371955492606222, 0.5528018533020682, -0.15979542391295595, 0.3872742076265272, -0.1808666591328741, -0.33573193371312526, 0.3398214157224456, 0.622511191979843, 0.43779222296325615, 0.06430960201208566, -0.6878821157361186, 0.7995036087840689, -0.3627315993116541, -1.6293928163132068, 2.326982318002114, -1.603814170185903, 0.5343718160033825, 0.3087130355013829, -0.47572529213578474, -0.6507146339066575, 1.4702952150001627, 0.3685561594099769, 0.9537476135967082, -1.195027068116071, -0.5490920208086955, -0.5786510274541341, -1.2457787386228945, -0.07632832379401748, 0.9838528231458308, -0.5804259122210985, 0.08601532097741868, 0.4652737160722369, -0.21109605919463129, -0.5105495600562747, 0.9479941535975511, 0.3122619289666145, 0.45377114128983304, -0.8145403980158038, 0.25108521953583185, 0.7285134302749637, 0.632139286174419, -1.100489047581072, -0.11576045870820248, 0.815115663040058, -1.7787534791449602, 0.24422445552996608, 0.058165260786888065, 0.9114989111940296, -1.0794427154066422, 0.4298316714981871, -0.11180594080998632, 0.3808052917281903, -1.2647273945148907, -0.1889488227276324, 0.6450487247524508, 0.41978054786684416, -1.818842691217576, -0.6700667446229815, -1.2660044985961565]","['v110', 'v66', 'v58', 'v63', 'v83', 'v10', 'v43', 'v102', 'area5', 'v104']","[np.float64(57.90317875905411), np.float64(8.247826268825172), np.float64(12.810568871065518), np.float64(13.925575376557779), np.float64(9.56634345208984), np.float64(7.328297926003443), np.float64(10.174949534166021), np.float64(112.81679944558296), np.float64(86.47134551041295), np.float64(333.65707709792)]",2.544515129189687,2.7095454194722968,2.828673513578744,0.9764724475562871,0.8087494027786349,1.0848713726671506,1.0670653913814947,2.6889778944572176,3.290043105766829,3.2723463540113316,1.1608079799618338,1.0984140065316201,1.4194096421878355,1.3268889201386669,0.4266089726824661,0.44188621517420396,0.43671868925112994,0.02835249323575996,0.018187206209673512,0.027461162006394015,0.01700599510290912,2.540159508929327,2.5614453660885586,2.6743244162126065,0.9207342265189981,0.7782302121154512,0.9454421528659168,0.905438492401732,1.0304741321327278,1.1542936378062991,1.1301123085159352,0.2811986881119451,0.270229878325889,0.4817866344864069,0.2842655883948373,0.5422989795746915,0.6259806215299046,0.5984430431711727,0.15551407182279314,0.15440806002758717,0.21045108427593812,0.1478779228083304,False
f682_b,m849,"['66', '67', '68', '69', '70', '71']","['297', '298', '299', '300', '301', '302', '303', '304']",f682,m849,False,2,forward_no_out_standard_k10_lda_nc2_sex_on,forward,lda,,standard,10,2,37,6,8,True,0.9699882864952087,0.03001171350479126,0.001088462769985199,0.9989114999771118,0.5381627678871155,0.4618373215198517,-1.7752096760997158,-1.2066546637804438,1.3810965374368502,-1.161680217615326,-0.0010433444695445598,0.04339467119056507,"[-2.4710006815258434, -1.851579174991043, -2.403624520255097, -1.6375818125429893, -1.8349526391570665, -0.45251922812625633]","[-1.498091321043479, -1.5826222517602557, -1.1789266789707178, -1.1466167364629092, -1.1684980426562062, -0.6651729517890957]","[1.6279038546445401, 1.458011285449236, 0.918274683576742, 1.0106828928006724, 0.6989023405544562, 2.0127227639730254, 1.5718564466273615, 1.7504180318687688]","[-1.2750819232465591, -1.146254386443276, -1.2355427649940767, -1.0426548797495245, -1.6491761696822087, -0.6223106326836502, -0.7216678366154425, -1.6007531475078707]","[1.3588499781713488, -0.16952055419407908, 0.7454904214435127, -0.9964250383571436, -0.7386095317789264, -0.661642186600647, -1.2343864903950006, -1.0169620632464493, -0.8946203514407802, -0.31322136354007424, -0.2901165281452999, -0.5598915490922571, 0.6560898388553517, -0.33230017399413225, -0.6214261818980134, -0.7468915275682633, -0.7337614645144835, 0.6053516037879194, 1.435723168447567, -0.972298876446035, -0.9520118402806409, -0.5156158243470157, 0.06172421717236304, 0.011565074619573533, -0.5450862600416175, 0.08985583942300625, -0.6521304777363371, -0.3775973200736927, 2.114383927774566, 0.23362674140594675, 0.2568985036067023, 0.014111197004881526, -0.4814208836568104, 0.8106311705934608, -1.2176816236751737, -0.7984087294452406, -0.4440987641180783, -0.933058337657517, -1.3783254039715467, -1.1137025867182255, -1.0470362987797468, -0.24976636884133063, 0.013132046585029759, -0.5546447423994989, 0.1636328845769366, -0.805209808074548, 0.11196968472226936, -0.4058052223303402, -0.9577221417384619, 0.46266783676416867, 0.18441935150759894, 0.017048733011817238, -0.08819957124650779, -1.5863735537312145, -0.6991144063233975, -0.17230146214297085, -0.8039355586734183, 0.7743552929802726, -1.8438767739218451, 0.1619122221585442, -0.7134909789663879, -1.5160835550096785, -0.09415146371195243, -0.36455090295995113, -0.46155334533968595, -0.8112547709221121, -1.1508567513214938, -0.6128737165364269, -0.6598020356848314, -0.5085068331021108, -0.23903934060502177, -0.2949903871832102, -0.0317151240729696, -0.19839644509680984, -0.6603604919437311, 0.9737262305977856, 0.6032630395566956, 0.5673737421646665, 0.1823673039531828, -0.1511842345783001, 0.2796689692300605, 0.6082593053311638, -1.0327861084311332, 0.03365387145462769, 1.3211445301727203, 0.9067707668577203, 0.9441462331430713, 1.7220291284910783, -0.21603730994727655, 1.2041526820649053, 0.9476868533870485, -0.08061295850108446, -1.2825986443675632, -0.11105146809433786, 0.06490960717636447, -1.2927151548235039, 0.006995153147281109, -1.0244798566832283, -1.1135049786698674, -0.5796206322657381, -0.6661768131287675, -0.15127245746042906, -0.3225765980427467, -0.676144358251702, -0.9077614305690253, -1.1230638292091337, -0.8098154042492106, -1.2395747387079323, -0.37491361146395125, -0.10822620205255867, -0.9602318694441337, -0.2846286874603916, -0.6541917832643389, -0.7230737020849713, -1.3912082873914113, -1.255511037512031, -0.8080957257024886, 0.40363703646182125, 1.701067728023652, -0.7353712829953555, 0.9696295944711109, -0.5802791660396263, 0.833101540146774, -0.17561645599180803, 0.015499196714611937, 1.0271705703142298, 0.8916630721277647, -0.9874609024965249, 0.17246529388452167, 0.4969302222357481, 0.18257375313657295, 0.2536828861780105, 0.44389920282936246, 1.0724807334299746, 0.7808168943503037, 0.7096993385477216, 1.2120572927114104, 0.5990607800266622, -0.4067309054045023, 0.8441880801301934, 1.09754002315737, 0.5796008634776602, 0.11008594439901112, 0.6128806350559954, -1.2952267642586095, 0.2570348084670262, -0.16424283723579974, 0.06849385577334044, 1.183077850327523, -0.12357461416212517, 0.44555778873079416, -0.6763707975620037, -0.027359164820457138, 0.42250227008656394, -0.38931634596018905, -1.4208178092997326, -1.3817606879378121, 0.5806586007137904, -1.617322344394314, -2.0179057429529808, -0.9270154056411355, 0.06149214298328833, -0.7850027175385458, -1.1376177215417351, -0.22108150999933812, -0.24866304210615442, -1.5923671761431932, -0.14410584231729173, -0.5216392096781431, -1.1517890702937092, -1.4632711850964275, -1.2647899239592881, -0.6364291360132118, -1.25795385238071, -1.76728113653908, -1.1388361046988495, -2.1045509376534866, -1.4455442988771678, -1.2009267547434421, -0.4168870256121412, -0.35269345298511284, -1.3195482855209102, -0.007827322748096902, 0.2693325626045597, -0.07881260426093196, 0.3022038426861262, -0.5506767235542738, -0.5216151751025996, -1.0406625709488055, -0.7382795869481269, -0.20190501605474384, -1.5207928774009245, 0.10339581268875982, 1.0752661685738907, 2.1241094886795437, 2.2205919318264984, 1.2993633462160954, 2.393276760801886, 2.179982409211181, 0.6056224578490136, 1.3295255617972601, 2.6322542443698715, 2.0875851678204724, 2.1111994662015987, 2.619480688136897, 1.0313016738329999, 0.9789541775730872, 1.5795498225878095, 2.305159831601024, 1.2918648626141367, 2.921080629749228, 1.3550024789671005, 1.8831383696856596, 1.8644752463474639, 1.3088290931999704, 0.2427000914590594, 1.2817519026517197, 2.0986601007160774, 1.572455218400708, 0.054786227238518094, -0.05464017075290307, 0.9223353850248865, 0.5087665715022994, 0.5378807205254703, 0.9700394459426545, 1.1095118352429896, 1.636944582415061, 0.27398160358752083, -1.9994263079448242, -0.7031175079468694, -0.16899409898384485, -1.4194267187511758, 0.07308959589680893, -0.8641914828388553, -1.3293024113244252, -1.025356656653244, 2.470111974886006, 1.7289653731474868, 0.005725784216138693, 2.5476594715094767, 1.5424282757338537, 2.156741972684256, 1.422436368979342, 1.2145085553120079, 0.970918205120625, 0.06922811410532584, -0.9888195283729597, -0.8842892857207901, -1.1064208225819978, -0.852186790795975, -1.2888909389464582, -0.2356532462518288, -0.2571474958680138, -1.7614777283614307, -0.6349576011715868, -1.7572449476311958, -1.322381853248313, -1.6549761430092154, -1.0450074835075762, -0.3640822859655559, -1.4920914766312983, -1.7254860230645732, -0.006166905636527678, -0.6254549755028314, -1.118615702269139, -1.7036287049033119, -1.0960665755794015, 0.6749623639612317, 0.4210478294212393, -1.447479233564144, -1.0274485817523535, 0.11924171101035183, -0.17609235023241035, 1.2877050520883517, -0.8082401736216478, -0.7711463114771177, 1.283164223331036, 0.8654821312241338, -0.06616987080023239, 2.171411408811984, 0.6197616350386289, 0.8571742817934004, 0.3833360264051655, -0.3573285304868391, -0.014174780850617475, -0.6753740823021493, 0.7877955669658392, 0.9733855597134624, 0.05352869860707508, 0.2024679386916731, 2.3719317344329425, 1.1967927874269457, 0.24386407242413033, 0.1763765046604007, 1.38794736550693, 2.0980415211184282, 1.4085421388610764, 1.35913030628953, -0.139956287082074, 0.03647399585373111, -0.5143354402986352, -1.0342659264443428, 1.411984394237672, 0.29304979504936174, -0.5864610380623408, 0.5175664044217316, 0.9538694198920834, -0.06571357567687662, 0.45522356787270823, 0.6520114854612069, 0.9930257434876104, 0.25162591052692335, 0.29788308195209884, 1.3126357313489083, 0.6138533119556099, 0.5085276105426245, -0.28417630082758216, 0.4565798192218327, 0.8303893293710665, 0.4563785052511579, 0.5010219862060165, 0.9599816294050181, 0.5361276755850335, 0.7315531147921498, 2.283317475958781, 0.5021277479123317, -0.006910809765635141, 0.5517802478787076, 0.798227025950384, -0.1369673384425309, 1.2796597975106683, -0.003801524806088303, 0.566621669676447, 0.8923363644809956, 0.5039381373576676, 0.5745200477433797, 0.8727778107064874, 0.5964878117927837, 0.3829253555750168, -0.06613248443552158, -0.7804332303353219, 0.582995186820804, 1.422955488703751, -0.8419924065714627, -0.8824552814091943, -0.35179107145816807, 1.3130086840173396, -0.09638624331028581, -0.1318586380130167, 0.08459352071267354, -0.4322971326357415, -1.0001197437641693, 0.07247485974081122, 1.1205595798533958, 0.5811818729474247, -0.9673794599085445, 0.7146846763425357, -1.1665750053698467, -0.8940976375009094, 0.5537868777875896, -1.3693004710488204, -1.271282706237476, -0.4714960838374277, -1.1347531667677433, -1.2639237183633003, -0.5228058580038448, -0.7245646336505878, -1.8169659450661808, -1.1222352852973865, 0.03312463297765914, -0.44517764752731975, -1.1756163121253593, -0.590526916397408, -1.5599367902804853, 0.5673995152626896, -0.4189387472891725, -1.285460610113894, 0.4291209951672814, -0.9676646650975967, -0.210553243158256, 0.5327868973569684]","[0.023194125181097865, 0.6588995034073121, 0.17046024538293747, 0.5865145613662226, 0.6199462254228898, 0.4574536128451347, 0.9976427426071186, 0.5312436821324754, 1.0298917534958618, 1.8424743337828813, 1.1866689529121972, -0.5330074164909939, -0.9735414384179653, -0.24170845283163495, 0.30250529581704955, 1.4897995986970034, 1.1149241548607258, 0.5347285821601389, 1.3095727255250187, 1.8621817022931035, -0.5983773582401081, 0.8690703613377615, 0.8994298918709096, 1.7109074834010447, 1.4584012489677858, 0.7231330680448275, 0.3487411554755764, 0.2258311384340737, 0.8555488374560415, -0.0011665432746769918, 1.9730298629727983, 0.5336762905400676, -0.8057094146712415, 1.4757828778550741, -0.4053079390073266, -0.05321865890840589, -0.6033770623907067, 0.4331904289824645, 0.20603850594187018, 1.4150890187709717, 2.0139335395137308, 1.1915501962763417, 0.8694165198296374, -0.6042371655949913, 0.030073004644729392, 0.6354908214983882, -0.11688075634505565, 1.533809944025273, 0.7474205672523976, 0.6451766653054902, 2.4512313119960862, -0.384768629467826, 0.7553191873520605, 0.9504390011255415, -0.2792223758003657, 0.34763473344902474, 1.9227288054032967, 0.8645065721449221, 1.0716788194618212, 1.0493326377338361, 0.47794721215708214, -1.117315642417373, -0.5598915261525933, 0.3851368803229474, -0.5893362354845815, -0.6628077557585399, 0.05824527131742079, -0.05168152602996131, -0.1092061312226714, -0.06833172733495385, 0.6609090597433577, 1.0056110781495649, 0.9887870270447836, -2.520095321026321, 0.07068997095745323, 0.622816019472687, 0.20641204526912638, 0.8786832127187862, 0.504698559381913, 0.7074981241440478, -0.7835247018150808, -0.9345267591161572, 1.1153990672578589, -1.1256975783118064, 0.38249103195715434, 0.22051031360836879, 1.5449254251250926, 0.6302368158931735, 1.287619830366964, 1.0422481661387888, 1.2346899692198035, 0.7314348433780175, 0.6721774703953828, 1.9084169938067816, 0.4007911944778496, 1.8580677156702676, 2.1480673943838813, 0.6175654320498135, 1.9988824967409766, 1.2205269568453678, 0.7846070545469422, 1.112081579504854, -0.22562093841419756, 0.7597462013533857, 0.7712022143577237, 1.0097401763399858, -1.0492705848369348, -0.8786556150577808, 0.09660702581136298, -0.036968509837380766, 0.42474474039436544, 0.999361985587088, 1.2153308494474353, -0.1614287937708698, -0.9969805327319139, 0.47538107543058095, 1.696308475856997, -2.2172377481052816, -0.01705030526937363, 0.21233764795901586, 0.42556993481078687, -0.650782211134151, -2.655203651420874, -1.369725411995889, -0.684080559529832, 1.4540088204528732, -0.5686304347037335, 0.8657306669542296, -1.2063460987788202, -0.25803504715107856, -0.019723923405770043, -0.40660331142681727, 1.0447797460517192, -1.2563948891060932, -0.6121157135310465, -1.0592417892134702, -0.9260086030224497, 0.465147370060917, 0.887932754668358, -1.0451539882939556, -1.901643640369779, -0.14152936586821896, -0.6630837638311693, -1.0839316617208359, 0.6244466284133188, 0.7396994575284616, 1.487772736465349, -1.6668602052256467, -0.36546446205279987, 0.567717979825706, -0.018701688046288484, 0.6913294484238052, 1.333847082213636, 0.010809259359749903, 0.5540989301839796, 1.167910100027739, 0.08374596736625081, 1.227505457889608, -2.604601980641367, -1.606889809601171, -1.0591646981988883, -1.1320306572579388, -1.6726838985610997, -1.131750688742188, -0.572266697350847, -1.1578685771962771, -0.6151399115822914, 0.451742185470978, -1.4346600113280197, -0.4453970497333695, -0.7005508661887558, 0.6114722867437983, -0.9245922743220122, -0.9787171244346989, -0.16262823391516049, -0.2591885945918393, -0.0471483483477727, -0.8519612738076868, -0.6661044049428669, -0.1069482366695135, 1.477062307420073, 0.6650242133801272, -0.7604019743705267, 0.2202494192568755, 0.4798993313777644, 0.6596877297011676, -1.880727207158143, -0.5384177889365191, 0.6699449134306721, 1.2950010850790912, 0.9402735619918664, 1.3787379817291128, 0.27283488476099177, 1.5681296011482375, 1.0459607356456087, 0.3757912470199955, 0.4804093388550632, 0.731032449415734, 0.9702993178562783, 1.0357498370890714, 1.2035292395408501, 0.5598483433430075, -0.28711218165348396, 1.4204641658037955, 0.613593784323699, 1.6865004622635542, 1.2861186100350437, 0.585515733978228, 0.19986872255656368, 1.1973755956965852, 0.046837126413289604, -0.3650302735110872, -1.4639211950184705, -0.22888382597153012, -0.04626245937796564, -0.4489969007530236, 0.43982433324993175, -0.9656731041630044, 0.9248674761902477, 0.44329366132797215, 1.3885240319256458, -0.5674487693002502, 0.5026642610427514, -0.5346409250925992, 0.41721955735209054, -0.3617872151282828, -0.4509075387542463, 1.5977475068800313, -0.6103673443634937, -0.80909361363523, 0.5440679284666421, 0.09144736193475246, 0.25999860211457615, -0.2804559778802903, -0.5780769112581798, -0.4694858441202112, -0.2861367246189422, -1.2084967376625453, -0.3386434787966257, -0.22420319571179434, -1.0558569300184224, -2.8232162087081814, -1.8577188214173534, -1.3093248907544779, -2.234464104900901, -1.1935962385930947, -1.385983207099595, -2.4556021435749344, -0.7276974260306145, 0.1657613896209571, -0.696207694219969, 0.30524778837318206, -0.47688653510679896, -0.8530896759000862, -1.009220128294525, 0.30539253925618665, -0.6171088758621108, -0.3534750006482915, -1.0753694224438155, -1.099777020509906, -2.5032463381908863, -1.2890341018015408, -0.29216874709216833, 0.2513582803067605, -0.8435901569753732, -1.3327849077642353, -0.7315153999829107, -0.3730554978476455, -0.9470503967197286, -0.039656771387705306, -0.11943843662366248, -3.2659134863901227, -1.7536153301274497, -2.411240216233281, -2.909621280829421, -0.44435930547666225, -1.0292353470234108, -1.443301994527481, -0.6390293367681077, 0.22692669229147977, -0.6483774176174197, -0.41270493322204865, 0.7715917056252308, 0.1875483127281001, 0.35777414384966266, -0.6968952619405512, 0.14670126853911172, -0.1570727249825305, 0.5598665212608879, -0.10181937629728662, -0.6445213942888084, 0.26869141121502166, -1.5761721778049917, -1.8059365114460408, -1.05957270362897, -0.5268448774825124, -1.366425150219877, 0.8799358612194605, 0.6619767059038648, -0.44292827717593936, 0.18654269666485354, 0.09080621346433898, -0.695594367210387, 1.5118962495742672, 0.8378233062584399, -0.11431082260376062, 0.962496511909724, -0.3762248149740474, 0.7246474643554459, 1.116621426450748, 1.0942003559263587, 0.777852270220065, 0.2267145820508728, 0.38342373664790597, -0.5250465321035197, 1.0644470763848006, 0.8930418940572304, 0.2009201105527702, 0.21192954843088366, 0.6625736813167571, 1.098325813898101, 0.4128153864577983, 0.4678611580292866, -0.017468034996579743, -0.8438915080456529, -0.3492445680359296, -0.15248216703395864, -1.1969039985770358, -1.0438613050608827, -1.9373875619218481, 0.7450077882693478, -0.706134354014279, 0.6631125491946264, -0.7425067301656532, 0.5013857056190031, 0.8789079309616767, -2.4780416843957873, 0.8855601576971741, 0.011810922606120142, -0.5779755516298615, 0.1109243332014972, 0.5761410408371321, -0.41436396056849817, -0.6341000527962946, 0.23016787676620679, 0.2582911753280803, -2.1436360080394117, -1.5333813451891654, -0.0036872883951095193, 0.25668887649072186, -0.8659604590577572, 0.7925259473379277, -2.397795573791041, 0.6434279017211589, -0.9083672971317147, 0.924381084657722, 1.6480590120220444, -0.038385548707206105, 0.0793547036431251, -0.3131055810971172, -0.9169426123714663, -0.15633728884384496, -0.3981143256169768, 0.48258385837142453, -0.2482782716234464, 0.20547944524192369, 1.169390567817193, -0.41907959466268474, 0.5676175130796167, -0.19883323358114058, 1.2154143152117272, 0.048421865946620596, -0.811417072787583, 0.7949090612723169, 1.7776245696207027, 0.1112902289603565, 0.29307078095792355, 0.6517535840039819, 0.9472777468387192, 1.4699698455838917, 2.435254845054552]","['v115', 'v63', 'v26', 'v1', 'v97', 'area6', 'v117', 'v36', 'v66', 'v53']","[np.float64(129.16919066051852), np.float64(6.251003680114819), np.float64(11.1155566979067), np.float64(9.306228115735752), np.float64(5.061720699622197), np.float64(5.518294387770422), np.float64(15.28367506683326), np.float64(7.830317523161472), np.float64(18.155782261026772), np.float64(97.72882018125426)]",3.156626619417855,3.194853097965272,3.3303077923267983,0.954328634269292,0.7163719992847457,0.760040528696709,0.7342435122822577,3.201280659701684,3.5203993313025506,3.571108362956502,1.203950721058684,0.9557409180535918,0.9890365205212073,0.9779460210351474,1.271052502377086,1.2042115358902794,1.220174497452755,0.03249040619717037,0.01196550384459616,0.07217355193340536,0.04163035592816278,3.156306213536566,3.1563062135365665,3.315744832136059,0.8852304155259745,0.6360480423687769,0.6723205168934943,0.6349961262033883,1.0189899015204353,1.1624238122192676,1.153922293711161,0.44902195077196894,0.2713147032779637,0.4073778155302259,0.41997957192411056,1.1588564332999591,1.1953342664278344,1.1171506129059945,0.23317530995517394,0.13620843843280006,0.19642233408246274,0.1901835817138412,False
f682_b,f440,"['66', '67', '68', '69', '70', '71']","['451', '452', '453', '454', '455', '456', '457']",f682,f440,False,2,forward_no_out_standard_k10_lda_nc2_sex_on,forward,lda,,standard,10,2,38,6,7,True,0.9699882864952087,0.03001171350479126,0.9783520102500916,0.021647978574037552,0.5381627678871155,0.4618373215198517,-2.099726173190134,1.687021359545365,-1.6339440484556387,-1.8429053715020043,0.06308652330270414,0.007291888302472296,"[-1.6763908622185593, -2.442874772531662, -1.6390453101739273, -2.720313888806207, -2.6178056287453164, -1.5019265766651357]","[2.5193504789348595, 0.5743879436626848, 2.1803822635235144, 1.0771283066143347, 1.8399830042101701, 1.930896160326625]","[-2.52935605302441, -0.7027867990393748, -1.5708382784849009, -1.6234928535361473, -1.8452551898312237, -1.7729819213833173, -1.3928972438900946]","[-1.3386937422850735, -2.4022315901579345, -0.7059572115587787, -2.045092011249441, -2.3442664919944844, -2.1117376694644308, -1.9523588838038897]","[2.244431806607332, 0.6311065871585539, 1.043546449551949, -0.05302375961712887, 0.24983678582912094, -0.2835071741714066, -0.06892144828531299, 0.8570918626503657, 1.1006003647498395, 0.39871742744769073, 0.4804070621669115, -0.4728424194390987, -0.18656259867018543, 0.47987127887710695, 1.5243301446351387, -0.254191279216726, -0.3767253535606411, 0.8576860500213017, 0.7631576979162827, 0.36601021864242056, -1.1457642046661909, 0.18816611578926806, 1.2360285594134064, -0.20027511822895208, 0.19111739408060638, 0.3887078753200591, 0.02202007843484083, -0.713395003327959, 1.375921860653473, -0.5391567816635712, 1.9190548041571014, -0.16103645790445634, -0.9539232989198926, 0.8666298168976027, -0.711164038681622, 0.031920049874455285, -0.6441524400838627, -0.9619665486304756, -0.7914982644565964, -0.21847022520704015, 0.5296785120212247, -0.27088349733221145, -0.5854078858727965, -0.5640366509228244, -0.4806470047394159, -1.3725708889883792, 0.21540132706863946, 0.2375582052721131, -0.1065414166152017, 0.3286077588149223, 1.4622391510410164, -0.5045131651106998, 0.01666497766056153, -0.09228553397214458, -1.3602694305373089, -0.03850081726854068, -0.09119756000195625, 0.8698693791829091, 0.20377500172177868, 0.55013444590868, -1.3025267018173767, -1.742138765887417, -1.2916129408693975, -0.8996658291246853, -1.0509857592743141, -0.707037399122792, -1.527283964417385, 0.21849241523613458, -0.7004539027897919, -0.6113136292271827, 0.2560368103425555, -0.6912365301570956, -0.42487527422594124, 0.2746797412410058, 1.0339147457001632, 1.7208383808785421, 0.9800668110620018, 1.6035674464861365, 2.4844130539116343, 0.9102250994389981, 0.5683702709240022, 0.8197064235922263, 0.5480971693660616, 0.5969273871634262, 1.4219907656657145, 2.2915149132480086, 1.527049958131682, 0.8142620898027072, -0.06031830792383837, 1.8895658902488275, 1.4937605143197397, 1.4215913224804888, 0.6366494710595304, 0.4792814730421693, 0.4778634138803695, -0.2244236798951392, 1.3330844240381492, -0.7976760115708336, 0.89060862335319, 0.2942051859605949, 0.17322518428315511, 0.4995050610295802, -0.8536768351030183, 0.5970558169916924, -0.30848418197943106, 0.4899087328759866, 0.03527808740187924, -0.33318752385847084, 0.5806095248837503, 0.7783418731417175, 0.014977068450861336, 0.5757400188949059, 0.5826442218328685, -0.9985572570624017, -1.1690511191195099, 0.8321880766982223, 0.05321306299565872, -0.7684016835024381, 0.5198970505036276, 0.259910676194706, 0.6103353379335795, -0.5752613302620015, -0.31060365120964084, -0.1642780593252612, 0.0011956040315446023, 1.159820326590083, 0.45661254486866176, -0.6895951984169068, -0.30633565902402227, 0.4112155751337558, 1.2007412169206602, 1.4974936271616281, 0.8786300114640888, -1.2335604557903355, -0.18984557940828123, -0.6637296769083949, -0.5001150334156002, 0.4001871682920606, 0.13627394018565359, 0.44944444670466427, -0.3461697983771095, -1.057486587323033, -0.7324875464013327, -0.05342434677669329, -0.12436511101061302, 0.6830773633836718, -0.04214616347576398, -0.5758071337736781, -0.6392856861375925, 0.4202812185147046, -0.42633469896163967, -0.006163696517790254, 0.7736017081080353, -0.027853018089334592, -0.27808749203775807, -1.1572867755635576, -0.5800472746374326, 1.089451823220096, -2.731141650578801, -1.6440125860269013, -1.0926440303835985, -1.0117503489321908, -0.5710268004210479, -1.110726591927659, -1.2623332056153143, -0.8946744001115748, -1.331650790522978, -0.8721157864267294, -1.3187395001728208, -0.7960271488435501, -1.4823125133020134, -1.1812240348830614, -1.3605364065457874, 0.06360802594018304, -0.8538866355211137, -0.0056192272350950425, -0.8325418180221952, -1.8503378140258726, -0.6237534365157154, -0.7547249656337234, 0.4167275936593494, -0.1290408685254969, -1.0534299569131265, -0.6325365470197069, -0.0644279272904372, -0.9177280078887604, -0.9558330115919909, -0.7344815078579079, -1.4007779973820569, -1.1896444630252088, -0.12669395615878495, -0.8204792468289699, -1.2215746805811925, 2.604018283299905, 2.024422105582269, 1.395585696259544, 0.9701393729509233, 1.8598864845393048, 2.221398296015459, 1.4060428002928171, 2.439911811456198, 0.9862706933115167, 0.6441152154997951, 2.2476961112776865, 1.6143367272830027, 1.5778517811923927, 2.0788345799970505, 1.3045987156984542, 2.1538026240077275, 2.4310982873748777, 2.8271583612812963, 1.0906363465720887, -0.023404991288717297, 0.4270618123831456, 0.9228741518871082, 0.24912627715592223, 2.020208431668607, -0.31988864885984886, 0.3753749097051357, 0.17220768500000216, 1.4314302968788335, 1.870818042822594, 1.1610346367335551, 0.23148148280130132, 1.2985265754342377, 0.1749853274571595, 1.0130939399513814, 0.3151674741703057, -1.7377829807627387, -0.73175424347891, -1.1633346910405613, -2.29582570480836, -1.0941403118207298, -1.527089598805135, -1.437633304440724, -0.8087534094810507, 0.1653707667088621, -0.5411535234562184, -1.7863021585967271, 1.1015365894383273, 1.9992634965080138, 0.424132063436041, -0.029953528345535645, 0.4886695134364642, -0.04110631532026338, -1.7209719344947312, -3.1019415588659123, -1.8430742040508798, -1.343419729068849, -0.5885095322071631, -2.221170374509914, -1.8971029960579426, 0.3751869759782404, -1.3435857586254778, -1.1712850807400683, 0.03679510142263936, 0.22836119291519968, -1.2444608345631105, -1.5183227583394885, -1.3955221345866025, -0.6126835225068792, -1.6417072070693322, -0.8071473582312492, -0.8926169820504385, -1.126326113242882, -1.8180765760864968, -0.9969750751710351, -0.34636590910869614, -0.6301191252746969, -0.8106826514883277, -0.6765077236459283, -1.2487445332593556, -1.3131721733703294, -0.7058367103110599, -1.0549038263316692, 0.2654332819073784, 0.08790996729489227, -0.20720010133891262, -1.016297359319568, 0.1940780089362565, 0.4016984172521126, -0.5208109947650749, 0.0031844530460194346, -0.14216841755826432, 1.297694327533107, 0.20458210900444262, 1.2177409069928835, -0.23626662717041877, 0.537490505790203, 0.1431769640527343, 1.3479089553741384, 1.3708555494815762, 0.4031312011371612, -1.2209274963094578, -0.04025372025851269, 0.9088878424871278, 0.28005959610223685, 2.377916412018009, -0.2539329491090315, 1.368832621611172, -0.10709627873974552, 1.0724033301064892, 1.8763895052747581, 0.07585623651775115, 0.12930632630292127, 1.0168755752043017, 2.4301214134562823, -1.9145374934882153, 2.0547726056727997, 0.5911798907369062, 0.8847857239846726, 0.2686207297756134, -0.618875421469145, 0.11184067441268161, -0.307459879440917, 0.9495612828436527, 0.12486248938518364, 0.18769889843344548, 0.011969825387521782, 0.12849482673416524, -0.3216679015788513, 0.2904294090685539, -0.32993924636705885, 0.8209094464507891, 0.6525752275322956, 0.4718540328775034, 0.9122027594770046, 0.4954064822911985, 0.5621677482208627, 0.7364824292176329, 0.9596104023627893, -0.21411823144921002, 1.158013760145596, 0.7894806754474528, 0.6383569114370036, 0.46212129628135545, -0.35883092076320633, 1.639668029267745, 0.6980418628908376, 0.3474431658480375, 0.6293779930727826, 0.16918571736517501, 0.6268518520240829, -0.5777523078666573, -0.3407020674267952, 1.083803011223932, -1.4827931301915709, -0.9400798524317198, 0.8487518591054616, 0.46909616479866, -0.5065387257817382, -1.6890117518068353, -0.7801294089142781, 0.6921192830792626, 0.7121659112861898, 0.8479549932807069, -0.2218470650533766, -0.21817665773416853, -0.7499774310843038, 0.36964218321027287, -0.39137725657647576, -0.8096073985471491, -0.930670510082292, -0.8939630378002696, -0.26593189311016385, 0.15714031206969206, -0.3254189945670948, -0.0923567954413959, -0.3465848107252, -0.17497960709326899, 0.6142703460143272, 0.32754512975122707, -0.06712421861618878, 0.525490564308712, 1.519703864186854, 0.9653998885902916, 0.08750867953573675, 0.24633672647709698, 0.5251613928317336, 1.011229967007117, 1.4281867221433369]","[-0.4968775506152097, -0.044420126550821025, -1.2672051482521256, 1.3490963638869602, 1.2462966053020346, 0.17081201875974275, -0.4537948495363615, 0.4356565783196332, 1.245223209421041, -0.3653224662486861, 0.7560704542292748, 0.8687121420505503, 1.230634308956296, -1.2738312726568342, -0.07391771137227107, 1.3151966759072447, -0.3897974971207726, 0.5048036672691385, -0.05846909318647037, -0.00719929993629599, 1.1745828679691708, 0.009914138802099196, -0.03877171950015107, 0.5751326067224168, -0.2051233632651465, -0.3785427021060276, -0.035908902734458785, 0.7296625593248884, 0.5009543231304826, -0.29001683378753473, 0.24263710099339447, -0.04404537603118121, -0.9218823259708622, -1.631788371285466, 0.44312761794648897, 0.009504282339549268, -1.0176890898925681, -0.39347520961986976, 0.4634256639142892, -0.3106233488236261, 0.0945390401685803, -0.3199008952073824, -1.581446117795163, 0.5951911443979087, 0.06092084239137558, -0.09690575349076475, -0.07260974369059882, -0.40105869793848975, -0.6463124377427447, -0.46743439072103166, -1.0390260600550705, 0.5637312814270947, 0.025310209314101457, 0.662560715550664, 0.1710634801364348, -0.0990139962792497, 0.29955790823594125, 0.1671056025966142, 0.08031442396489069, -0.6131985703354702, 0.5562964324790198, 1.164475156097477, 0.5541194716897749, 0.4245424760461154, 0.3407953905637328, -0.06176053810171238, 0.93591285447762, -0.3884095832604816, -0.6220615077628262, 0.7800648800959009, 0.20861231525172746, 0.21737609965555518, 0.776343978570142, 1.63426870291822, 0.2814693388771976, -0.01623395173361207, 0.8697380066424154, -1.1908390912444078, -0.7497060334735745, 1.5410235471995464, -1.3002884099078074, -0.17282594936488627, -1.8716901313442318, -1.4896931467286385, 0.6379508547325096, 0.3341595651696632, -0.5851669929546426, -0.16513396846845163, -0.3706672127665758, 0.0055536520235405, -0.5714829590893714, -0.7101476498587196, 0.906113835861257, -1.8209834110550223, 0.7211304520218796, -0.46042249334559776, -0.0998307111621243, -0.15474197806103746, -1.6903204138691807, -0.305303247526795, 0.9992190820487162, 0.7683419915508463, 0.5233574001997097, -0.21631555843303338, 0.6117641996446899, -0.20801516426674596, 0.7229659916327008, 1.2059708903046273, 1.4699312024469675, 0.6922636518920751, 0.8580848048085381, 1.1156888645663259, 0.6480447217450774, 0.6375804946504225, 1.1233857047718845, 1.742736728839461, 0.33766838166292223, 1.6379038704406625, 1.3164324551358482, 1.5809447952457556, 1.1884547287550933, 0.011722901076974216, 3.742755119392557, 2.9136546610691574, 1.0251485740737667, 0.28205528176506617, 1.2690810627396634, -0.12957948802750457, 1.6776896463303306, 1.7731644577172168, 1.154343482890903, 1.1763206978176843, -0.8681393412919461, 0.8731052553487099, -0.17761931998842392, 1.0607419028030087, 1.1220022764544757, -1.4591800483785193, 0.023501877859221063, -0.39189642518203616, 0.3961834868542394, 0.31473098503914465, -0.1856833914516882, -0.5824273644594735, 0.03503925777644766, 1.374204214715574, -0.14947967947880536, 0.2547865143809789, -0.21252876989291336, -0.3068528112313627, 0.41068458878581543, 0.11967730947988114, 0.3133318260767386, -0.13432507629271523, -0.37346379521847145, 0.5218727103013115, 1.3866455119355812, 0.8053786405362914, 0.23965384807214105, 0.5252878308374613, 0.27267284761697497, 0.2588723894146017, -0.16216220401996503, -0.4676495284943665, 0.7405220048554941, 1.2523764097118986, 0.6877904389133582, -0.30513734872230214, -0.3231782668987238, -1.8992396895844461, -0.7737586328199662, -0.6887689366674952, 1.0608489806174486, -0.6106583351411383, -0.8036444178786286, -0.7835376981442569, -0.6248711188103085, -0.07765823228346135, -0.1304956234099481, -1.4817000232832302, -0.4048811850103326, -0.5552968808157352, -0.2782464366617203, 0.32898228264688817, -0.44325695997956077, -0.5409363092463468, 0.46711419358258915, -0.22737229743347925, 1.5551486399940915, -1.8901408095358063, 0.056520161061810924, -1.7564556321643119, 0.5239879236110793, -1.5178650207965334, -0.8666631177792687, -0.7305519003262168, -0.8919387149843427, -0.8776380510284064, -1.3539455485438785, 0.24731160988253412, -0.7874993418275179, -0.4020928527643768, 0.03309874136346929, -1.0869967199555148, -0.2722337151634264, -1.1010807482082474, -0.19781320893102375, -0.09961422732816241, -0.3395936208640284, -0.22901543083242365, 0.14113582941977582, 1.3648252056845698, -0.4835681603995276, -1.004170616582318, 0.41167976227081193, -0.02672118701775855, -0.04930460133683724, 0.7864364636685544, 0.7215912536394573, 0.592797792759477, -0.08439474603540188, -0.41120798389921714, -0.6435451840561973, -0.48775849062732834, -0.6034058640418679, -0.09354843602845042, -0.6797718123601504, -0.08031595580482931, -2.774624583114138, -1.5363814462636942, -0.6186779305017102, -1.5298592494195347, -0.9182672215242184, -1.1023911422444528, -0.47860322233680885, 0.00891814909772066, -2.309676124706364, -1.4258675672335517, -2.833669021768822, -0.8550678250403376, -1.7417254665133326, -0.43743384748734143, -2.45937201194174, -1.942657167604398, -2.3161841146749427, -1.7577167229194997, -1.2229950798881535, -1.599750401648828, -1.4403112218754424, -1.3473915308261348, -1.591648916085176, -1.0846958066740038, -1.885828474327856, -1.4917205145951506, -1.6195911498723097, -3.019261993855943, 2.216680434733847, -1.2851518522583232, -1.0527743087694572, -1.1651203567151651, 0.2906401188753269, -0.4682584589790467, -0.6395640248003848, -0.1055110399827811, -0.834587442862707, -0.4198147985656615, -0.8055602770375934, 1.9597759852175944, -1.822304493265175, -2.5074294075935653, -1.278081017675889, 0.6781188929341708, 0.24716597215834524, -0.3754035983852535, 1.4810061972001713, 0.051584807542509416, 2.6802032680214243, 0.4297218332344767, 0.8629949246933067, -1.132414263773983, 0.36802631384030865, 0.9465702760264578, -0.4364721144308831, 0.4469610577170533, -0.7937866088902656, -0.1791452505525447, 0.9616257339578165, -0.9394863845405993, 1.3783799560576033, -0.6369483282836507, 0.026731639332622566, -0.3243407030094555, -0.46889663103727464, 0.6636835329610348, -1.2482221209917659, 0.3138902575284193, -0.3601490178237911, -0.8545182834030212, -0.27932511144291367, 1.9075431412884616, 0.8639231044329824, -1.6386089678002482, -0.05916783960304769, -0.1400617368984184, -0.6248852088689584, 0.5387364347719155, 0.7728267881880588, 0.4298456649291477, 0.11298387901244863, 0.22169758502571513, -0.0015794274062409098, -0.8394231943942122, -0.18690377874069955, -0.6567054170885165, 0.6745063378646525, -0.3054600122692081, -0.4063735057100747, -0.344162869630297, 2.158551790823049, -0.3210292183454831, -0.5161864178936386, -0.23535872399641738, -0.4145684728737302, -1.2601913568672898, -0.21858447308756077, 1.0546321869797872, -0.5071705298452153, 0.35698960580749056, 0.872157735477749, 0.5654436961089697, -0.12059531714237019, 1.8418999852259508, 0.6220845920410248, 1.8915156043588643, 0.031426970394133384, 0.5503270431227673, 0.998502292621774, -0.5261344932624865, -0.2578030253196149, 0.9433479076531637, -0.19859628450508557, 0.27714748347967755, 0.339931941435154, 1.225038437131628, 1.1944903621590521, 0.435561025498053, 0.05338875366080931, -1.47521339272701, -1.8864931565953031, 0.3559745219718141, 1.4165900350951035, 0.9796658010826457, 0.19600614156499208, -1.264858308017073, 0.48780147929232803, -0.8007592603367437, 0.04016978489420089, 1.2374978977565738, 1.514574466871551, 0.4515411471262974, 1.530897756479311, 2.411512600949445, 1.5249066728109364, 0.07647170722624315, 1.9087401810562326, 1.2541563094539907, 1.08281710066301, 3.3900379398228155, 0.026504915643986333, 1.9962525457074602, -0.5932700550861013, -0.4707521593985094, 0.2921484027755717, 0.1397830850753551, 0.6118504519220633, 0.5561496392685872, 1.3009285007570965, 1.6847048170269896, 0.6965247372454388, -0.41957667650607927, 0.603154737271569]","['v34', 'v2', 'v67', 'v118', 'v96', 'v110', 'v112', 'v44', 'v89', 'v32']","[np.float64(57.23019218813212), np.float64(24.27628032654278), np.float64(7.142733960170703), np.float64(19.05021689792866), np.float64(22.87884618832235), np.float64(22.738223439159498), np.float64(38.19573115218299), np.float64(22.584822583597497), np.float64(55.044643339005205), np.float64(1320.954948996063)]",3.5605246403142536,3.6394810710629146,3.917997313193193,1.1685399654779245,1.1609487190864334,1.0328208772149625,1.143937925135632,3.9957088557818645,4.198930308387938,4.3352965049217875,1.5280126086624997,1.44052591676114,1.3186585445345345,1.3917893747419086,0.9514894564956733,0.9411535546467478,0.9280227887202195,0.09755782862189188,0.06804051879175443,0.08373986632777737,0.0737151819953209,3.529926731047369,3.5299267310473694,3.655708946911324,1.027698760577166,1.1032539569091797,0.9285541390284825,0.9585177745395093,1.1247518117787014,1.1840819335975847,1.1823817759901551,0.4486202554877809,0.37507160236556436,0.42293116605094483,0.46058328248911046,1.0272922334550234,1.0310042802527153,0.9731220589629013,0.2053941094799119,0.1872972354750925,0.19750821960353004,0.19727377181517422,False
f682_b,f1022_a,"['66', '67', '68', '69', '70', '71']","['552', '554', '556', '558', '560', '562', '564', '566']",f682,f1022,False,2,forward_no_out_standard_k10_lda_nc2_sex_on,forward,lda,,standard,10,2,39,6,8,True,0.9699882864952087,0.03001171350479126,0.9976875185966492,0.0023124595172703266,0.5381627678871155,0.4618373215198517,1.338810574797207,2.1535579218685417,-2.4294989180382407,0.8595751213698213,0.029929469542054277,-0.05196311942826724,"[0.8426040218870757, 1.9028840197546357, 1.1774211410732995, 0.4441513929093079, 2.0426601348805185, 1.6231427382784056]","[3.037528461950138, 2.779544557581338, 2.8870527651201843, 1.0093369274409627, 1.507547211871361, 1.7003376072472662]","[-2.190119471817451, -2.0847752687082775, -1.7663266595405038, -3.365390813650667, -2.757750611145228, -1.9844323065796647, -3.22269481326636, -2.064501399597774]","[1.1495817464316804, 1.0025740137135464, 0.9667113239081256, 0.4208471425730232, -0.23766617049343583, 1.4734068067260444, 0.6775427872792141, 1.4236033208203724]","[-0.34394234126856754, -1.6040501191484822, -0.4631472322808124, -0.5401103318658594, -0.6514749358038865, 0.6219336892829873, -0.5215695755479228, 0.7628655071681079, -0.7364737113502798, -0.07753143439755678, -0.782430672600437, -0.12237642522398867, 1.5174680151050055, -0.10716546460062702, -0.6894448705434782, 1.2491425337665127, 0.6156828118114684, 0.37585669382281406, 0.9667508553759216, -0.5219839843619187, 0.9802801393339329, 0.15244115313686368, -0.21842700885934932, -1.073046759776065, -0.5945155681859601, -0.2674478314784841, 0.28844509104298116, 0.08372169834090519, 2.1756628978436026, -1.1275228756791937, 0.6375489973797684, -0.6110407470072226, -0.16555352121269654, -1.2123889831983787, -0.3379661272830009, 0.3928952137006878, -0.2484634136590831, -0.6218990337535405, -0.819279187802267, -0.9331598440225052, -0.6743779502752283, -0.305336262503723, -1.447823232863388, -0.2559711350596332, -0.06497745353355745, -1.271982252645234, -0.3913154120938685, -1.1663963840316454, -0.31933613676706046, -0.6203927576082144, -1.2084306986728328, 0.31081067462762196, -0.7266188733271716, -0.5219437947183546, -1.1328876862194337, -0.842281273767192, -0.6693668469546173, -0.5781683574639349, 0.04616819439173069, -0.5606933454721609, -0.753711011430742, 0.493829997007702, -1.0136033016151382, 0.20513127326457054, -0.44629138394153, 0.229030190702823, 0.33852792187826086, -0.12990937173466566, -0.8453516472962028, 0.08811640937502306, 0.41323480988582306, 0.7060628182253526, 0.2839636143260301, 2.8928881093249394, 1.503871983240568, 0.32161083459379175, 0.9956320590017186, 1.1101227218514291, 0.3222071099134597, 1.4377022314300405, 0.3640307510995694, 0.568679575211193, -0.09756614904069129, 0.825807104480708, 1.3238448341740003, 1.3127236359760852, 1.5217646899732322, -0.3381632929753514, -0.05559546567995371, 0.9659108982239464, 0.7555927869798158, -1.0516980274700753, 2.2113351481202486, -0.6877667396124081, 1.9194222140621375, 0.49090857458106935, -1.1679460222468028, -0.6537077506388796, 0.3507477290779085, -1.1589050024892715, 0.5468193187721307, 0.21149987263793893, 0.17979014166965748, -0.4442061516247022, 0.3641897679039734, 0.6672085711266027, -1.071260187268479, 0.9991239132066714, 0.46166304806548975, 0.6701596946255017, -1.1981741320862502, 0.4241744054040687, 0.05002350424290019, 0.27229744729186967, 0.8832101711651463, 1.736839852796225, -2.0027875266054007, 0.7657885431877663, 0.23552133438761147, 0.5699964670256975, -0.6043554481738701, 1.2547422884990902, 1.9046522982703211, 2.623470037078443, 1.8211137048867, 0.3371325609775426, 0.433728166616195, 0.04696641738439593, 0.8448568634460748, 0.8398976193498184, -0.007880538679523591, 0.18593018210485993, -1.8323241152257856, 1.105649566244406, 0.5243237778492313, 1.7769865982170856, 1.5465162416050358, 0.761279652457769, -0.6993494637780596, 1.5966678539836106, 0.40416842610411213, 1.0812156420565227, -0.11451346329386573, 0.8896470705434045, -1.388817531968298, 1.456051075931375, -0.8823017186934745, 0.9818750740020081, -0.45640908621547394, 0.5504616579396494, 1.2681898448493147, 0.6524960853829027, 1.0707905482606048, 1.2972206271776927, 0.6128780666739808, 0.811342269520725, 0.73014807106269, -1.4990792354133666, 0.972184948230732, 2.5421829686674307, 0.822827605124303, 0.8950679824414054, 2.0414920431344927, 0.2577788202997223, -0.3968087405396878, 1.1328553248439666, 0.7987310987157763, -0.6286926412223216, 1.7604608798091343, -0.7090353854110977, 1.2677366947094173, 0.6799859013874844, 0.2272078659509075, -0.05885877356776179, 1.3484659464815978, 1.3259331970120567, 1.0466377070962412, 0.3621639498441997, 0.20240946407296156, -0.19114845982254214, 0.40274421773636865, 1.0129532589521375, -0.0898255962329916, -0.31177254331289006, -1.1115722012951743, -0.07403845909760084, 0.7978239167571441, -0.09755342515924838, 1.089298481386612, 0.24211884575079629, 0.17657946346779105, -0.4057088838648388, -0.5183959628023579, -1.132208798279271, -0.9921749963869417, -0.6487427129217586, -1.1972384225026838, -0.9443150039489663, -1.1206606420615426, -0.681847140589661, -0.8248937888298109, -1.163207514928947, -2.9614800127678227, -0.887667029639339, -1.5590755763125514, -1.0909307417504668, -1.3703011786625328, -0.025790906133309036, -0.866896200442659, -0.7264711866476065, -1.5302987862479058, -0.1880251403602805, -1.0647797325946247, -0.9885842245347486, -1.0952560431968703, -0.08461517820903702, -0.7806295134701616, 0.23816886047836325, -0.08233381763916833, 0.3057418089309486, 0.7474352195556493, 0.619857923683902, -0.39939682342777005, 0.18118593200645164, -0.5234082561418181, 0.34625608193233604, -0.20641090893048025, -0.5639189660547269, -0.97301183763212, -1.4445664003980159, -2.045005696291934, -1.3071427109705953, -0.8406011936864523, -2.6712357890838767, -0.7809738196801488, 0.6244678346903084, -1.0582582136223062, -0.7199307857192044, -0.9729414094738855, -1.412285367689175, 0.29958862099399747, 0.44673022049440875, 0.04455277774825493, -0.093163616279613, -0.7589773928601029, -1.8654227243925918, -0.7611282460733401, 0.3706193967761766, -1.9852691847330555, -0.5418334912685608, -1.0520448452672284, -2.583415749173155, -1.220280561851977, 0.2082138410446296, -2.0386606006133183, -2.250403429399732, 0.5975816162704051, -1.563373253347909, 0.13170590717284703, -1.0028959289349537, 0.848290117059454, 0.3795367171805453, -1.3964257831434612, -0.546628222617958, -0.004144089593884045, -0.8779277739407747, 1.0564261476643237, 1.1290099905327389, -1.2977197981630173, -0.5817458373353616, -0.8575990997277909, 1.4393021120668874, 1.6949104717288506, 0.19794877080179274, 0.5004430675070903, 1.52960433781261, 0.892800749407609, 0.024687173183053013, 1.032983051506258, -0.9283826265073549, -0.13817714434767442, -1.9438840470543826, -0.8816151719075341, -1.0020912774242061, -0.9028392325399777, -0.5359738131176675, 0.41140122360393233, -0.32859908590585496, 0.32940119498834414, 0.2367898654182542, 0.28458226376353457, -0.3523208012152207, 1.2875108028925109, 2.174796393644255, 0.9408624418061535, 0.04773346211638777, -0.16137516460103346, 0.2370376163155128, -0.1341501683376203, 0.4771139677036221, 1.9055584360630413, 1.668378102204513, -0.04170222062560525, 0.5358231726785238, -1.4028307622655776, -0.9443666980240633, 1.1340757703697804, 0.29514338038006305, 0.1393290307661487, -0.12178650113692177, -0.1079396347461717, -1.5695900778513048, -0.22629100200647834, -0.7383253545180846, -0.12926440193689534, 0.1607946565776383, -0.9923466168324329, -0.04987795872656425, 1.5630006012048763, -1.0249136535330552, -1.2132318499439172, -0.9519151285318326, -0.6867545625087546, -2.4292254218399996, -1.3793168832722227, 1.0101832801112969, 0.18062009463735765, 2.3778399263957, -0.0019383667388414754, 2.191974561267456, -1.0259239188447575, -1.3193391173185551, -0.3698940920770445, 1.4686928210834538, -0.314868256180202, 1.6863452196615207, 0.5534715021547105, 0.044582328557199034, -0.36354221225985395, -0.12010217621727771, 1.5095613609161633, -0.09533178695142, -0.3571982637340597, 1.6643061891276727, 0.7973398076230435, 1.3102682635867302, 2.663129087489465, 0.08320896136223531, 1.386289004266769, 1.9564759360566042, 2.0573759494749075, 1.0215309626582243, 0.9858709485064459, -0.8772547571029916, 0.1725689987463771, 0.9680379333981761, -0.15219153426709928, 0.10157981814199936, 0.08629565789551831, -0.13170398598086172, 1.3657676330567199, 0.9438237877943163, -0.04536008076777026, 0.5128093810587752, 0.7615062373544552, -0.6711648411808311, 1.3572390812891046, 0.7513310722202333, 0.24071958342875993, 1.4666527932481335, -0.8251050800331416, -0.39820727434343134, 0.19674314410469065, 0.8489131839692446, 0.31296744819564004, -0.428799335680858, 0.7987885588855211, -1.2521592979822695, -1.5837774945879282, -0.045111683261201414, -0.8833532631354206]","[-1.3952599810199087, -1.4773379036459746, -1.9799332894878052, 0.06606250175239506, -0.19765336601220135, 0.3318737084611742, 0.9607446081896498, 0.6037846886971462, 1.292745218485378, -1.3239240524680045, 0.22465569883780978, -0.24997599492479178, -0.9625304805226037, -0.18376787649681942, 0.318301913569474, -0.20483996352647005, 0.6050600907241019, -0.5119549649450469, -1.309049448301903, -0.35704374776827846, 0.9470406773948955, -0.16557986342781902, 0.17909592571106725, -0.14813197027979222, 0.9810002027689029, -0.12872690845143736, 0.6017447718113687, -0.03084430624358786, -1.1490999978843783, 0.9509360556476888, -1.5561312437962282, -0.33667607691061957, 0.1696524512449673, -1.7303837539424654, 0.7856456586393975, 0.32620212788092695, -0.7335223456119875, 1.054579008882432, 0.8708645492301988, -0.4456513782707039, -0.25900785218764827, -0.8174487429009069, -0.7016637684264969, 0.20147461405648034, 0.8332760160165507, 0.23616139385561433, -0.4010077624597144, 0.4142547115206113, 0.16226474996393409, -0.811273503633509, -1.8812216639914787, 0.12776922962327225, 0.5864645307713143, 0.7578419549166493, 0.08816253088640712, -0.0156253271413602, -0.3813026462452218, -0.2239787531400909, 1.2593100195016813, -0.028977059942385336, 1.9046193069346882, 2.483905622968129, 2.2078319322607927, 0.813719417723799, 2.3154179630375555, 1.1417870393589076, 1.8377130582608279, 0.6530659333502052, 0.5330626108533234, 1.233837201961093, 0.24249017222240712, 1.59655248081596, 0.5952946008156157, 0.6852843611712216, -1.1858485384725457, -1.0638006687102823, -0.6449018827770776, -1.4123041886217969, -1.4329738611672747, 0.9804555231347762, -0.8340664093337969, -0.9990325577124033, -0.8302752358975405, -0.38937838915946804, -0.9669155271410499, -1.8161028177072447, -1.3455661818528304, -0.07927703261908114, -0.6580978298447183, -2.481551910168541, -1.4177095930471684, -0.924329268347612, 0.26865816660175074, -0.7680379147857095, 0.1117566475554847, -0.15147741296042683, -0.5697276472915446, -0.01664272998128576, -0.5052475742113983, -0.13854665734200083, 0.3860857681134831, 0.6172682440807188, 1.0171058811146578, -0.42682180236859973, 0.30747976275169026, 0.004228473986032371, 1.0503035627274981, -0.3710987227948312, 1.6340530518081737, -0.3581707821301859, 1.2592215712164143, 0.7344247814248487, 0.030667870467840745, 0.10216179163757, 1.5311650149164857, -0.9193857686028377, -0.7048352784737923, 0.7528387026490924, -0.3935241786587689, -0.5994958896678115, -0.9883380561731587, -0.4622853574918056, 1.5274456899265587, 0.45763280170340703, 0.5027354831634374, -2.2445483261262686, 0.7054675208023385, 0.747743321904696, 0.4491718784138549, -1.497567366452939, 0.17449358871933923, -0.5835612716310761, -1.2070045643888518, 0.015077327283485643, 0.023205478197807036, -1.4593313494491156, -0.9379781648077193, -2.103482503326009, 1.1533236212680944, 0.026183135021573944, -0.12786710666972936, -0.24842546605788018, 0.6032698548519523, -1.259093754165393, 0.861866720526445, -2.2366536009722693, -1.1439723124656587, 2.0209691857535854, 0.2902795771037823, -0.8658252715938705, -0.16667194812664732, -0.49367806571956274, -1.471494234553512, -0.4917429689722575, 0.9439881402554208, 0.5175227707544081, 0.832394281303776, -0.7401724936110038, 2.7754481861940183, 1.175663656677135, 1.9931384642385406, 0.9925674095566518, 0.21528499677356597, 1.791886863330866, 1.7232025792728318, 1.8142051488373905, 0.5098411092408108, 1.315153614602056, 0.7919686288548599, 1.6880132686162528, 0.763512008671425, 0.002670966458782695, 0.6808361677639925, 0.8872996016769635, -0.18608253670613326, 1.2539889222380984, 0.9315266241748695, 1.8575164347467419, 1.8135446556678763, 0.21215063329549882, -1.727617455279652, 0.04770083678671979, 0.9756266607179079, 1.0186160095709276, 0.942063112051737, 0.20283006219057934, 0.7498764446747697, 0.4096782328167852, 1.6815621908307719, -0.5348852540295896, -0.4019016159648142, -0.4104100050175087, -0.043180079533260765, -1.4578516908402237, -1.0545873307762201, -1.6113417489686186, -1.0995224750959922, -2.104008965936755, -0.29083202690700416, -1.0760593740518603, -1.2640078341343766, -1.7992269734987558, -0.839016364862792, -1.5442110283017916, -1.1693530141478723, -1.3533807768774688, -0.9096241292421978, -0.5358383261150632, -0.4149246065158183, -1.6719728175908177, -1.8281555051886382, -0.7987159611176653, 0.43396267082404183, 0.30747580112340506, -0.34689592562313537, -0.9365955103082569, -0.9605558500148922, -0.9610683249534646, -0.37532927937523036, -0.7413108971949285, -1.2212555885777572, -0.3976968932706445, -0.9662623939471707, -0.7207345348310158, 0.19229635222283895, 0.6218628737982307, -0.6817081096250868, -0.443402986397191, -0.22693498828355307, 1.1606866379287866, -0.37807600161529586, -0.34304555341794224, 0.22350339341979328, 1.0065207885765108, 0.6915883729272686, 0.3518615907486673, -1.1608270859340635, 0.15557698949210286, -0.7306354876827306, -0.11836946251390328, -1.4515254685684087, 1.1588891827701975, 0.6129881670511272, -0.22356553264031398, 0.6298311297354847, 0.9861959585403319, 1.289988295602048, 3.118479990948252, 0.8327622087507339, -0.15605138522866754, 0.4980106129030958, 0.45151082529273595, 0.9007301239931043, 1.266222228769686, 0.334134621171145, -0.35905357090478357, -0.06476406739669843, 1.1603017187034699, -0.5243268946692478, 1.2488627520142055, 0.750279792581558, 1.6058720234874182, 0.5110997934832228, 0.5732629405530298, 0.5121955419354672, 0.8213936583943332, 0.22443995685433593, -0.5195336837864594, -0.7456964437709624, -0.35278959790834236, -0.6301949429675694, -0.07267237368459757, -0.9011702696858669, -0.25584721062241633, 0.5504656187550352, -1.8453550008174504, -1.83285463181917, -0.6380956728212904, -1.5159057360228083, -2.2975215448300226, -0.6807255588418081, 0.3268032435832408, -0.7054457121582723, -0.70051029117128, -1.2139957387950162, -0.9818609060959622, 0.04453104307034327, -0.04071404717751183, -0.6627594822136569, -0.229421093367008, 0.04551709166210944, -1.4558457318472022, -0.49913054414539, 0.66745205715661, -0.40913224047470886, -0.7378933363218302, -1.0886181701469075, -2.928129783130103, -1.0268061950386507, -0.48507248026361804, 0.27236852545692025, -0.10546158980152485, 0.18539102801090704, -1.091195698038878, 0.25036682606580224, 0.657976270955353, 0.07348095266745537, -0.7044674654915131, 0.16606712682252964, -0.1383306147978075, -0.47416497717754696, 0.4265018286439618, 1.8100138926784703, 0.38599587580902317, 0.9742215759655672, 0.07909727257219891, 1.8775654127979533, 0.6417460722010223, -1.0814608321768562, 1.4396466314658463, 0.2655942717578753, 0.39580476414491533, 0.4696612725789531, -0.8716190544288602, 0.44093321697814675, -1.2306875419784555, -0.33524496668278814, -1.196372413136769, -0.290918801617509, -0.5701072907574534, -0.45956630691710487, -0.0644111782304092, -1.7154146365093537, -0.3190810572582331, -1.2772368295049188, -0.36458761556326474, 0.7745067372171963, -0.9506182947037874, 0.7771380637637644, 1.7344832433352413, -2.3762227853803255, -2.0297833383489454, -0.3452215311468204, -1.0774969829761478, -0.9091087538006591, -1.7837251815639212, -0.15525201404330224, -0.59028794096116, -0.3202318273421896, -1.1984910032066491, 0.5168774001432421, 1.9301070284742066, -0.601993576803595, -0.8577083059486104, -0.8682610970694962, -0.6341898371806409, -1.057410506962616, 1.1131078422539369, 0.11546323407011244, -1.4590899169183207, 1.8895659689639803, 1.0878042740187952, 1.803674250378769, 0.7380779429958935, 0.973367385695251, 1.3164505030560274, 0.04575642085328871, 0.3386931170657049, 1.2575243547315653, 0.7202279008346051, -1.0234955882982548, 1.0381656250344165, -0.30661259723217477, 0.05342052915149003, 0.13731082173469122, 0.02442434694563039, 0.8957496076185057, 0.67358429662196, 0.10503588698563465, -0.6159676247141398, -0.22176403007237125]","['v50', 'v69', 'v7', 'v9', 'v67', 'v28', 'v2', 'v24', 'v30', 'v103']","[np.float64(74.8504756937287), np.float64(6.445766010659234), np.float64(4.262105475711071), np.float64(5.05370184856692), np.float64(8.428907452758475), np.float64(6.211914886851454), np.float64(5.496005870587349), np.float64(3.599937394707274), np.float64(19.087589066491226), np.float64(30.881785815372808)]",3.9842876304027373,4.078888360977411,3.940982842974558,1.3902833007806614,1.3665659632626626,1.0220556347117322,1.1593927812235756,5.062292293334168,5.104733172153135,4.892379725524424,1.7985191055526841,1.8699920251754012,1.3576115981782888,1.4837825357968952,1.2144620623369486,1.1827120818491768,1.1684342836650932,0.06225241780040155,0.05386800125467828,0.06377555193265606,0.04027952280596492,3.7683094928354475,3.768309492835448,3.8092645004904986,1.2518859729302503,1.271997345709977,0.900619941550841,1.085247443003496,1.4294476154654006,1.4348092566438078,1.4131596922809804,0.5703073037709742,0.5826102230453518,0.5714672616821862,0.5209550337224272,1.2335557073737626,1.3079582699281158,1.2474690438046965,0.27884069782016796,0.2939815924673317,0.20893769132072235,0.21216528895895764,False
f682_b,f1022_b,"['66', '67', '68', '69', '70', '71']","['553', '555', '557', '559', '561', '563', '565', '567']",f682,f1022,False,2,forward_no_out_standard_k10_lda_nc2_sex_on,forward,lda,,standard,10,2,40,6,8,True,0.9699882864952087,0.03001171350479126,0.998424768447876,0.001575226429849863,0.5381627678871155,0.4618373215198517,-2.7505622273610832,0.4140614133567581,-0.3870665374011245,-1.9843380141364155,0.051443321951117185,0.035145237881760674,"[-2.1283568848966063, -2.2164870676662307, -2.8611128018949765, -2.849326357978698, -3.177267468793103, -3.2708227829368877]","[0.14773729437865074, 0.5485368891106753, 0.06355636601121545, -0.07664584223688457, 0.7006951987452824, 1.1004885741316095]","[-0.7461007484087313, -1.3931520272477944, 0.08275360987711168, 0.08156767976409851, -0.6320186847888499, -0.5898257408729294, 0.34014015426418387, -0.23989654179608558]","[-2.3074658069483935, -2.1618251592665114, -1.6432345134564497, -0.9603945435574939, -2.0338108820005663, -2.0185513852765844, -2.396961018944588, -2.352460803640739]","[1.211735802697057, 1.6447499195722655, 2.473591692417546, -0.3517091735001401, -0.9743779566328262, -0.18505559849379846, 0.35238052521992713, -0.551392366844128, -0.12864498666003713, 0.029301298204710276, -0.611664394959247, -0.13488980141744872, -1.0714663526371027, 1.0184192116515698, 0.3123846551107332, -0.5369497722168299, -0.33484171426994225, 0.22376822945446445, 0.019863688426129456, 0.1929291697648359, -1.1263650849272513, 0.05217489213854643, 0.8367952313237241, -0.45432621011341645, 0.6300725206819265, 0.45098406914815614, -0.40185561905548467, -0.6439965417193207, 0.6799910557610219, 0.4890128033128442, 0.2094484305671836, -0.009764815511361241, -0.13778369931865314, 0.7661057308549244, -0.24695691094394953, 0.13438771614294664, 0.11909651529705916, -0.17324441171610103, -0.7675329910001312, 0.2872165619132913, 0.6302457622516043, 0.06483809534003829, 1.3802665915674965, 0.3696527852754734, -0.5603492872070598, 0.3214325006584947, 0.24871122284391287, 0.5471349241264412, 0.3049787990337679, 0.8902173847004747, 2.07559584004246, -0.08489018565255498, -0.26165077854231955, -0.2207130173586866, -0.5422924325931004, 0.43336867138282253, -0.48050981555316546, -0.9957589475179494, -0.9515388369878246, 0.859137233175997, -1.3159961557675501, -2.506055391403524, -1.4704315294769505, -0.7154499877554038, -1.5842589802605613, -0.9504612421988586, -2.5927467808352054, 0.03828268418907032, -0.8684371881348931, -1.3448823335782134, 0.2423833500076756, -1.6626165477494326, -1.6229026751937738, -1.8138399895474213, -0.01659378844003786, 1.018469655175592, 0.7557348379577665, 1.6964958954627412, 1.8560714833204266, -0.30100118306464285, 1.3193125158520544, 1.4003938131122322, 1.5920889952527677, 1.7308753805172976, 0.41430618381126594, 0.9763030608265328, 0.4626709726916426, -0.2831798438631927, 0.19106447154396325, 0.9751088864429321, 1.6832457515915744, 1.3123963989691414, -0.5158787614076101, 1.6016395255230373, -0.40141927504679703, 0.3282614786552446, 1.0148081152906325, 0.02807536586018036, 0.5177126438121912, 0.2739040074728798, -0.6397763798099598, -1.1833493962264612, -1.2979458938365007, 0.14121336733046097, -0.7609091720233884, 0.665779757263642, -0.4429223197922943, -1.3360058226459137, -0.932584075505958, -0.2672870893185475, -0.32855791088201697, -0.6133981539525871, -0.8448422793095278, -0.2592981254154379, -0.8663246053989214, -1.6186056974726821, 0.14202127431073863, -0.04953153352569458, -0.21084473162180165, 0.23399094115609811, 0.523247702281402, 0.5196871322752454, -2.116563753205307, -0.8974078446437252, -0.49409673736796517, 1.0219130190396202, 0.19268746621362165, 0.33478190092318444, -0.46147282770234044, -0.36346375253000485, -0.15532423160007602, 1.6909509190131853, 2.387949595600871, -1.4565400170996845, 0.48629831567979775, -0.8410122765580543, -0.7700011776421869, 1.3480650186198078, 1.0390529313972297, -0.03031094736179413, 0.47657743638206557, 0.45141867577829037, 0.512919515879099, 0.6226608624263651, 0.5732966104848864, 0.2385096042416279, 0.09741223658571109, 0.5832519542591066, 1.0911239333166676, 1.2475229381328097, 0.6548020258556926, 0.5733577833238853, 0.7953694733827895, 0.5404225547727333, 1.2106758856189974, -0.6298438487462646, -1.687873984311668, 0.17397493341468934, -1.4269984689324162, -1.0234547877109783, -0.6392774537659422, 0.2425865478592768, -0.055812436522163146, 0.09837181108952572, 0.10861114510960405, -1.4214517722929243, -1.0030647321643498, 0.6039613178148684, -0.5580018844043263, 1.3511238309879279, 0.043563327286059085, -0.6248014057347918, -1.2019236052175224, 0.8924432214213169, 0.6315425947778308, 0.4130646065787284, 0.22755642164928896, -0.9418542557852465, -0.41442580415232033, -0.7717148971435528, -0.8825874037374505, -0.48306299680148157, -1.6091774102056235, -1.0627133883843558, 0.07826313845499312, -0.48882147554305555, -1.7640704883985667, -1.7022642738382794, -2.4474741936636497, -0.510201380934731, -0.6215002706244088, -0.18239820473366902, -1.1643520926258237, 2.1702979879834627, 1.31720698296081, 0.4691550942624011, 1.4880191709577528, 1.1457885609741072, 2.399317791481673, -0.22495801224706208, 2.372726686975842, 1.193341364226755, 1.3808829763749428, 1.5975468997434594, 1.3517127781325966, 1.3447056453708435, 1.1025889577950931, 0.5634767246166972, 1.1598407327010962, 1.3266712800349072, 2.19193943277476, 0.42963518556171587, 0.867285294541747, 1.0347947478705284, 0.7009511736449423, 1.176028679479286, 0.5795994759183531, -1.227830905690343, -0.20823654930092708, 0.07592172458289324, 1.614750230649832, 1.9004899767083856, 1.1086559591232503, -0.15705321730173688, 1.136181168240592, 1.2405008532096702, 0.9514368006204228, 0.9332374602085608, -0.2884607804468623, -0.8448136287743764, -0.6805528179453969, -0.03174922301559946, -0.7084608091987313, -0.16365429035378865, -1.0878706877827655, -1.5354135800859985, 1.3647306420468799, 1.3195731728562157, 1.5644678768687976, 1.1482292369189437, 1.4925388763803253, 0.4288081797021562, 0.6650177508067743, 0.44471767300969417, -0.04582340660833957, 0.09285918056618768, -1.0686208504575503, -0.768025689353061, 0.454364192696822, 0.15672576496880153, -0.4246399289212325, 0.2480837526708928, 0.5919651135203594, -0.35587807782522396, 0.49961055559995315, 1.9625129147222278, -0.3580520880572584, -0.06048380611797561, 0.42247200396893275, -0.5286418551803098, -0.7939817947981777, -0.6243822154773172, 0.31938018017575687, 0.5255442149781876, -0.7786401434331607, -0.7685441703332887, -0.2490967762048592, -0.32772100271905563, 0.5797682222096046, 0.5173305646832986, 0.3860094789716517, -1.4662111720714572, -1.5621100152244007, -2.1066713884909642, -1.5179194498195605, -0.8577837936055392, -2.1368621115828765, -0.4529327185062586, 0.4547419389888874, 0.7895113376925825, 1.1290940951399016, 0.7880313366199848, 1.8491506763710017, 0.7217631122929938, 1.9643771307562363, 0.5648084705863994, -0.11267760679110403, 0.02845220403940738, 0.30557458292956585, -0.043590535215727665, -0.4544373948267208, 1.048766343011661, -0.3219428007609075, -2.274607520038994, -0.30628943694357647, -0.2951434860260582, -0.08080608853027164, 0.9512551986296469, 0.9427206161739128, 0.747508067693254, 0.5075846707062004, 1.270950868377667, 1.4040434630284067, 0.8175020692538496, 0.899632456660041, 0.969932932535587, 1.6651910010529778, 0.23647572796451846, 1.8914409263045942, 0.22164554457950808, 0.5384941187520266, 0.3935239982466275, -0.9953357926125879, -0.8399451293829567, -1.3537271999377434, 0.3447340390423442, 0.5340609250941101, -0.7646633304634525, -0.6743254858553647, -0.5646342581925884, -0.5852102581521071, 0.6005251305240773, -0.25240300268071497, 2.336690007339003, 0.9693220862087176, -0.24932503374342876, 0.3022663499357106, 0.12897096468404745, 0.2582888503915153, 1.0459140843992463, 0.9319428448380099, -0.3474136219806667, 1.0120022142572378, -0.8121087310432772, 0.863773611816468, -0.8745632893383435, -0.8513961618767985, 1.4557822172356731, 1.432263291479523, 0.25036656460815354, 0.886498334970764, 0.7808974156987136, 0.4076071151868383, -0.4976306053731451, -0.7759838482537065, 1.0383330883320028, -1.6861118465991967, -0.015801425956087158, 0.7590337091854318, 0.5476672682206214, -2.0086854974627077, -1.5918733536702245, -0.8353634962648746, 1.2485411273303273, -0.3104319961031754, 0.9404804204809656, 0.14327811412092453, -1.5160135581621237, -1.1227221677453103, 0.5316067517923494, -1.7242993436776282, -2.0619035290717664, -1.6643587862835536, -0.9408100875475319, -1.3500513677004742, -1.188719357297156, -1.7404650133493116, -2.701770843635249, -0.6664751120664509, -2.1905101418623736, 0.7373444613932812, -0.03469197539403382, -1.2350005903585515, -0.6857884813361896, -0.9113979839429661, -0.29162003477051807, -1.7359696080211395, -0.46296271700924313, 0.5443167559252732, 0.9741461606570364, 0.9082717085393989]","[-0.5129103056168206, 0.8746295790794136, -0.06823504669795298, -0.42145002093074235, -1.0965962678545838, 0.48811556453115024, 0.08780767700877176, -0.2581467518501361, -1.187584063803177, 0.5484770427214682, -0.09101538849418607, -0.3384840934390676, 2.2445793437661803, -0.4043141730464604, -1.726312534746867, 1.7358539193527436, 0.3845671304966284, 1.2145702341456703, 1.221707513883237, 0.1520215494397691, 0.625708292820119, 0.1766282192797389, -0.14996040873648608, 0.12121469674917258, 0.25242673407364424, -0.10709752892054292, -0.9786320173806073, -0.2093597114275788, 2.047841774888015, -1.2187962964659143, 0.5142561371708003, -1.1309656450322751, -1.2372515647909728, -0.12346795001817229, 0.29137912829626744, 0.42523538040319825, -1.01042362140485, -0.0770452980633581, -0.8370875633900386, -0.7427288679503463, -0.1972660021107448, 0.026453537769512262, -0.84018538019764, -0.654513136785942, -0.32424861707305425, -0.5894085175343033, -0.5883278465892913, -0.16859204642961384, 0.22832321793453134, -0.59600037331015, -0.44344411742249046, 0.4850560247803297, -0.7437742784800877, 0.1332337274171906, -0.5254946838369041, -0.8506838653606874, 0.004865902033674635, -0.7514360891944081, -1.3913018205935808, -0.6578153069109595, -0.6133681423242487, -0.1451459873359793, -0.5096690066677153, -0.29782354885100165, -1.2366198539450624, -1.11654630072884, 0.014430475620818933, -0.5690725560469777, -1.087771245508854, -0.7965461040112116, -0.0677265864541947, 0.040559935627842464, 0.22506724325749466, 1.241419335308131, 2.0596548679659077, -0.3674827027773948, 1.784105330916742, 0.9741044393576892, 0.12278836656348702, -0.06907679069961775, 1.1155405277659154, 0.17117705914418632, -0.46274153531508533, 0.04971533505714917, 0.8285164212984006, 0.8178371892799678, 1.1070582521812016, -0.4191502254700321, 0.06470189579428234, 1.5242975178754836, 0.8328049427482114, -1.6278575528025885, 0.7568651301068828, -1.3194048038238193, 0.06189213928519181, 1.0213696726527246, 0.16883091178295326, 0.07241249490613752, -0.31668374876399646, -0.9328311382992388, -0.04084992253109657, -0.121233698412439, -0.042585774575301, -0.4155333485384331, 0.15806368749280983, -0.15080140806756448, -1.51316452308004, 0.09083870416843685, 0.6572490409081249, 0.47525730814579864, -0.3012062656445136, 0.08042210570498613, -0.39660677822025164, -0.011969362852392133, -0.5891748320408926, 0.8781661258368388, -0.7781562791235219, 1.1640036163608882, 0.8757144109737814, -0.40262181675166214, -0.20803829037956523, 0.8355170019405986, 1.3078906971705009, 1.9108694043601164, 1.9933433836161623, 1.0171359164874636, -0.6156290885738803, 0.33268488177998023, 1.7793583795774826, 2.0752026701009685, 0.9334644334559529, 0.04037898153099261, 0.2627024121070213, 0.668929165348406, 1.2198281119611902, 2.7698659505408223, 2.5959099586991194, 1.318642079441276, -0.38042140922693446, 0.05161042687503393, 0.10402222121005325, 2.240144269237046, 0.027435144800414264, 1.0190504030707954, -1.5098301711838207, 2.1106816114969353, -0.7255768065956535, -0.03306278755168705, -0.221969529128293, 1.2145799001995659, 1.3218397190135078, 0.6690307507402156, 1.1140066506953479, 0.15082888984594214, 0.5131889053386703, -0.005670779712525649, -0.43737473956919565, -0.2534233870957329, -0.28536336594668554, 0.5561290448532331, 0.06526563175132424, 0.8357244593736152, 0.4228193376799034, -0.09428883723763885, -0.24613879437460054, 0.2866236904882864, 0.2664912609968161, -0.22463940955754186, 0.7813550805941758, -0.6769030953318852, 0.9672768127150495, 1.4690768702389023, 0.2457443691559053, -0.6375254865807382, 1.6492675246030872, 0.8095260553212086, 1.2257104287362168, 0.3731077778177059, -1.0518026876279871, -0.6303020597088461, 0.7587468362491233, 0.98593325472042, -0.7575821348804913, -0.2987173997477068, -0.266008857765465, -0.6178115158065465, -0.5523108853869625, -0.5493738283048212, 0.8518331333762797, 0.6701920640514718, 1.1787131342670185, -0.6207395998144307, -0.3858051027276483, 0.5188387182778534, 0.33142672753120883, 0.5278195355180374, 0.3227376751326507, -0.15626063641878848, -0.49115943743050766, 1.0142510896367327, 0.2482654925327818, 0.8815110719566763, -1.4787379321060972, 0.8629765430828381, -0.28811679369390847, 0.8802629232528723, 1.6965635060699829, 1.1538484483186247, -0.6746615197403805, 1.576072098966262, 0.024868690592105114, -0.36790912600849096, -0.08206210636830769, -0.8490657676660864, -0.4110294209895913, 0.3208555845247744, 0.6983018443724128, 1.2282159498329994, 1.3452803586071327, 1.551105988835602, 1.7647369131330592, 1.405888597864664, 0.28843747453372615, 0.852074156700021, 0.011998200075988388, -0.5683353996565556, -0.38138783014125527, 0.9404041219536049, -1.6573930689436234, -2.2486776998808957, -0.17786051207012374, -1.4645911285027915, -0.9918111605571878, -2.9902902194034575, -1.8308704730126373, -0.1661160577908703, -0.48353781098985954, 0.3321877651615548, 1.773757811430382, -0.1472718621478051, -1.0805054181908273, -0.13118345375293616, -0.28272787950419154, -0.7017608176217837, -0.9364301836746644, -2.4612661302109307, -0.7350359946229406, -0.22738705627300226, -2.6436563375830855, -0.6847442066666176, -1.2439834116628252, -2.9112784727284478, -1.8872387707021514, -1.189536513270465, -2.3047571710960786, -2.551425548133016, 0.461864179446916, -3.188327612261473, -0.024451387609580506, -1.049194592503782, -0.5778170696015409, -0.4476712971002675, -1.8617605360688283, -0.3786558819543494, -0.4665951220362544, -0.3388831705102306, 0.9619511530856529, -0.5242522283627467, -0.7557995680015308, -1.7583598171638004, -0.45051868138763085, -0.20315257472165643, 0.9063600576272155, -1.3030223614917094, -0.006123706147973055, 0.7835768052656368, 0.9253565508158738, 0.6546610097743644, 2.053064866165974, -0.6317671960380907, -1.1624109637503979, -1.1043372979969441, -0.11885544390162144, -0.864604254515217, -0.6826268254374902, 0.17902653157430365, 0.21138687372654819, 0.47090123493726815, 0.8116676024524294, 0.10502746272426743, -1.5379844064573336, -1.5550917115766214, 0.5596874462928978, 1.9313851522474035, -0.21285612981672575, -1.1430035296724488, -2.157817860575217, 0.11069606728820258, 1.4337857322123604, 0.486452535698453, 0.6948518773353041, 1.2256848309253474, -1.3485892336594743, 1.7979215371396138, -1.1315567059450078, -1.7217948736947046, 0.186240261346473, 1.5048014005113093, 0.7850602867525559, 0.5611805704918663, 0.9185914535176652, -0.9169587189883133, 0.41839133309625604, -1.081446541641124, -1.31541553329822, 0.13153575704036521, -0.545717196642736, -0.2891762274568773, 0.7292813067304648, -0.04717828839441297, -0.9376576533702963, -0.2168005957730723, -0.016675163737505137, -0.9521637148465897, -1.5205142936347151, 0.6831286894336837, 0.3193026738489251, 2.096157636065394, -0.5294262513709184, 2.1375450429363223, -0.11070216611933784, -0.5884244802800284, 0.04701953384283547, 0.6413342609998461, 0.604814427509415, 1.0573199937241586, -0.5373627577992067, -0.22369818251496598, -0.19968817721082402, -0.7091509358678382, 1.9780395887234916, 0.8395221677111451, 0.05112337725345027, 2.4161618974818997, 1.7030485461383862, 1.151148054123057, 2.138733802482133, -0.2681604198087944, 1.7262224004596474, 1.9195022551297793, 1.41638738583247, 1.1166582902143949, 0.29950432186472503, -0.6253630686400493, -0.9394180833992337, 1.675989219233015, 2.4001618316689224, -0.0705324788297856, -0.28949709256920675, 0.28030537917548365, -0.6035553757821033, 0.49802676618778063, -0.6969249857784569, -0.05037708665828154, -0.8637884550299549, -0.6858083072290182, 1.082144653627591, -0.43304092248355097, -0.25160932266824465, 0.11857965739229077, 0.6742973464317501, -1.098239545758053, -0.5310464384753005, 0.19699545757105216, 0.7280312241614727, -0.8698507895863818, -0.3043137951534606, -0.5523642832247705, -1.1716470346409655, -0.06553995154639647, -0.9241765353971934]","['v50', 'area5', 'area9', 'v83', 'v109', 'v116', 'v110', 'v16', 'v9', 'area1']","[np.float64(83.79945492128229), np.float64(10.68151256166847), np.float64(20.01269749612626), np.float64(23.79649915489975), np.float64(12.88485355405871), np.float64(10.125605662408638), np.float64(20.099973843747573), np.float64(23.02432785143349), np.float64(21.111901800108992), np.float64(77.70958713784526)]",3.3672587798176257,3.43471560277237,3.348671415934029,0.8604643019847155,0.8436850515194785,0.9440350315667476,0.815263373459836,4.7618951174531325,4.7618951174531325,4.572652219316239,1.120289687485,1.1129387107614794,1.1916021312736154,1.076622442890127,0.9567867215772276,0.9806098863927213,0.9897546461969606,0.019331474133867,0.014979446102803329,0.059672740226437995,0.038885522752719226,2.3983994274931737,2.7522071910680252,2.726876332383858,0.767134979301837,0.7327559169983702,0.8621207156861118,0.7822298144169048,1.753274484382502,1.7343530597616075,1.738012022721445,0.812454308743496,0.9192859130619304,0.8505554820685969,1.0300327081936003,1.011467892346866,1.051573097521981,1.0147163289646823,0.1766581046977357,0.18724396844855254,0.2670345761220616,0.24779930319495014,False
f682_b,m1084,"['66', '67', '68', '69', '70', '71']","['595', '596', '597', '598', '599', '600', '601', '602', '603', '604']",f682,m1084,False,2,forward_no_out_standard_k10_lda_nc2_sex_on,forward,lda,,standard,10,2,41,6,10,True,0.9699882864952087,0.03001171350479126,0.08153398334980011,0.9184660911560059,0.5381627678871155,0.4618373215198517,-2.822034279292103,-0.8056013343670595,2.703934808188304,-0.49487515997611753,-0.026527932824489238,0.025675484530087757,"[-2.8927756422143798, -2.3617853993570552, -2.5535228260198926, -2.2691588523315995, -4.1521289806046155, -2.702833975225077]","[-1.0386837410653873, -0.8397700101305513, -1.5801659516805875, -0.0832601186180963, -0.18110479689032757, -1.1106233878174068]","[3.251294172685828, 2.065360310497647, 2.884331688692165, 2.711074669277739, 1.2509442929345367, 3.4021019852292076, 2.045412896615938, 3.528917232419231, 2.648051841850293, 3.251858991680454]","[-0.4648913975109516, 0.015847601013377205, -0.6643899852809652, -0.2525349665796169, 0.1551907319531605, -0.6995890500576547, -1.1670525720236749, -0.8910854844191882, -0.5154920433898899, -0.4647544334657722]","[1.130068428500648, -0.010575009062661327, 0.8392679453488423, -0.26913380848216156, 0.35538957128439813, 0.9915828466241827, 0.9170465945936964, 0.1377438410151998, -0.17712350679585748, 0.6028597049010717, -0.023044357588463998, 0.24084705888198402, -1.4047269537441396, 0.7182987925433887, 1.5751082952153936, -1.530979919387204, -0.4136277612274123, 0.6382255826370139, -0.2133420996727692, 0.13097909988086628, -0.756882117745853, -0.1721089339266351, -0.08769492115928089, 0.10313335442492742, -0.03607792773203136, 1.3635332308400667, -0.1988804223033679, 0.31965677551802596, -0.5607317533689536, 0.7665251956943305, 0.32801937837617573, -0.3440106688328633, -0.3637933392836365, 1.073459404622935, -0.9317767744684895, -0.7327559092769581, -0.029417753105968322, -0.3277483446364294, -0.12429821863334983, 0.020505820579854516, -0.4980425950127198, -0.2973697776804183, 1.0392196665408306, -0.4537323180061231, -0.5929148098877932, -0.10970090183515181, -0.02698951623944194, 0.04627667594056949, 0.04500193206884337, 0.19709896109778766, 1.1655829597798868, -0.8780512935964848, -0.24401614824086248, -0.545856604467084, -0.549317524087461, 0.142461586858647, -0.7770479447760565, 0.644006011669975, -1.9615786481438902, 0.24230625692710775, -1.5277413378556135, -2.7367820668690586, -1.554217449314009, -1.2787551849484649, -0.4746358118442311, -1.5098453873603728, -3.0328040046945115, -0.4691460335334334, -1.8880958235863645, -0.23568483666211368, 0.048918894144317576, -1.4860700465156607, -1.7014406082277975, -1.7197204477606205, 0.2836131689274101, 0.6326616583506002, -0.2603453773372125, 0.8521342664776174, 0.8083254855088174, 0.7426981058892198, 0.7292153960751516, -0.5344969966073246, 0.7252381914523921, 1.2281654706308374, 0.8664526003810992, 0.6009610839297083, 0.7056621467579973, 0.46803276823371315, 0.6573471808770952, 1.1686363079646387, 1.5929572771493126, 1.5760144022153442, 0.16274566994378473, 0.9080589709115205, 0.29784145549369834, 0.023590981794019847, 0.5353449981513106, -0.2958665697847483, 0.16797805993309586, 0.30114854567497773, -1.0071675904692123, -0.7437842986619543, -1.5615165795162187, 0.6495246563390861, 0.07810923410503293, -0.439015447176343, 1.195317827014985, -1.290740617512014, -0.7195614986085636, 0.7707857506628665, 0.9081299799284491, 0.025931940490476375, 0.44064266411288433, 0.4419172161590725, -0.7483506074685485, -0.5856446970181166, -0.5699535660245442, 0.2246789579539945, 0.6685275709432693, 0.4713327872931528, 1.1569247698604115, 0.40813812712752523, -0.929077001032162, -2.4920068945639824, 0.3213680227417758, -0.1442451774016176, 1.137103136608723, 0.38489120141731425, -0.4516406650450645, 0.09526043095982763, 1.4801651005651073, 0.5524668889167867, 1.8475019422389942, -0.7304455630350529, 1.1914901906253987, -0.24446285227339506, -0.3035717583182845, 1.5375151497200208, 0.8355643405889784, 0.5382257339781306, 0.03426802743718325, -0.2403111172432441, 0.38582218870363433, 1.2232963623348585, -0.006694610262152399, -0.05276971718288272, 0.5949901787075368, -1.3351698370558376, -0.8296392583850877, -0.1750398826741512, -1.3136202892236866, -1.0698089273579547, -0.11303215791894608, -1.5147274345426656, -0.2599355372876811, -1.7690390904422766, -1.4280599377422836, 0.5739460778923056, -0.779022722867189, -1.1161298040055736, -0.06124636175560452, -0.30674392138109924, -0.7349871315293849, 0.9146272140366225, -1.308151942841086, -3.2109908006635464, -2.3888263798314657, 0.0363089711609961, -1.5625516402307555, 0.42769711848535963, -1.816410245900239, -1.849397420374936, -1.6982478945889041, -0.9653926082394628, -1.4260368196403368, 0.39259161714453555, -0.5430045484000818, -0.8092513584832782, 0.6401208570105563, 0.45581045966475553, 0.10182272724844904, -0.5068397801128847, -0.15796526339889533, -0.12060637265568068, 0.9675837548876955, 0.2112870112109852, -0.6830112583375049, -1.4093453163816625, -1.6825692881957648, 0.3046354810704507, -0.17618321556754699, 1.290841798103791, -0.715642398585065, 1.5554517320729864, 1.7168125644828591, 0.800027216050957, 0.9928695487215471, 1.2040102444840615, 1.4512336518832079, 0.9901106794300586, 1.4722968224055168, 1.567528147433878, 0.8578057132935971, 2.6894389369904865, 1.9240506376653763, 1.7378900593212347, 1.2192877868324106, 1.894401970091629, 2.0372990812513314, 1.3433267818381402, 1.0400986707941136, 0.05371318311430839, 0.0933842250371532, 1.507675265325922, 0.47111264120398116, 0.771310148695127, 0.19957676547917053, 0.24492343909623485, 0.4983936856936833, 0.5878212969945612, 1.4052145270645646, 1.2444996687438254, 1.2404535129657996, 0.6071688011657318, 0.13763138434652836, 0.20345185718437264, -0.013593345342135521, 0.9415066297224982, -1.0045056011213893, -0.618503824500703, -1.0417572226438487, -0.7503240581273946, -0.5410306379072931, -0.28570242903732457, -1.5182217647844496, -1.6999142090945085, 0.25773441375360495, -0.05594358238761983, 0.10026721021922191, 0.3725613231110185, 1.2101842079002267, 0.6433151481017981, 0.8685716064406298, 2.1488876407724438, 1.1938439546912027, 1.4514643646173924, -0.6389713712420516, -0.30948421532724185, 0.5069911144587268, 0.7158609098836326, -0.4626041802571486, 1.0547233595642675, 1.871125786752388, -0.3847613338858069, -1.3544487118169013, 0.15724996182674697, -0.7542674463103648, -0.212483622537723, -0.40715502282778127, -0.9886971829402175, -1.0945384360907948, -0.9215361021958779, 1.1324406444630783, 0.3690191657071796, -1.1255694333311923, -0.5110954446807316, -1.0384093831889494, -1.6477870354369577, 0.49712991720915367, -0.919754412835196, 0.5651617482738078, -0.40891090047419004, -1.908937575005535, 0.06582035522782552, -1.3317811092844014, -0.37272288798943326, -1.8201520008858632, -0.479920424812276, -1.7937395051339182, 0.6265321748818485, 1.3100657952708281, 1.5260920824876867, 0.6749701995114081, 0.8272328163901479, 1.613636117582733, 1.2262731182516164, 1.2316743045329024, 0.1441682501666203, 1.0204723921917151, -1.1786519179509751, 1.3103716352387877, 1.111859205404203, -0.09197485002441977, -0.6755247206800462, 0.324890244527513, 1.0614578532639924, -0.048583522539485016, 1.310327163939384, 1.1768509507887857, -0.3995105201054399, -1.6742053130388668, 1.435391936787599, 2.4310987093671326, 0.9257017464041333, 1.5932471879212442, 1.192447949278016, 0.7376845382348296, -1.3562440838571383, 1.0413516091276687, 0.05830706425026664, -0.6274541270835944, 0.4935650397370439, -1.7745827365763758, -0.8743579616183935, -1.0688082359693323, -1.1689587122770186, 1.1816697804660252, -1.117063192055595, -1.8855301619618097, -0.5989821200857122, -0.7848464595108162, -0.5539918524726923, -0.4069330287459858, 0.8727586524704615, 0.704914252292621, -0.6810414940542627, 0.5747810870839156, -0.8933256477811687, -0.008938564575623973, -0.35878059838073, 1.1083160561523706, -1.0423337383408244, -0.3437020002876051, -0.631355571144354, 0.5208953957024209, -1.6612583567602992, -0.9346209373680919, 0.3125313084682815, 0.8724381682928817, 0.36598810256854974, -1.2578944656079714, 0.033964590050763695, 1.05532291656507, -1.595767442175808, -1.8764464871314839, -1.011361400008196, -1.3619978083161222, -1.0769786469516327, 0.8419164619914328, -0.5158076941121309, -0.993825831358926, -0.39982406087006966, -0.8924678075586444, -0.02809565585799241, 0.06569906494279702, 0.8727747319080467, -0.6266026543089571, -0.7732092712765937, -0.20783611782605416, -0.6964523133207494, -1.6818097489402613, -1.1641764169878344, -0.6286689809343194, -0.8537483244300499, -0.9111823560270165, 0.024269631524513988, -1.0329071764728033, -1.9640598819669475, -0.632670783380199, -1.7759567351197354, 0.636292671241294, 1.032461217454087, 0.022106975477880247, 0.46559314686715497, 0.1703319480175076, 0.0954394777250183, -0.6715668607488742, 0.2854691153305052, 0.8985547459820329, 1.4407954926556867, 0.7093443136572968]","[-0.1852773711138835, 0.37752469479952105, 1.443082152709234, 0.16132143761672957, -0.6906396352519624, -2.064348676696949, -0.851011891589311, -1.9640111561971016, -1.0846878837381946, 1.1987446486596376, -0.8023703954596296, 0.34056177707925056, 0.02490247159959258, 1.4732869212378619, 1.9900735575718913, 0.672723078183149, -0.12090498889260935, 2.870241229144233, 1.3956178246282849, -0.5701492068569736, -0.236797485031061, 1.4204007652398478, 1.8774323371647608, 1.0681970727250831, 0.5057273289104454, 1.906865261647234, 0.2112430959220697, 0.715114996141038, 0.670195999761145, -1.0426664312795189, -0.7361537459184665, 1.0328371266906016, 1.8803124431245881, 1.6274376064622456, 0.779280789029004, 0.48360220225483785, 0.947222197410061, 0.30239489114399176, 0.23530849788016792, 0.6374528621043691, -1.1115409588711718, 0.012464542634427832, 1.2050525502288008, -0.050651538093080976, 0.5128430175909648, 1.5691815144467516, 1.8919918735705055, 0.9485350732244138, -0.3005887746583442, 0.545230642582873, 2.246751820500466, 0.7328001334790053, 0.41099107480314095, 0.10660433226666269, 0.8544814960690365, 0.531712767462411, 1.6049996435120257, 1.248306850753666, -0.534440824900184, 1.2585675560311298, 0.8245703264757928, -1.2313251525677698, -0.6311600338961421, -0.8848602764520502, -0.4859471302142553, -2.3857496680273047, -1.0379547217214264, -1.4896634758080944, -0.9768000745193929, -1.4019687877394054, -0.2553224382199794, 0.6193186114749372, -1.4066647259779497, -0.25539466871311994, 0.842395276940077, -1.0175010425254762, 0.6322833753880357, 0.9023470087822228, -0.4889389828612218, -1.6388407869862922, 0.12777678050383975, 0.7864179301582375, 1.0973206039055166, -0.1270747666685853, -0.3512392929279538, -0.41454768540846243, 1.2869660997332963, -0.044950053694565256, -0.29439490671296326, -0.40804258951356487, 0.2632368356421717, -2.0772320843509084, -0.5979083971332355, 0.3902664570305654, -1.4283435855285813, 1.328530622365508, 1.6530979972316517, 0.23038131182150415, 0.489238454674387, -1.083846399991882, -1.8429497479868655, 0.6284841100216156, -1.0322267943796783, -0.06766920469331614, -0.3526681015895532, 0.9806473409915506, -1.0216702160307412, -0.26447196457271904, -0.59601098057413, 0.10403496983131878, -0.6465620062319497, -0.07963165904945317, 0.13829256302026832, -0.2255455444998859, -0.161405301095253, 0.3507002966039098, 0.36672262479610546, 0.3665781383568544, 0.26888670684401395, -1.1462389033608045, -0.30058635776981507, -0.3036859850169405, -0.5915256728506048, -2.4857095787835615, -0.893645901810348, 0.9529459533676542, -1.4626374511179157, -1.027342259870707, 0.45873756086343975, 0.7262512615729879, -0.476525510968957, 0.6920301692804106, -1.04842202031239, 0.8155766371742061, -0.37398051855352404, -0.08401468833241764, 0.5507936646259307, 0.5022130207811755, 0.7827831824062318, -0.03732318710200404, -0.16300000231483178, -0.3815141471935001, -1.2554962037397015, -0.05037284563219613, 0.8555672362260035, 0.6052241456954768, 1.6797825457544782, 0.24077393174434084, -0.5188195103111306, -0.08040294662053475, 0.8494859813522699, -0.31148341253775136, -0.13552872495607274, 0.6257420948657855, -1.0820025806635114, -0.567074928987104, -1.7351187024048245, -0.584870423903797, 0.1221947131421759, -0.6475718372154214, -0.6233553162035886, 0.709040904974186, 0.2671411417339844, 0.5720424578287233, 2.3799243726039316, 0.9014440474626197, 0.6215984224636708, 1.5275937661082861, -0.033232562587150995, -0.98433298725084, 1.5244029658083864, 0.58630541547075, 1.1753634247052605, -0.6179145831896041, -0.2818453616897169, -1.1268602188854495, 1.3039823402167994, 0.7211877084778502, 0.9279285854399323, -0.8838185763638939, -0.30973982606231626, -0.606338081430756, 0.3118748509641679, -0.5980472776782053, 0.17313237154543312, -0.34407912693643555, -0.36395294956479746, -0.9924514412336636, -0.31884953912638897, -0.11863250635436613, 1.1850883288309841, 1.522941710546507, 0.6815081209636946, 0.3767641899984185, -0.0695914600144217, -0.3706829785365794, -1.1768964479141222, -0.7649061611013231, -1.0684578486171807, -0.9898449493263827, 0.5845893396772106, 0.01647506275179557, 0.8447243923988841, 0.9203796505435966, -1.1101628275985267, -1.5240639552685065, -1.3867638689670145, 0.09032200251175831, -1.4990430130746717, -0.5502079046808366, 0.5790971296958488, -0.26212154724623193, 1.5982420409303673, 0.4502262205430918, -0.7012237783705788, 1.676806681225188, -0.2876704430059664, 0.40178336496579775, -0.5614687595537655, 0.6306234641931598, -0.790622836331988, 0.7548297393275044, 0.579639488340928, 1.5134996434136714, 0.08327781844506386, -0.37866338549777157, -0.02197316830690453, -1.2890640126749568, 0.5243617482695031, -0.8766605128523064, 1.9198575497982207, 0.10888011169047883, -0.5913971262003915, -0.26967815093359837, -0.8675526017861481, -0.5634118505430876, 0.5259257134788836, 0.21909212428766087, 2.6703960467119505, -1.65856572792994, -0.4529210322984665, -0.08950615741700732, 0.4314880749044861, 0.7191776477670118, 1.1149798222855054, 0.15558912135240383, 0.48661393405967995, -0.03271658171744866, -0.36326968019596806, -0.5054325420808935, -0.1897811622100105, 0.20401032213358133, 0.15625309887244376, -0.4749927464673229, 0.2825601664616961, 0.00015518918362504103, -0.5783622773307608, -2.699697166158409, 1.1760275292921327, -0.6655521907164216, 0.13030628670887287, -1.0867527847614555, -0.09949837744833594, -1.038077567098812, -1.6096641409991916, -1.9928569245669538, 0.28320245261892, -0.38310898713007563, 1.6582829689482648, -0.5398271176189249, 1.4362373939700455, -0.44887401315092706, 1.6781775291503602, -0.8336308655068926, 0.9227751201466194, -0.7743696349034525, -0.22263920561408412, -1.8313502588378086, 1.8771758446227216, 0.1491102797738155, -0.38931109659256785, -2.2072658021091125, -1.7689690156257762, -1.234727718245818, -0.2542855743233896, 1.7841793865903603, -0.6463437235425585, -0.4009863009154476, -0.09184196543760942, 0.832991964650443, -0.5464158799490868, -0.19977036305377613, -1.678203476792355, -0.20003096489996494, -0.6899474645339764, 0.24798751969436722, 0.7286760753970051, -0.25068973262961886, 1.5536295346942184, -2.9607958357813904, 0.3096048031555892, 0.7979463721323742, -0.5275446637046685, 0.5284698327067286, 0.5487789501111826, -1.4251169412394809, -0.6905791783308133, 1.0495903442485324, -0.3853353917840586, -0.7223528771086529, -1.2392503358320726, 0.40815881997435, 0.9979093553434689, 0.33210394586553577, -0.3838191575459131, 0.4074563796142486, 1.1565298301259708, 1.4515986580301217, -1.0275207134745938, 0.31261696390412774, 0.888048001040208, 0.29819537233627347, 0.20346159085871687, 0.5385449209791519, 0.280658065875292, -0.9581785096380051, 0.053641165217843546, 0.6605617730148923, -0.11267877260632152, 1.7342421837484592, 1.2634468063987885, 0.2936433978568098, 0.4858947760543398, -1.3580965631408224, -3.3230553176588065, -0.5990262469377458, -1.218694790629175, 0.6989219448338881, -1.419658361107813, -1.0843653211000837, 0.6187410075500623, 0.04254997843006284, -1.1292125747449062, 1.42667571568976, 0.5982512331628285, 0.7532615528510112, 2.1038116292458993, 1.9274500169971738, 1.27615693050512, 1.1928349794043922, -0.4077517919660901, -1.8703938879530884, 0.715554231992177, -1.1015164745217243, -1.0622303825118626, 2.6394264597509256, 1.5762533692079024, -0.35114039248342577, 0.3097128708068054, 2.1978531042522715, -1.3127242386840572, -1.834754399645871, -1.4503848686124574, 0.9647935262293826, -0.9411211349833776, 0.4981248222121867, -0.47526303345347765, 0.04689553535433542, 0.7464722036563746, -0.6623801350825603, 1.6838918890346495, -0.25275769017484917, 0.38681818782337396, -1.2849308507852384, -0.15993493578048681, -0.7385434113074787, -1.2084250498902438, 0.09751333423414944, 0.2854093828406219, 0.13401573950127732, 0.40273814145356995]","['v44', 'pred_proba_f', 'v93', 'v111', 'v68', 'v61', 'v32', 'v4', 'v76', 'v27']","[np.float64(86.23893724849754), np.float64(12.21650813278293), np.float64(5.200676825316075), np.float64(10.939958579574471), np.float64(6.024465230597738), np.float64(7.423720987346713), np.float64(26.70715499222985), np.float64(29.25088015612087), np.float64(26.510450001042173), np.float64(32.69582294013634)]",5.534698285475069,5.577558864773965,5.585215470337355,1.1204660543152964,1.115145460967567,1.007659960543434,0.8875273634016662,5.836695261871348,6.126297148295828,6.107710134215569,1.4419420792113844,1.461038392092788,1.3121679232449863,1.2028475869187607,1.8964564734570182,1.874164707233969,1.8845967547814437,0.04145680362076835,0.04408461160535493,0.02814823241618511,0.011173872040722621,5.525969087480407,5.525969087480408,5.563996573990957,1.0020114683893124,0.955423622447291,0.9082689134533299,0.8144160175631101,1.2389325572146372,1.5323548418600628,1.506069815084417,0.6296705286730846,0.8395955853686218,0.705776302246379,0.5156466927740728,4.114474941095084,3.414823297300488,3.1071676485318167,0.19845090083873154,0.2369555133693087,0.22837651821854651,0.19724668785588814,False
f682_c,f832_a,"['72', '73', '74', '75', '76', '77']","['109', '110', '111', '112', '113', '114']",f682,f832,False,2,forward_no_out_standard_k10_lda_nc2_sex_on,forward,lda,,standard,10,2,42,6,6,True,0.9823946952819824,0.01760532148182392,0.9847309589385986,0.015269010327756405,0.5381627678871155,0.4618373215198517,-2.2064816969730328,1.3397613619910314,-2.308408631417415,-1.2823723152507116,0.07110063509276297,-0.0009037645155954793,"[-2.0782591445268825, -2.6090464254658126, -0.52414121342806, -1.8793121540970361, -2.1655538525038707, -3.9825773918165366]","[1.3058033254078287, 1.905460260129968, 0.729703262465392, 1.1340274918075488, 1.2473255823062563, 1.7162482498291955]","[-3.1294277338047563, -2.905998157285616, -2.4176724873458557, -1.5255727720966379, -2.0682226942425905, -1.8035579437290326]","[-2.0201615001541358, -0.5474016730554228, -0.09757171788711784, -0.7687341404635581, -1.3665971690751375, -2.8937676908688967]","[1.5804678641839647, 0.11066057834400438, 1.2440412833840808, -1.2938559424042375, 0.49630664906789285, 0.34319810528926814, -0.6302337592939269, -1.9175804805977261, -0.4752856607348183, 0.011718427197966398, -1.7096295773772299, 0.21083632315611353, 0.8980808156753127, 2.1118866205937947, 0.22984709318596652, -0.39235002502652533, -1.298684621087744, 1.6658856070372516, 0.346781564232813, 0.13429096028336976, -1.0614097334971426, -0.12313757638876167, -0.07986754288845661, -0.4961485792169927, -0.832305868542609, -0.08694832013600685, -1.2264200886368628, 0.2391134771368478, -0.6409635240976284, -0.14900486634044185, -0.025205153443393247, 0.8225570126518457, 0.7362248550196653, 0.45333622968158205, 0.040718169249590395, -0.5287070062469665, -0.1540389092339333, -0.3081436634136932, -0.5345829084409286, 1.0498600931646813, -0.3828949446293693, -0.5057242765567828, 2.326233773908845, -0.4022992303551713, -0.8273489741650745, 1.6743192834090157, 0.9716339386614185, -0.06960566414896605, 0.03176894902370936, 0.941893702906171, 1.461732132790439, -0.25936899812267306, 0.032460950442535344, -0.1043388638243808, 0.06008970348686989, 1.0638559663382168, 0.3313938814412211, 0.23621578053579306, -2.2811593186352708, 1.2681724589865542, -1.4413343722208745, -1.4430920455323801, -1.1514900122676897, -0.8001828489235857, -1.2081328865619543, -1.4367661837077887, -2.6637036490647907, -0.42364041337430697, -1.6318645679845607, -1.387000217032797, 0.3770427571298215, -1.2878606728138586, -0.5134892434881414, -0.24019294920540624, -0.6971091276242137, 1.0038360966870528, -0.24174597592469177, 0.783359861422968, 1.6058926600195844, -0.03848265449986683, -0.9697699891008037, 1.1062035127796421, 0.8352193478810459, 0.43649538442820385, 0.3245196267906814, 0.883800231784232, 0.9228398354342621, 8.302909959577554e-06, -0.3871024204443627, 0.9526185625574566, 0.5442069470490396, 0.28535510531042163, -0.6557593857151033, 1.6362202831835662, -0.6207324534227547, 0.06084657046347036, 0.5221717851089313, 0.6990380126701975, 1.192912213342275, 1.4891805651878172, 0.05292921120764332, -0.16093432637301938, 0.33223174340329265, 0.3914044798867085, 1.140611319275069, 0.47868383307204626, 0.38515913491830267, -0.16173318402946654, -1.8916411180497559, 1.319946491834103, 0.4077270265314789, 0.47455660056049054, 1.1647844533107226, 0.7633100612509331, -0.3165059721245201, 0.27138568269147034, 1.5503677615651155, 1.5019150868312574, 1.6927602067574716, -0.19515042385236067, 1.7968597445463808, 0.2504902758880961, -0.3675734745582399, -1.4927891529996484, -0.21126092682234723, -0.41398626365419916, 0.2953542099151092, -0.050320091359508975, -0.2650925167952041, 0.40679437573499855, 1.33104390254953, 0.8411416035469989, 0.6834084725171055, -0.8393180021158062, 1.1480357011355309, 1.0020177139300548, -0.06400054527764015, 1.5035032422114616, 0.6126177331828779, 1.1504140384210968, 0.3706762412877259, 0.2118316812593249, 0.35247341547514544, 0.2010527602457338, 0.198685581866909, 1.0741423353727282, 1.880622560918796, -0.34848818530672676, -0.17214301904103543, 0.22832338215154618, -0.7160047106838754, -1.1727001616793735, 0.7212273825227599, 0.5136971688684118, -0.3091218767596219, -0.1438684317482498, -1.0694475900199354, 0.43908704437615026, -0.42574212407435275, -0.8383336922957005, -1.0381697418945983, -1.104952268111641, -1.743778750628616, -0.6114530241689766, -0.6749501237461373, -3.198382276009694, 0.14035672036295405, 0.8030921489471692, -0.030766131252126478, -0.44559711311816047, -1.1122324745555836, -0.9262269531159483, 0.18910237027775262, -0.5996056603355011, -1.3333667250161199, -0.6471789471484461, -1.0133850637195556, 0.12633056517916727, -0.866328612949103, 0.31329732479934164, 0.9776671332864243, -0.9220029556922684, -0.17200643413542505, -0.19074714086330807, -0.00577798401833602, -0.19009576228393504, -0.8498738411474702, -1.3953018167428821, -0.978386347688042, 0.05139663650082882, -0.7619142789169727, 1.9137474115794215, 0.3637132557507281, 0.941132171354763, 1.8610569439676958, 0.6063524139398344, 0.7186958298174625, 1.3680845215738746, 0.5057409698757958, 0.037578405345840095, 1.0055478782479965, 2.4702458367284046, 1.4142937576285206, 0.9850689633528772, 1.1739258503435606, 0.8321166818662135, 0.1802737507151575, 0.3880303215195946, 1.659370709486821, 0.5249866161513249, 0.37290977011231174, 0.8755590892959234, 0.9767599453226337, 1.1366525382525654, 0.154225775852258, 0.17428935322553477, -0.3167958334540255, 1.6421794395469516, 0.11046904375554943, 0.3307336457119871, -0.9076917866945098, 1.0522521498647683, 0.4371308398158765, 1.3548263530707196, 0.1862629331678955, 0.34832731150327406, 0.34156855083297166, 2.1276601861973075, -0.6938161643475591, -0.7666853209161486, -0.2563046538834931, 0.47049216553667517, -0.034845054699177626, 0.352881180161612, -0.6459776754806003, -1.622350544015325, 1.5776714744553606, 1.12513010799803, 0.5947166412025237, 1.241985458495036, 1.8608649970459659, 0.7213849909937005, 0.47843936262821135, 1.072346003139971, -0.1650511870172967, 0.39915903026973354, -0.4026065824175868, -2.0540484334330134, -0.029581565896759397, 3.779288457357444e-05, -1.5943407597135693, -0.7128610781259943, 0.5286082555060022, -1.3976439995892267, -0.2667600868887059, 0.4699299185500479, 0.17143161995174305, 0.07047777639103232, 0.9674530396668517, -1.124305194962726, -1.3463782692178254, -1.193289526820821, 0.8119377419139697, -0.38385342198411776, -1.1887483680479043, -0.9297009801595593, -0.20751875824886423, 1.3651354187960645, 0.4053131473570413, 0.6567048345808328, 0.5069447133307047, -0.5557724802289674, -1.254199427921484, -0.6359015802141537, -2.054436032255766, -0.19216667872623863, -1.9309388855642848, 0.0924212898485895, 0.8931775946477961, 1.2074897097524264, 1.378679485819164, 1.1693359581746245, 0.6367023736207308, 1.3998004015633714, 1.1056030396395793, 1.2127932237852201, 1.1318855919068878, -1.449028387091744, 1.8905580848597114, -0.053894833318003994, 0.8757847061549892, 0.9842592773540615, -0.41189526748824973, -0.30405363714340305, 0.21353380577911169, 0.07126560692165525, 0.14139643008487177, -0.12029605236823727, 1.7645093186880263, 1.3842739154027377, -0.17626935084248813, 0.5342761662335476, 0.014772411409332902, 0.0822697970635039, 1.3973266912498594, 2.1386021866575415, 1.5669812356146908, -0.2935926962842888, 1.3760779835280192, 1.2326686251139212, -1.0765223324480537, -0.02324537909150145, -1.1441020488377462, 0.1314891425974706, -0.15441632349943388, -0.3628916609924578, -0.009836102335499692, -0.013059719195952483, 0.5118235832447171, -0.8090668364815152, 0.4077207010876038, -0.7899565390208209, 0.059837648869691555, 1.735667179877629, 1.4007496744092127, 0.6213126934255188, 0.8539297269327629, 0.6104065782767973, 0.7861597746079749, 1.2883019429149536, 2.159140326676696, -0.03293786718859799, 0.9192757330679326, -1.0787703793649919, 0.7814808232854501, -0.3697098278084661, -0.8061489394940291, 0.6064019460178254, 0.2287284211001415, -0.013980104692956314, 0.7667791540907923, 0.27324525853125403, 0.9102530506172506, 0.282182787531787, -1.3119657424785043, 1.1201974660534209, -1.153690766024215, -0.5911274505927704, -0.8226193238022153, 0.6303124131993997, -0.8707856365489364, -0.17766380543303922, -0.1556684610341001, -1.169111504634669, 0.5321418631578478, 1.3423038260271183, 0.7738400645276129, -2.282746872754407, -0.7488272869030114, 1.0074847832701375, -3.0197317189633983, -2.10599789436427, -1.3934070565599899, -1.6564086656475543, -1.4602338556696424, -1.7000078465627229, -1.1016275495048609, -1.5969301550412631, -1.306829245062464, -2.84304236514025, 1.6211846185839052, 0.3066953902734417, -1.0672839019779201, -1.0356862658039863, -2.0941066696474815, -0.3132195178323103, -1.3563910692140204, -0.12768108329420536, -0.19486708177673828, 0.3781047834311771, -0.3136998833743766]","[0.042103801295720326, 0.6896294577836586, 1.6317863367317855, -0.4384099895325064, -0.1887126760731396, -2.076194997591973, 0.25189155961712106, -0.493064287595637, 0.13981653512627545, -1.6174077455744689, -0.020574633364129066, -0.4352706683337252, 0.07747867066772153, 1.7089706312161532, -0.07992904605668251, -0.9547548473250981, -1.4683092366390527, 0.23628402825601139, -3.3322534974837845, -1.8684939919987293, -1.0041401075312908, -1.792328826303067, -1.2748395501246623, -1.5757437397513718, -1.919521891946547, -0.7691469857080953, -0.530145939918511, -2.1499280785615875, -3.112613646765534, -0.9494251610272484, -2.736407847363739, 1.2918276483486073, 0.24501355417220658, 0.45018753608075573, 0.4601991397177247, 0.28773919100584666, 0.5997254993024332, 0.9319294479239915, 1.8654148965768602, 0.21378236540734508, 1.0372648381897962, -0.29609849355509593, 0.32449277154221245, 1.3481816151798962, 1.8125407520465269, 0.6896641999072698, -0.39190403056646367, 0.9360820439431702, 0.006488332694498778, -0.9678738093069755, -0.09361597027640346, -0.8011144618029311, 1.7054304774349673, 1.1623772032024458, 1.186694820133799, 0.2019092823750974, 0.017995529636981405, -0.848685549709894, -0.6024306768784878, -0.32847357066417093, 0.23563904238693373, 1.0625207399102585, 1.19382797419889, 0.5226092582697951, 0.6409084961353979, 0.6292187000299292, 0.6006422774466454, -0.2843308727907009, 0.08833592660363623, 0.0885460820160025, -0.6771974248442563, 0.15350728580094572, 0.0678258099206035, 1.5084928158913484, -0.829657134062471, 0.21446341927046567, -0.19782613177958155, -1.165575403772498, -1.1195898082387872, -0.5023854395538541, 1.1133526763638135, 1.6457310457019751, -0.6330455930182084, 0.4715644412187157, -0.6851885551956223, -1.1706887727886957, -1.3706339459502384, -0.0802292242569218, -0.38287208208859336, -2.2856580782251785, -1.0537658344365397, 1.0108885432804124, -0.6906802226966541, -1.0533254054785761, -1.0047689070572308, 0.013482374086313588, -1.1393783054862265, -0.23641523828582695, 0.4918550605955222, -0.9783030471466024, -1.442660334230843, -0.49000618482534686, 0.2810428472255215, -0.2288114618614724, 0.3959756464439774, -0.45733893674749976, 0.12237227340387884, -0.614282338677461, -0.3590858396378646, -1.05016294358636, 0.33024747299357876, 0.16965955555249645, -0.9782319935175078, -0.37931722035107485, 0.316591379561766, -0.8831364911666747, 1.2363731421990922, -0.6886073644638726, 0.40060175275026616, -1.0470512591987162, -0.6454627404579141, 1.1094383170032405, 0.44379882505460927, -0.9167551635157543, -0.31539473294198156, -0.9492003229685588, 0.2642128822276709, 0.08051901967719424, -0.5055450460396176, -0.43224160806640827, -0.2828843750814186, 0.25369694949783494, -0.7198222552312928, 0.05402691771769373, -0.8999403926492958, -3.150954524777616, -1.3368878573869787, -0.8548143300493707, -0.08088278573664275, 0.20694305302901006, 0.2596818422119192, -0.034037634806728785, 0.08911028997975061, 0.35262389656791965, 0.6829332470705182, -1.269307469383271, -0.9384313326586184, 0.6748585025373935, 0.2625168294261275, -1.606780558103186, -1.3391025636116443, -1.1392736032903346, -1.6653297370951408, -0.751868402817639, -0.22476413794172512, -0.6426757624243252, -0.17720565513347186, -1.348835697141064, 0.11661657797759749, 0.11532656039011673, 0.5484971391152746, -0.024802744073301047, -0.4743303892183095, -0.07906604955973946, 1.7522589010833534, 0.629846962666089, 0.17986663825144616, -0.034835597031371734, -0.2406717302200691, -0.41130611276322787, -0.5288050311955182, -1.0046986601159902, 1.766231233660899, 0.7032358603468242, -1.6282088381472712, 0.4806374804321948, -0.3876188249702378, 0.6066481293461022, -0.0221891601496411, 0.40288711793795867, -0.9202149621312795, -0.3677082213694246, -0.17586244211668978, -0.23982134485253231, 0.6509873972836472, 0.13854247417430357, 0.5952073983980499, 0.9939666031713758, -0.37336543368958625, -0.7400481682469241, -1.4704140352557749, -1.1101544052325105, 1.058089914697807, -0.9515143990475952, 0.10208242177673756, -0.5999998586511104, 1.1756134260935407, -0.9240877368410069, -0.20715892704865785, -0.16943202827746123, -0.5613280784914532, -0.44104094551072603, 0.23672965001269897, -0.9462862652384089, 0.14346893004873534, -0.51985143379013, -0.20084782471103074, -0.41533631544954963, 0.5348797539834619, -1.2222394939230463, -0.7551434610707117, 0.5184380424298661, 0.4431416290006039, 0.24733863714651091, -0.5491627917312316, 0.8764149226192443, -0.9376429419484406, -0.6700547439857402, 0.039843356294860716, -0.873361716282749, -1.6923148220904747, -0.18813391755654038, -0.6583103590120364, -0.006829184896918856, -0.043367550839235484, 0.0020858137532431317, 0.39790948026517453, -1.0510769726091467, 0.5960134512553431, 2.0558012646090904, -0.03701860845299688, 0.5742002343744799, 0.09647593282301639, 0.0709517794042367, 1.1699881478449858, 0.5469060146141876, 1.1132553013426303, 0.36314029919250906, -0.38747073488769296, 1.5454714264388314, 1.7903089487461519, 2.629909378461163, 2.5615187343108103, 0.9726492451453795, 1.6741803786030127, 1.3597019323985582, 1.3430998118133008, 1.3309221507245568, 1.131031626504368, 0.31532129851770535, 1.6659695664791805, 1.0207480493155285, 1.155201621601184, 0.6972965022881832, 2.742485899447193, 2.4559414395447257, 0.5589497732279327, 1.2613434915934838, 1.5380525951095416, 1.8659823684118562, 3.104776762943348, 1.28376159420449, 1.8749764585475095, 1.7387473273656082, 0.9400616826823346, 2.322944820065175, -1.0232350294356582, 1.3740970146209655, 1.4273976104959702, 2.2180734009634766, 0.04768824029160217, 0.6977721818100832, 0.424135102099303, 0.19982984698895184, 0.17913718601203538, -0.7394652498917624, -1.642722752962597, 1.691111121566932, 1.5285979692204519, -1.5955324260621027, 1.530054767754708, 0.47358539586655174, 1.339405817835409, 1.786091792192856, 1.1392582655610093, 0.25903275122029795, 0.5065877948685171, 0.48404816822578295, -1.137151177790368, 0.6228295607383443, 0.25476324498592956, 0.373812418609737, -0.588686769580132, -0.8423147977037526, 0.8303762103300879, -1.177886089512756, 1.1356226314643394, -2.017195911733351, 0.16029154970584858, 1.5057877069827057, 0.2949317343888057, -0.8402766459683603, -0.0021767598740393135, -1.1253117966995758, 0.8144807870046966, -0.32085644482096787, -0.8059686311921743, -0.20924791425156744, -0.6808537163663041, 0.3007418308888805, 1.1254553371568359, -0.8259877708902406, 1.8149213631724936, 0.14092517576027144, -0.3713766757826674, -1.5467253171269768, 0.4975696113910559, 1.470010097958347, -0.06992294414557218, 0.253690140693995, 0.11015716612642817, -0.7588294216509891, -0.6627266842274876, 1.2197414431826588, 0.3331430452248415, -0.19157157964831786, 0.11289766992811862, -0.6282740628824132, 0.8369576459365317, 0.33914679887584503, -0.1055248882432306, 0.20098619588892755, 0.07450345672314394, -0.8074035879810147, -1.0570036277784074, -1.4209310568446947, 1.429787412405865, -0.3943813197403665, 1.503280428245184, 0.6795297357143232, -0.15436530023850076, -0.03364429491784076, -0.015380905318001842, 1.1889706451370787, 0.25892934228778147, 0.9568198840058819, 0.2135978497566156, 0.7657487533233346, -1.368061299177373, 0.31684801690973446, -0.26722573559662, -0.15212147205592932, -1.0072747194122664, 0.4127035339724577, -0.8239565543484623, -0.4230996305655731, 0.3212516160465237, -0.826884686982017, -0.8213287022286543, -0.14596381125910612, 0.3888406872181017, -0.6159689045412603, 0.06367171693504578, -0.9394036208774384, -0.42680776197701803, 0.33522184344429984, -2.6014183238761697, -0.9260236324386565, -0.22816351331392826, -0.23507815354264555, 0.2832412865588066, 1.0477268683091219, -0.2335783779281119, -0.8259629079431724, -0.6768149227324127, -0.7154967709229881, -0.643194541506508, 0.12055190180010489, -0.7383524267434367, -0.6480017225414649, -0.14645414579530752]","['v112', 'v15', 'v93', 'v105', 'v33', 'v91', 'v63', 'v111', 'v48', 'v30']","[np.float64(33.764032133247774), np.float64(20.25084801084183), np.float64(8.456085347528553), np.float64(9.472422174701043), np.float64(9.75211854708481), np.float64(20.66171993864558), np.float64(26.22575165212307), np.float64(177.38423803988152), np.float64(675.571023366646), np.float64(5289.604763655128)]",2.624113968807478,2.8901790685128352,2.6440767799259888,1.4338869426182301,1.4142016690934738,1.602018820473023,1.4896114540306655,2.724060611686125,3.559193841139903,3.509553392271027,1.816840227967673,1.759495170011133,2.0448778411420148,1.714769370641164,0.5048293650392839,0.5550437379064659,0.5434472384283305,0.03350353118419911,0.009239874896635247,0.11193183121901068,0.08955011581592587,2.622133677241743,2.682439463405688,2.4928035255877203,1.3262592446416217,1.373530966350724,1.4431040117951113,1.380425385188978,1.0225757276546557,1.2274974942007792,1.1611777110395591,0.52289209020142,0.4500172133347736,0.7074869996661443,0.6637144766596833,0.595777376706824,0.6907977601256245,0.7050964066202585,0.27526158027452496,0.25088017968693516,0.28533809719199704,0.27200971714671096,False
f682_c,f832_b,"['72', '73', '74', '75', '76', '77']","['115', '116', '117', '118', '119', '120']",f682,f832,False,2,forward_no_out_standard_k10_lda_nc2_sex_on,forward,lda,,standard,10,2,43,6,6,True,0.9823946952819824,0.01760532148182392,0.9901077151298523,0.00989234447479248,0.5381627678871155,0.4618373215198517,-1.843598575477862,1.5105721753673496,-3.274215543137427,-0.8664076729556918,0.08059549793094949,-0.010144322872624284,"[-1.543557094192785, -2.0999373002825052, -0.9680604086932203, -1.47917188755831, -1.3671966000694304, -3.6036681620709237]","[1.1361797755385354, 2.324226581906382, 1.4379956256780617, 0.9700157083956416, 1.1194245738988529, 2.075590786786623]","[-3.9579473362592617, -4.589422572308231, -1.7340748831730441, -3.3740003002425576, -2.836555530184702, -3.1532926366567686]","[-0.5416614003796342, -1.729815691708451, -0.09049246440775142, -1.1596103339545376, -0.11984763312216366, -1.5570185141616122]","[0.7664306890289675, 0.5428717524301546, 0.7380786819189968, -0.9100272785024919, -0.848303705917474, 0.3145103206238378, -0.7662892295716411, -2.02612065916866, -0.28585309786867696, -0.5244325598013282, -0.9561596508432721, 0.42522093550690193, 1.0456115197510034, 1.2807497518850466, 0.15269908762808002, -1.526815134077286, -0.7474011766946501, 0.8104080656725153, -0.11692596112729163, -1.608123326904862, -0.7216816621683326, -0.07156358826650296, -0.4750714323424119, -0.9574932880786338, -1.0377028487245106, 0.6315004714304954, -2.3241460581751063, 1.0456880342537518, 0.5995774598487265, 1.0120236606963504, -0.9978376943046473, 0.9353952185296915, -0.5067051073105443, -0.1397003555974469, -0.07703921704675673, -0.2696643484697746, 0.6534188551137213, 0.42691755544629334, -0.04779646970097643, 0.040320423848223264, -0.8007369433285052, -0.21443216905917648, 1.5077165298111632, -0.5065677785652442, -0.7480035419282485, 1.5057784962130718, 0.7780835337055999, 0.7081612679559693, 0.27975571891332807, 1.2470276107809408, 0.8903376333898843, 0.4293886307146463, 0.36067302345430596, 0.8412458158756922, 0.16750341979933886, 1.8697737049489247, -0.7432418855202133, 0.7562170235503234, -2.020096296655593, 0.6503166125222746, -0.4486137163020985, -1.286130069097575, 0.5479283183657774, -0.7267740704717607, 0.7741286136763749, -1.1050432849059617, -1.871302674039456, 0.2894088518481112, -0.8436150429987747, -0.5507753429755323, 0.35780096111239923, 0.029875184269511534, -1.1289752845346885, -0.38771663992037436, -0.42624357673601865, 0.601048002590329, 0.09376408525890294, 0.18421579303175467, 1.274279162864314, -0.06590158800964004, -0.6238105849404085, 1.8663525792754463, 0.059810395293771954, 0.7423700876776669, -0.19830859631583164, 0.2251817548244874, -0.1556455244189175, 0.6156126386270452, -0.34206546825146233, 0.9721123368029015, 1.4767258278721367, 0.7591642440542876, -0.8872610836630997, 0.708631488665162, -0.5997992848895981, -0.8482387110396098, -0.14169656085463658, 1.0658001995563409, -0.7893976828074121, 0.24282765099032608, 0.05304278679073469, -0.20955271050061933, -0.36706124283104385, 0.6768122758875348, 0.7646502230120604, -0.12721395275258343, 1.7286856771893788, -0.7599868143557753, -0.320819626311801, 0.396169338178309, 0.583016618159236, 0.03108472414762013, -0.2491962328698778, 0.2739961415766338, -0.2626572128293415, -0.7211365031214089, 2.1270230326058686, 0.7206547635396892, 1.0644915720137158, -1.731586843307257, 1.106190032879372, -0.3821192856731034, -0.3987838672408751, -1.7412548227212719, -1.4249952579957197, -2.455415080596632, 0.656534534273375, 0.2232907277282906, 1.0835405706588932, -0.5578046228673954, 0.45831810720906524, -1.0624212770587864, 1.4946941834731413, 0.03549169673886999, 1.802426228768975, 1.8114906082834539, 1.0926709591592632, 1.3961447490649288, -0.013725565556159685, 0.2828727620279235, 0.21717064954864918, 1.026326533693934, 1.2011004155603748, 1.4367418183343714, -0.13173560726162062, 0.20903842893371435, 0.7767944152815588, 0.6210455532448945, 1.8480055702050282, 0.8811164680384118, -0.1924866817963746, -0.2814393751712368, 0.20176212553535175, 1.0379491760760013, -0.19567543345721583, 0.013554635159808433, -0.978269219788093, 1.5528624337825423, 0.11122502614054534, -0.6027647635105684, -0.43026428097694197, -1.7463039634555684, -1.9303454827168707, -1.040903586366385, -0.03576116601597814, -2.2331935222087185, -0.31322384134483866, 0.7909956321356035, 0.38003699470054375, 1.1829685597432624, -1.9368752118484542, -0.8662946630196942, -0.26963930240346723, 0.27836715594032463, -1.262718252501673, -0.4484406325679542, -1.6475979391836422, -0.9719385723154426, -1.9896156895401607, 0.3441299633676569, 1.5957523614386915, -1.3476888726298901, -0.09740236006591728, 0.11758673291483594, 0.9160678622053068, -0.46296563902805504, -0.7349610557473163, -0.22330213937740134, -0.004620829128134973, 0.18095567051395153, -0.11447321807177284, 0.9115086897517222, -0.25388780980659137, 0.07219791488313043, 2.136578251826842, 1.11831061219757, 0.8251272746366036, 1.7197988505478539, 1.7346004848039043, 0.2371511342632753, 1.1132993851860262, 1.882301472741893, 1.148431077140058, 1.4108872937850085, 1.8821995075486866, 0.5574822980330402, 0.7060940259630585, 1.550411026152682, 1.712333600797841, 0.9732516552958129, 1.0290226083227942, 1.0633059937809715, 1.9938456373189417, 0.706140583261366, 0.5925277998973019, -0.7387252220237638, -1.0004585683307397, 1.489552733098208, -0.1645625833058084, 0.2664628693173948, -0.855947194607501, 0.41456748423784806, -0.6415869140760828, 0.4971914332578447, 0.4443414406138608, 0.5771170554637233, 0.9118951723011635, 0.9991609752189672, -1.3839521244630526, -0.09996531941880585, -0.6413898714224816, 0.49178328292410506, 1.0415286673645816, 1.1732080765346793, -1.252536320659105, -1.6286841790006763, 2.632405055614338, 1.0875534599860925, 0.6601045922411528, 1.6472496792671019, 0.541250092786744, 1.7005635705140683, 0.6191709220229799, 0.7424262403624462, 0.8322332042925121, 1.5525549074943956, -0.8101155136733822, -1.2715749874172384, 0.828732910147058, -0.6603014366662242, -1.9606269543305623, -0.21243185872655385, -0.27321394828679707, -1.434585712372762, 0.6512539869798343, -0.5910066987663264, 0.7965862861056697, 0.8866717231574373, 0.5033239030447565, -0.6558834201350178, -0.9121441157148172, -1.5736772063010658, -0.015391361025327526, 0.9533431585196297, -0.5389345577805632, -1.694425261609758, 0.6229373716817114, 0.2995414699925444, 0.19070580755293104, -0.15935236690276486, -0.14214475712261726, -1.5698523056108415, -0.41025953862360753, -0.7773467998054057, -1.733652961247326, -2.9896064355046645, -0.5601268877824163, 1.27716919975518, 0.8173641014888811, 0.531030249279986, 0.12861206850590914, 0.9314121108733366, -0.3035100614144665, -0.37637810945419803, 0.6200253305396779, 1.074623738954246, 0.30271785978415733, -0.16342028032379108, 1.4824126560965158, 1.6702946278250679, 0.16494870966464314, -1.2964080310173594, -0.4387284508319203, 0.30688005881183983, 0.5467364490546588, 0.13884361807906773, -1.4963702910243495, -0.07264885324288843, 1.3487664328029267, -0.33901028184723364, -0.031174596521030516, 0.4659682776631968, 0.4844585881898143, 0.4292181684724081, 2.1896109880988326, 0.8102638162438948, 0.7532268262560694, 0.8430458360256678, 1.0281463896117362, -0.36848643877574355, -0.3467720009791795, 0.7423029740784579, -0.16265010646516098, 0.41201044963621236, -0.021510287510371682, 0.39597624938014286, 0.42105011345138854, 0.7506091291759218, 1.0620877195663534, 0.926339346649073, 1.2236962133408655, -0.02346909281834519, 0.6000817215455538, 1.332194523215102, 2.0615055985291133, -0.39531239338281854, -0.3227462120392446, -0.23414253096735582, 0.4797550874207774, -0.07002024145802818, 0.9363021333433307, 0.03883772545270643, 0.31339441699774806, -0.05032546240273733, 0.6576542035032439, -0.6177852935100192, -0.34582604466943334, 0.5391089344393695, 0.8510837039326932, 0.16033359658698165, 0.6345579535274091, -0.18206288289713463, 0.9050860413171327, 0.4268865469629915, -1.2003964593403118, 0.06457662690918972, -0.5886104194626357, 1.6209165688055178, -0.49290827504924695, 1.0321911046245247, 0.48347062412883535, -0.33979870175517746, 0.9461549945093307, 0.7259770095569564, -0.4474355278286831, 0.761247564465954, 0.6032077717095276, -1.7614013392141048, -0.6034978017623056, 1.0324301223681305, -2.0486347506086475, -1.2544562050885755, -0.8617038118572714, -1.9828648802362123, -0.7613981772887202, -1.2637329627020468, -1.7646804560471225, -2.1280267740174947, -1.8431533678044862, -2.1717567454178215, 1.6670905507011684, -0.2476514773191881, -1.2343201115157203, -2.5432452207497684, -2.1811985225815733, -0.9321384197157915, -0.8714040651264912, 0.4723763013921053, 0.36375560307025945, -0.3395340728296886, -0.6897143483044554]","[0.8579110009772268, -0.23249573325949507, -0.4324844275746288, 0.42190046621227, 0.7658495788557903, 0.9083338155858875, 0.48269377410413056, -0.4023696156878069, -0.687819658376126, -0.442345481159558, -0.18301995507001156, 0.0683956762164425, 0.7142994440642573, 0.6218511419161025, -0.47165210640196803, -1.4193403923967736, -0.6874968587691199, 0.8661084202293677, -0.7719390891019102, -2.2221678649561283, -0.9981456848421343, -1.2893294360856136, -1.283111662974207, -0.7593743354763421, -2.0843386950669447, 0.18118791926893932, 0.3151348408602772, 0.5539095333975221, -1.2363902806094447, -0.0824143100559705, -2.1445543110612517, 0.34252749425341933, 0.03626960555138352, 0.575735039524048, -0.9174018177542032, 0.21795163457632127, 0.1705550195120374, -0.16980105706771628, 1.9581606447054698, -0.32008395554559516, -0.5825853721181483, -0.5614921334315599, 0.1860366063538797, 1.333432041972417, 3.173906516645453, -0.6392050704471298, -0.27131646196200526, -0.10114569255353623, 0.45831119114619034, -1.1266339668391108, -1.2934410121220188, -0.277092793214729, 1.7481971441467625, 0.20299081672722782, 0.42819501029692736, 0.19753075733526143, -0.3525902881727702, 0.9745941099772961, -1.631794001530055, -1.1011946150002443, 1.3302411006841, 0.48709220476883425, 0.8525178965982504, 1.7311915934568287, 0.7059007714837999, 0.6164586550084856, 0.5994561291566242, -0.0654395411427458, 0.10598397183018525, 1.3403640309780396, -0.3427031251205172, -0.14300607710614505, 0.9716498150570333, 1.3728795207955617, -1.9451757813143424, -0.7605534284526533, -0.7698115450456842, -1.0634190617810662, -1.6813960459645347, 0.03150556452049043, 0.6091123950840255, 0.47935437501854555, -1.5332867678154876, -0.6309468731112707, 0.5932648918034742, -0.14993136398641901, -1.5919156775383883, -0.32310286595322796, 0.36511674028934166, -1.1048113749105868, -1.424270422239718, -1.5497916222088655, -1.0234719064814788, -1.4526833730621171, -1.2851945519004855, -0.10859436463354297, -1.3225897737108696, 0.06438032266721042, 0.18756030635678572, 0.4203309825676007, 0.2228565816013758, 0.5541743076538773, 1.5926550005094693, 0.30232567772198793, 0.6120202130443051, -1.1762254123306972, 1.4263737110724497, -0.4173288187676829, -0.6729303760289345, -0.47074847088485267, 1.1204790677268035, 1.508518626445648, 0.5509025225257311, 1.204472437489227, 1.11611118030966, 0.4409322670721305, 0.05837063315302536, 0.26431905157105245, -0.5357468674274876, -0.7498664995969021, -0.43908316288640237, 0.1829446936594823, 0.33989803881811376, -1.0262444434086577, -1.0812399876346817, -3.2659698966786896, 1.9660000863248253, -0.37931429455658494, -2.0348836554573446, -0.9020665152875808, -0.4357779892986199, -1.309401570678597, -0.8404340641415908, 1.5153125379379893, 0.16028540784921613, -0.01732263503575824, 1.0253078071728932, 0.2093833400110116, -0.3449577752525521, 0.7905900145189289, 0.4059896937251896, 0.315003718857185, -0.33183232230023024, 1.1317516127193643, -0.6352723312576926, -1.837712819794349, 0.38452222845449896, 1.2561723172331298, 0.25258711058117916, -1.332284562343711, 0.04382405682170159, 0.23743963832070467, 0.034803375286229794, 0.3586674533353894, 0.41109425093235913, -0.40456513143393624, 0.5830030523811525, -1.670484897010477, 1.2394878612845512, 0.45179328015063874, 0.2586920827119622, 1.1428945620844901, 0.9437292250462312, 0.6868263027530012, 0.649234797603579, -0.10171348928110466, -0.3057212717905325, 1.3506000015475241, 1.0531728640285887, -0.22843686331461532, -0.9287617962487142, -0.49430143045922337, 0.9297944881408926, -0.5131050320930036, -1.9359048904778238, 0.9235406781447142, -0.9326223278884572, 0.532568599175792, 1.4332694874559253, 0.5965807510760527, 0.5002125132809645, -0.8816771470972554, 0.19988033082331427, 0.5539565873108748, 0.2714246647308993, 1.2517252279236266, 1.9825972926444404, 1.1242783148270576, -0.44812265090848324, -0.6707261408048696, 0.3480866406127021, -0.5787591635406917, 0.558946648979149, -1.3285700762000696, -0.2467959481746092, -0.46342178338230106, 0.05766387424380406, -1.383774973486466, -1.1261618263818274, 0.5710184157385658, -1.6800612346433095, 0.6347588657074046, -0.6522076494959483, -1.0103220906430177, 0.5701293691448398, -0.6839912421076538, -0.38023050883322623, 0.53386413228809, 0.05695568307453807, -1.4672084728950894, -1.2609628238905142, 0.6871395458526816, 0.41596506398471067, -0.9871681453483898, -0.6143796061825624, -0.5493349524706839, -0.9730099337762502, 0.8985404696523392, -0.1292769193296551, -0.4847181671553254, -1.798495113163104, -0.7506476925120342, -0.5065778932744155, -0.35423221039826247, -0.21786321751948068, -0.027822230865170976, -0.10286008769276997, 0.09910611205416955, -0.38285424439906185, 0.4149492635755764, 0.17007024347273628, -0.1177777328465416, 0.2621610624235813, 0.053777601121029875, 0.6239217833413712, 0.8195906990265637, -0.09883485438205482, 1.7012504202304153, -0.5704611757634828, 0.5642366277501902, 1.4719508059913722, 1.335620217365287, 1.6239393063358833, -0.310201751144718, -0.2362065204173679, 1.4529944508516743, 4.116710479100919, 1.9403231264383827, -0.20123058771177826, -0.06233879682318433, 1.1172944049904034, 2.8499502803739785, 2.2352913679591166, 0.7112663828585472, 1.1181354180768006, 1.4875879059590271, 0.679727319234344, 0.6861595722145994, 1.429537647195473, 1.1476453304811836, 1.840568113878103, 1.538817773655733, 1.5386129158683448, -0.24342218697489115, 0.5124114462169354, 2.26554376778771, -0.12651751084041749, 1.3369586318465858, 0.4527748547008128, -0.010160232225431796, -0.22360643219096235, 0.883120801654347, 0.09159171711707276, 0.29488158829691946, 0.6863551271942114, -1.20064428423371, -0.008379517897478428, -1.4097456007402858, -0.5565483792194025, -1.5605706490494504, 1.0815008051006771, 1.0302279983121347, 1.1784981028244153, 0.7624642828441981, -0.13433677411529504, 0.01595002263938537, 2.4982345558084997, 1.463582751623291, -0.6381816853439597, -0.34726555027441175, 0.4212110086642935, -1.4398283118872783, -0.9205944466907902, 1.4718084003983052, 0.18547850327607773, -0.5529618169898906, -0.785686565249631, -2.9513097590076374, -0.24699878463462707, -0.25847780463501674, -0.8214708012667499, -0.19109997378316115, 0.60763601495047, -1.1143631411674655, -0.7230873227420224, 0.5350202006977719, -1.423763991059556, 0.509677578176371, -0.7561085164276414, -0.3029693119737542, 0.6774815752116349, -0.7989054730628649, 0.4294551011633525, 0.955622469715972, 0.3641082632923261, -1.9601280520876725, -0.1055807250005485, 0.5263505282572459, 0.8885880874102392, 0.9019645572461154, -0.6283665536321277, -0.355628821616255, -0.0072496280569167015, -1.3732796653953996, -0.02335353429447484, -0.8506998296163939, 1.6302759123252735, 0.7698131724182865, 0.14656063234816782, 1.523566006608515, -1.2548791005899853, -0.1567066515345716, -1.5466990132445035, 0.4269755229187345, -1.3268580721440766, -1.6610667779034747, 1.3299595529071147, -1.7011670203980984, -0.18483635400373394, 0.7971814080002694, -1.5386361289673212, -0.5032674996298933, 0.9902438082963322, 0.7506164367032343, -0.8413560412850726, -1.0035635299004668, 1.8840057914039594, -0.3492200479543185, -1.0470778807127872, 0.5514498106483233, -0.8120653071779818, -1.1799495389156154, -1.494430986588337, -0.9502690925031634, -1.6315414354790485, -0.8140595229144431, 0.29899208427399226, 0.07137257404775711, -1.313617678035051, -1.0321418206872328, 0.031554587149949624, -0.17177062776488056, 0.5149016892203649, -0.1745844508983597, -0.37204454252673236, 0.14345354304323715, -0.9423608637713539, -1.360404833121377, -0.45712890744345563, -0.9554541775004433, 0.25432927566969227, 1.0978178946223462, 0.8001282877161413, 0.1502210233351468, -0.10899610516330083, -0.744028199527875, -0.0852378572285526, 0.852215843759374, -1.3578364007820591, -0.6428600272689722, -0.8474491197133774]","['v115', 'v52', 'area6', 'v5', 'v2', 'v59', 'area2', 'v29', 'v89', 'v95']","[np.float64(29.337230117301015), np.float64(8.19889140472893), np.float64(14.721366524361777), np.float64(5.711878571666086), np.float64(11.37768189214623), np.float64(21.414618949618834), np.float64(16.548939615542963), np.float64(9.543405462984762), np.float64(51.35799921776174), np.float64(817124.0501799079)]",2.774292361574259,3.004018051720294,3.033960196246997,1.2914705756037366,1.4101265234891944,1.5745396527076354,1.345537659727956,3.807596815982606,4.012186355712387,4.109232366763746,1.6921343287012505,1.7523666569081775,2.065846616045477,1.7856276298195868,0.4143556258862947,0.42170145599181064,0.42098794039051146,0.028899102951067065,0.01334026427721502,0.03075721644451108,0.02508067467690933,2.3769798483230415,2.541024232547854,2.558892479373543,1.1611354587696063,1.1880468063678467,1.3673176941824168,1.2154222720656733,1.279536719095738,1.323386585977203,1.3498971201517511,0.4580921675931545,0.49603091562988144,0.7544859027315837,0.8026978092808233,0.6608141172353023,0.6829475962849023,0.6758122161873032,0.23268873571509324,0.24555903487053118,0.26428625677769824,0.21057470834243752,False
f682_c,f832_c,"['72', '73', '74', '75', '76', '77']","['121', '122', '123', '124', '125', '126']",f682,f832,False,2,forward_no_out_standard_k10_lda_nc2_sex_on,forward,lda,,standard,10,2,44,6,6,True,0.9823946952819824,0.01760532148182392,0.975538432598114,0.02446155808866024,0.5381627678871155,0.4618373215198517,-2.205301551641088,1.123978377994325,-2.615685817537802,-0.9526074971919917,0.07592106093195106,-0.002698754028383274,"[-2.570050661477179, -2.3964951945081743, -1.762237688344413, -1.8656399486738395, -1.6390767969131037, -2.9983090199298172]","[-0.17231550987942404, 1.2191011062221573, 1.3022831512298172, 1.7143164424906117, 1.200258277627196, 1.4802268002755934]","[-3.4494902118479183, -2.235490535124634, -1.933979774112597, -3.1683023919667113, -2.7176332686400593, -2.189218723534892]","[-0.9766996865882063, -0.9803773416556818, -0.5604472334532977, -1.0891736977565951, -1.6955633108239996, -0.4133837128741698]","[1.566307682246329, -1.4518146610569067, 1.1739203617916325, -1.1080673231694353, -0.013301620614319876, 0.5205442048383812, -0.004025930804255996, -1.3300074883414985, -1.0562461902498141, 0.19976922981886722, -0.8984029087404886, 0.7820918980172502, 0.014058328200058338, 1.9630724181995147, -0.568444677016343, -1.8965872191904976, -0.7621773430302365, 1.5162677553117994, -0.07383204942219541, -0.5607986346894526, -1.461563092067719, -0.6582097716308735, -0.8453209333749541, -1.2813488418028698, -0.9198998396148795, 0.033822050523454966, -1.7653320095729828, -0.3448751829876495, 0.10336805026159904, 0.06889376124702874, -0.15998258325358097, 1.202302558523834, -0.3015549603064444, 1.0793303944969268, -1.2011729618974307, -0.006533250740836234, -0.20362924419641934, -0.6896361100687802, -0.5118991770601807, 0.5882782259414407, -0.2688836936850157, -0.2323322625629557, 1.2560373240456941, -1.0214065516595128, -0.5432514996709917, 0.15042735045292205, 0.4339894388891961, -0.5305258383142867, 0.415203166134523, 0.6574469681200995, 0.7902781409898122, -0.9226969794044182, -0.30521906415507116, -0.5085819417682135, -0.7636150696003858, 0.37962793588060617, -0.7529526335214612, 0.5312469167582233, -1.8384143831012862, 0.2944827026036115, -1.3726009199493427, -1.2748235747310215, -0.7440766034892713, -0.5086264153807916, -0.5670212221432185, -1.2584663575665942, -2.7332758313111865, -0.30736848296160096, -2.0562904085024174, -0.7725988260734511, -0.17932869682946712, -1.3924771279922852, -0.07605793337378723, -0.6929763426416147, -0.7344649668984161, 0.5542415870544893, -0.21804212507457896, 1.4713133085702361, 0.5920911968695709, 0.3609990374319078, -0.23809079311807724, 1.1771880916110142, 0.17153125127302268, 0.33228722071629424, 0.40533970347039555, 0.7773965931115572, 0.8504659628388032, 0.8490458284697026, -0.1531157825027087, 0.6696198577482736, 1.1374395141151803, 0.7923289585032327, -0.3349518154300612, 1.0616935920681874, -0.3467937300953871, -0.3563720617075209, 0.39817629890632666, -0.23853049205231486, 1.7405183562714406, 0.9253608658611465, 0.08870026945072605, 0.28161861715759406, 0.35371909177047955, 0.20108923452865132, 0.7849475939732442, -0.11952520277962966, 0.2348211503257696, -1.5885679876085197, -1.6037329997680758, 1.0459330971555165, -0.17251805308694113, 0.8432668293097453, 0.6245844115577381, 0.23262694314456775, -0.6566185240678019, -0.9386639327309363, 0.20387573868011827, 0.46429819423519275, 1.1862614527269417, -0.47659133903110573, 0.7267197602599843, 0.5467049196464753, 0.10296364721325973, -2.0343353149673704, 0.07331477851960899, -0.32172507751282825, 0.27142259216157155, -0.3021215344518472, -0.5733390871042193, -0.17774726712678013, 1.0023189176084026, -1.1953758234086964, 0.3297220022011146, -0.4875361334585609, 0.5966100047149842, -0.42805067650213485, -0.5444432962197884, 1.9936656873992897, 0.04797746602104683, 0.4917843847496225, -0.4300600845451265, -0.19251170549115548, 0.2630848922250053, 0.19800281583459267, -0.33725095323445403, 0.5853703508241683, 0.4531483365350328, 0.09115372279975385, 0.700705623890372, 0.7142179054589259, -0.007289492165000367, -0.6906020524700657, 1.1741298084533305, 0.2318678707486793, -0.16953834425384418, -0.7840917621870882, -0.5246071631473261, 0.2749302642722944, -0.1338956919154479, -1.284051576311032, -0.11554767718113128, -0.6704205461261351, -1.0682492388694034, 0.027843337693809686, -0.7138270987336287, -2.277531917306631, -0.5605388645879504, 0.8277786498706889, 0.07602103055220168, 0.3332099584057822, -1.0657242328881527, -0.4625071067530118, 0.10509094245987809, -0.8160093081241295, -1.6497548518939025, 0.1522012767062604, -2.1468036052274573, -0.6552040108109396, -0.2233088232418647, 1.586749018471021, 0.34587073585733386, -0.10146802699027803, 0.3185953571100222, 1.2847374165633831, 0.48804185767106445, 0.6936455362898676, -0.4270477386831988, 0.1107706923655241, -0.927827583470424, 0.6809614165257133, -0.08150433929284985, 1.425073292939111, -0.17447331366944246, 0.748668456122673, 1.7814029985959419, 1.9746385859976838, 1.0119438772604967, 2.1496593494314626, 1.9396367411528375, 1.6848173308050662, 1.1226397482896187, 2.749206518853017, 1.4597746538347531, 1.4450999211377917, 1.7376811859169374, 2.0164676334382117, 1.3803597641477359, 1.4554319408492504, 3.0624856432981287, 0.3944186985067366, 0.560575519675913, 1.3155036853133746, 0.6358372919965675, 1.730062900121142, 0.5460716555094809, -0.7287000830928632, 0.3085009083921494, 1.069613905191981, 0.456739145942283, 0.5187895139279054, -0.9101546615950961, 0.03680303248431861, 0.6325731141699998, 0.5628420303708698, -0.05789750313644091, -0.03285083664432788, 0.3548687834979168, 0.7054273760326324, -0.6192620482043776, 0.22462548833468957, -0.8072092595830065, -0.07585064727684003, 0.6149614492252469, 0.3054142243524281, -1.0639891772288472, -0.7698159720811875, 1.9344714067018276, 1.5939743568480809, 0.14219081135962625, 1.176901620201839, 2.0475158659788666, 1.5808163619685718, 1.4749939043912403, 1.2685897894700218, 0.735202535107151, 1.2864255723533715, -1.1840883504800943, -0.6246913211441684, 0.7351074002980013, 0.5509200330189203, -0.8128825594575579, 0.38215766912535176, 0.9313308056006602, -0.5980661671978895, -0.6836967274029276, -0.22775634816075213, -0.5189086554729104, 0.2544057880525366, 0.7526995392963234, 0.04411976524622228, -1.890589671785358, -0.8613214294290876, 1.3493892970456536, 0.2271355900458949, -0.4734801667344639, -0.1915308127952449, -0.3411978752261428, 0.28319357426605896, -0.057274255027488834, 0.4098370580442368, 0.44758244508713746, -0.44579725327721836, -2.352028147467547, 0.23429533991525048, -2.4514878731122915, -0.7339032080687383, -1.8901199817555312, -0.33529695171953794, -1.098210978542113, 2.0802403112358694, 0.9394929288405056, 1.8055812109255975, 0.7518165045364238, 0.7433625581070236, 0.3524000696773159, 0.5483734132423883, 1.0288084811232374, -0.27107511881265395, 0.7493363590756865, -0.2721443541932543, 2.479892424522934, 1.0971396030447151, 0.2381887208687843, -0.6933958333201844, 1.386632800608528, 0.8114408328536199, 0.4583200633259851, 0.7608816668391145, 1.6678504084782464, 1.1123011111423022, -1.0731521719483734, 0.21004923222765587, 0.9941963228642153, 0.29437353775690034, 0.8672563619802184, 1.148227066570846, 0.4454382794045092, -0.438429036856061, 0.5210956154350311, 0.5889419907105846, 0.16748341884887402, -0.15392718944696163, -0.1599553518600814, 0.96117350154209, 0.7049343564484406, -0.2165279076567021, -0.20777205091956547, 0.8114924355210539, -0.38185675742184017, -0.23276982856279116, 0.33172237807774846, 0.18077846743484, 0.06157477480406901, 2.257545666259095, 2.54074871358867, 0.6782408444289207, 0.6358852338649147, 0.8563316086896652, 1.123622583599868, -0.6010255392023821, 1.6925740420357502, -0.45579668303546295, 0.7102843270823402, 0.5228139338018779, 0.8578223928454114, -0.9305374266221462, -0.08844046131690814, 0.6477690416675836, 0.9025204656728327, 0.9793182915121215, -0.09627552593421872, 1.4340172583251816, 2.2753835844588344, -1.559160681933614, -1.6730834887981223, -0.30969735850001734, -1.6970941885292994, -2.5363464437453005, 0.11121468265473483, -0.04404464378993142, -0.7662525449151979, -0.7717652168635375, -0.43999644844226743, 0.09118581825621525, -0.28009960161552, 0.765421199970036, 1.2767839830504957, -2.2786778981248323, -0.819069780565054, 0.5777396863902057, -2.993259864877122, -1.7565513250010822, -1.5908755326702215, -2.106638610948958, -1.667965847309307, -0.5317991799832542, -1.508257565862801, -2.783076541816811, -1.0584049771898048, -1.5032884263096802, 1.2093094935237378, 0.6480112378332809, -0.047485444958835936, -0.19075982831440919, -0.4203341981280349, 0.05152119810892459, -0.973562402402594, -0.002289103855009414, -0.4166178541877485, 0.40103035910858664, 0.450307726863662]","[1.6077808005506602, -0.4329328530092887, -0.45087846416445476, -0.3391635688337574, 0.12226058473868781, 0.18165527092459513, -0.03177442600689188, -0.5079893382267787, -1.1008241855305299, -0.5462329250264901, 0.35853378640539735, 0.040293101382554555, 2.2622014383769633, 1.4009021674188804, -0.7239866257354065, -0.27805975071154393, -1.1196171714598655, 0.2670950844333283, -1.5272422878909597, -1.792085004131675, -0.14981411218625515, -1.3248876085844077, -1.099632740910365, -1.8349222491598214, -1.7291219655527592, -2.026506998253675, -0.6684308766061462, -0.7968019361484862, -1.9361828053621244, -1.3235994867092795, -1.3815819935794846, 0.6002185478232206, -0.8356312643736118, 0.2670727948877769, -0.6538438535847297, 0.2646174890724004, -0.5116353816669018, 0.3702390547710439, 0.9789574774569355, -0.5540802624377107, 0.5905194639564968, -0.05212036649191746, -0.4140746460175841, 0.054750899894116474, 1.3407688575076273, -1.6388784966743353, -0.33184200812688175, -0.633330654202214, 0.40935408261706585, -1.280989324550917, -1.6123863234365141, -0.4004446629973676, 0.36961228044935845, -0.21360889521236362, 0.45541552321132217, -0.5929085860475596, 0.008426743806635995, -0.04511434200870936, -0.23884219740741996, -1.7775891466197493, -0.14967078641136172, 1.157922928524626, 0.176769299291674, 0.011519027281463196, 0.6041037463466887, 0.49395712159985705, 0.3488564591081575, -0.10978783376674382, 0.9805364808124483, 1.670655988183146, -0.48844671016177293, 0.37885754112727105, 0.32965207340037106, 2.8082961853675443, -0.08364099377900269, 0.30905306831328283, -0.1505594473641865, -1.1342222346483637, -0.9651198962058704, -0.44538839827447757, -0.18254467394696094, -0.8364172850115854, -0.450870633194418, -0.1633206600356667, -0.09200392827848938, -0.7096776404720897, -0.8255238442709486, -0.042443578301185204, -0.9510926612999719, -0.8504538581100594, -0.0744123585267766, 0.31479892940034865, 0.3053633191333975, -1.8826068608646314, -0.12998561109119844, 1.5449980759729254, -1.3554685464323866, 0.1554572805722008, 2.2809321758826235, -0.6178632931101704, 0.578341335737934, 0.7603854836053238, 1.2358818681084947, -0.4221681414473097, 1.2520452660206502, -0.9145813816041919, -0.7288244931846489, 0.5503449805646743, -0.3798625969861287, 0.382151510819899, -0.3524807646745041, -0.2801646768886575, 0.4016786671289781, -0.7370502440110681, -0.09075801895265179, 0.9315563077625462, -0.30443269531631945, -1.4263059551055517, 1.0065800026007663, -1.2800029744416335, -0.4352004878296195, -0.10533233717018291, 0.4851369415506035, 0.37561640554920506, 1.0207157102612339, -1.7898672364086523, 0.06345020403575871, 0.25448435577790307, -0.5217187005951106, 0.30347899765168934, -1.763869466202411, -1.9113431789955206, -0.942618263826444, 1.200139029866769, -0.9602943575000861, 0.5677866572439865, 1.0961144307878576, 1.2127692623594197, -1.2685256852961895, -0.7922398334428735, -1.0576563929106189, -0.21352371726567274, -1.0412735816920051, 0.06521420599170784, -0.27412731907468907, -0.8615191541509722, -0.8219965290896596, -0.7786372990109472, -0.6817753201203429, -1.0748475818475571, -0.408035066695018, -1.015489085931769, -1.0028805841942732, -0.6125377941110837, -0.461206337438312, -0.7362402205925863, 1.078998267945538, -1.329012376746822, 0.6704055152129882, 0.815226000322807, 0.041416085665659165, -1.118337531037666, -0.2105036928766199, 0.3919075824185766, -0.4595314136971945, 1.8011687442683761, 0.732096531999401, -1.0859095626096085, 0.4902790115686049, -1.1065880459644974, -1.1032631000364417, 0.030162987499112986, 1.2556613272861208, 0.0008606526404211227, -0.618373665389206, 1.4147059123501708, -0.7958733110613426, -0.09463040070237577, 0.0030965937797152866, 1.0751341460072805, 0.0366899296093871, 0.8845943226542371, 1.0589160612803614, 1.002594283548126, -1.4686493623940795, 0.13941487861364668, 0.9926288015163226, 0.8939283078338974, 0.1965030196608306, 1.4433905498933433, 0.6703031177862965, -0.6355100008385725, 0.7409717010786431, -2.0630019371843025, -0.8678315577255108, 0.2420702761510599, 0.45000861872316356, -0.14059571656397438, -0.15067267001754475, 0.13237296958467523, -2.6194248150721173, 0.279306312435339, -1.1364859510996865, -1.2619481733312214, -0.5487300857286086, -0.8864549039173899, -0.6418589081230092, -0.8682687147018461, 0.8054501314366718, -0.8005446457333243, -1.716777795262838, -0.15246146029022425, -1.1101101558801194, -0.8207126162489782, -0.8371723321284555, -1.793987767981385, 1.0451926235975133, -0.10011036234091038, 0.5726054595627532, -0.7863902857049425, -1.028799359570938, -1.2559832905170478, 0.4362008808277687, 0.5913020715717621, -0.9704244160963005, -1.459536783925446, 0.12996612192393145, -0.5290071699543798, 0.8355292699088575, 1.6291518605770998, 0.43383485832514485, 1.1531824452560655, 1.3385243028800422, -0.15214835644976946, 1.1979035236393265, 2.282809411344591, 1.506836847530092, 0.030767343030043207, 0.33754897266390604, 0.03213692395725771, 2.5977887448118366, 1.3273147158150553, 1.3227224008903575, 1.179773438015417, 2.031156348527929, 1.2583520320903534, 0.31970825116265017, 1.0432841790142457, 0.713668994716452, 0.7627908963954791, 1.7479118739216486, -0.5638103060531132, 1.0724085753438084, 0.8986976234576979, 1.2850358928247765, 0.7088971352485773, 0.7067857234756602, 2.275597895384074, 2.1184970159091154, 1.6899757598180822, 1.9269834883380217, 2.9593992969915806, 1.428414065782648, 1.591276935918727, 2.9818785648963924, 2.9111880140438093, 0.2628699367000136, 0.7216407478630403, 1.7896495754757005, 2.4155535672452766, 1.5051956794118264, 0.46969855281917683, -1.380610137994171, 2.1825073045059145, -0.2509846727614575, -0.16751247149746706, 1.6005542473741985, 0.47962200713318004, 1.0177987447028636, 0.20330741732027324, 0.09351004244364355, 0.014104485612825495, -0.10839051341181048, -1.2824983283318896, 0.4009489769393336, 0.11117457832586088, 0.44356690391091, 0.0457820588246622, -1.5642233430564334, 0.06737522170572315, 0.26772815724378735, -0.8520749557830161, -0.22087681038895096, 0.5351657979037462, 0.5750456220360669, -0.04425657121588813, 0.42367998566370846, -0.5178401836466807, 0.5817661805559129, 2.036170416500701, -0.3108790759377254, -1.1958172931958753, -1.162573560513049, -0.4272637349181325, -1.6334439573339523, -1.4660372511832078, -2.2242946774720203, -0.822371577642002, -0.9983847691788554, -0.2816709769262071, 1.1563482841560162, -0.8773705981261349, 0.4867864141183422, 0.9845798549243999, 0.38892287960985394, -1.111301559130331, -1.5638316848991636, 0.1259499286615265, 1.4096987473984621, -0.9229068504852999, -0.0792047406654061, -0.5905312897022795, 0.2762497984495807, 0.14749720534038402, -1.4244100353446614, 0.4740378569154998, -0.027415756347425865, 0.6788540481597691, 0.24695654532332886, 0.9770857641553747, 0.016383735781534865, -0.3961870364237145, 0.7529395966514484, 1.0204114042940784, -0.8916014713071205, -0.6176643785073284, 2.485448994708534, -2.266512038519736, -0.5934870851494862, 0.2818287379819872, 0.08259431812848325, -0.00207085329640107, 1.0674927879768847, -0.01051902810081897, -0.1066016631130769, -0.18982999505110168, -0.28329565054147654, 0.013700938290784963, 0.5038592962805177, 0.2896130034612768, 0.5916243787042597, -0.9769950548815556, 0.1647649068975747, 0.9329735901293188, 0.17876077184113823, -0.14969167219663804, 0.8244405324568269, 0.21951092504388622, -0.6118946263311955, -0.23679681196197563, -0.12760601420866602, 0.38774135328854414, -0.35816553588423505, -0.7251125353439367, -0.7066881768320289, 0.2761176153976695, -0.928546991491177, 0.48092342923760706, -0.46524805207717707, 1.3285310119090874, -0.13737083732689048, -0.04716414631571167, 0.8290323958239351, 0.04302686488464479, -0.8107141074320049, -0.08414804340245444, 0.3183759080684729, -1.1052788084904694, -1.838359537029184, -0.34595740287859794, -1.6028285857312385]","['v115', 'v49', 'v63', 'v29', 'v25', 'v96', 'v118', 'v62', 'v30', 'v67']","[np.float64(101.63545906722102), np.float64(19.196788176876215), np.float64(16.63137008448258), np.float64(16.962605704160218), np.float64(11.195787418323292), np.float64(43.326793385279295), np.float64(31.362841442741978), np.float64(301.32722022327897), np.float64(141.9472319990427), np.float64(4070.979879247703)]",2.1167484835754355,2.239017042068413,2.3163780871470268,1.0788068071141765,1.1566058903413186,0.9820657163777315,1.0258554944878793,2.486970141083031,2.7702575455674143,2.766481348580064,1.3404468436746153,1.366758713470996,1.266513397680934,1.2176773317907599,0.3182283432586904,0.34827523061250965,0.3752523505937654,0.08033158437441675,0.015771080196093634,0.016668973046586624,0.00942063895472356,2.076585875186317,2.0894402716418785,2.197639620344101,1.005288885044728,1.1326690712559777,0.8753385635300769,0.9328118568420773,1.0851245262579086,1.083711948052131,1.1074307007390245,0.5380885513112076,0.3061482315900957,0.42149750549020254,0.38768002311165484,0.49815538399961273,0.5213696104729346,0.5092589453471643,0.2095357667763159,0.16960476943101258,0.17829805056721362,0.15933893299521312,False
f682_c,m849,"['72', '73', '74', '75', '76', '77']","['297', '298', '299', '300', '301', '302', '303', '304']",f682,m849,False,2,forward_no_out_standard_k10_lda_nc2_sex_on,forward,lda,,standard,10,2,45,6,8,True,0.9823946952819824,0.01760532148182392,0.001088462769985199,0.9989114999771118,0.5381627678871155,0.4618373215198517,-2.8230457891370837,-0.860537002434595,0.9488041459562588,-1.9884213714098327,0.024535017236673,0.055303393663743115,"[-3.0948355856484775, -3.7778381526029667, -2.0774030601333826, -2.8207522303394073, -2.0251465678460807, -3.1422991382521888]","[-0.24199972289595553, -0.6864058013196684, -1.3629707820791768, -0.6049872540846474, -1.6015329157223777, -0.665325538505744]","[1.0157641868086624, 0.4463753330115617, 0.14306047223070395, 0.9896036187186982, 1.168751241270158, 2.059975908084341, 0.0011179278984340662, 1.7657844796275106]","[-1.8828863958522948, -0.9162235585642317, -2.3340046767671074, -1.2547563069082683, -1.4995921016118534, -3.5423296520879335, -3.5169382493751584, -0.960640030111812]","[0.7084358100119308, 0.11503065665455757, 0.6199671510085382, -1.0077528887666192, 0.2571067790065563, 0.22662152333689145, -0.3828214273316981, -2.306684164570362, -1.5423434000284189, 0.6976522520634159, -0.951714535789754, 1.2415587650422044, -0.4032994679756069, 0.813929361191628, -0.05869266922087667, -1.0907713780201076, -1.3424744139956701, 0.9193427753989917, 0.6266362264335376, 0.7537753831612223, -0.34289295025218136, -0.2420938821187879, -0.34362011408848253, -0.16488451291535985, -0.23947623249625902, 0.4066483143736119, -1.0448885240091323, -0.5979328287028154, -0.10468622657022096, -0.02581277311256922, 0.5984921977903329, -0.19790535549369512, -0.017301952240067347, 1.9707418862738093, -0.039365492159927296, -0.4721416268438666, 0.5889054148441306, -0.560471560819669, -1.1978513726632507, -0.6647264158694891, -0.7203731713750845, -0.19620822570064989, 1.7616445839097692, -0.6556776476412237, -1.5810854753931722, 1.036703505042041, 0.5450839439554047, -0.05903118689682191, -0.23315595919977722, 1.3068689007934067, 0.6399811024481525, 0.23857453183015312, -0.725521610370587, -1.0033411077227696, 0.31306357202510987, 0.35898793255495015, -0.5195724016076494, 0.07323765168705243, -1.8217797630685166, 0.2046527439212502, -1.2628452068093527, -1.3053383991749785, -0.6240954280841305, -0.5519162205124958, -1.0092990663558976, -1.8260261761883756, -1.9722947779394653, -0.18236988271417456, -0.9250052615268318, -1.4529962607991724, 0.3939962049211559, -2.149912009355001, 0.12292100247231426, -1.513399591127003, 0.25459478349915954, 0.496163865891586, -0.3518007428505865, 1.1943904120212978, 1.2232637420430708, -0.6885453763084587, 0.9440551748494613, 0.6962047665878685, 0.1834467697909638, 1.1422824814785586, 0.4895558906386997, 1.0084639029191989, 0.8388079525737164, 1.0581210723320154, 0.7993245936292702, 1.8231960677621333, 0.4191839396300462, 0.5248877818538171, -0.8823404438896281, 0.5957101673362025, -0.6129247919550838, -1.3840402584994251, 0.15199737707242073, -0.8509521887383521, -0.10819920987243964, 1.052251587440202, 0.1598780310811591, 0.2085702021761489, 0.03679537102512893, 0.23749631252058928, 0.2029937934383263, -0.6611706409322534, 0.9233620302299321, -0.10882121907972533, -0.6190679674170781, 1.1690533022369347, 0.3751100331332521, 0.04086554325381239, 0.5455758347791846, 0.38688691498723665, -1.0706761800025228, -0.7410839048105528, -0.8928263353161441, 1.0982610156220838, 0.9499467666952821, 0.13432387634904308, 0.3455609821264568, 0.37723411890463127, -0.11687350557703816, -0.9456797601701441, -0.032825486824667786, 1.2288524179892109, -0.6465121008290268, -1.0445037580781806, 0.5293242930250088, 1.3686252572299942, 1.6485399432406702, 0.9377753231046985, 1.422761705938533, -1.1073524310268565, 1.018326250892626, 0.49842501048627996, 0.5818911610242506, 2.0303862462374798, -0.41513561662032794, 0.7921818140619757, 0.03131712886518803, -0.2275425756871049, 0.9094286303552153, 0.48542854698627397, -0.9461405586073214, 1.5936520498863522, 0.8779053226743921, -0.5188912071221388, 0.32993676312494374, 1.2761779064416452, -0.8208047534931512, -1.098654092038636, 1.9842623935611166, -1.017222475744995, 0.13507363628412086, -1.3320509572722306, -1.513048417214436, 0.323299459259601, -0.9448167712030674, -2.221442060316314, -0.6048430416352916, 0.4795978691573157, -0.5507428720793163, -0.07298337797494915, -1.8387797088664626, -3.077393556281148, -1.152077241849661, 0.7579377593891837, -1.2161211719344185, 0.2341065292898673, -0.7735111100640164, -0.5218573255329501, 0.9272028415362321, -0.8255955172191602, -0.05607942701680159, -0.46175876869261595, -1.1009747049087164, -0.8355719938461069, -1.4846254943259427, 0.8165070280850761, 0.5140323591168923, -1.11999104298189, -0.1858153465040519, -0.3702735599905853, 1.267067020463596, 0.13146782237683746, -0.2518851646898494, -1.3105509766828027, -1.3679642959893858, 0.24770247333459028, -0.08604404933996758, 1.4266071653688364, -0.40611081768508017, 1.6118806135125427, 1.613140174862004, 1.8495036077186262, 1.136052900844152, 1.626646456919808, 0.6984500923368117, 1.605881749199333, 1.6611178266418556, 3.269219888874651, 2.499717095017079, 2.6032600849543703, 1.7255041735741676, 1.9920326866924782, 2.7040110741239864, 1.186577132556934, 1.4998680722350999, 1.0914753009914027, 1.5341585029008278, 1.12274725784914, 0.4177956421127293, 0.6295288785497717, 0.5555242001365639, 0.8877778029899892, 0.8396351033926167, 1.553700297927776, 0.0671237400109203, 1.148251836604916, -0.6919183581543481, 0.9671135879123381, 0.4672613114378471, 0.4218748646313973, -0.06940467203689878, -0.1587614291435904, 0.44824864693729494, 0.5488466791373448, -0.7632177545461337, -0.4713538292330753, -0.963167410228524, 0.02497186611117535, -0.8000124552409285, 0.0540075837369503, -1.2537817799880977, -1.4549237404774191, 0.23093400747433038, 1.2317919225364047, 0.9947462246194175, 1.4186974298724657, 1.0520091806045502, 1.1956563351180687, 0.0771936718184548, 1.566058907387398, -0.84780724862843, 0.05268376920137108, -0.6771329546063478, -1.354804080907053, -0.015516479295475576, 0.3375497260285427, -0.392984856695808, -0.06461278897594576, 0.9304723477679182, -0.794607785278272, -0.9760806156079477, -0.8969515901135005, -1.4793606914100674, -1.1372128477245886, -0.491637287706836, -0.6821180982771456, -1.4021595380532026, -1.414834623241493, 0.49559946439465136, -0.2544426737251476, -1.7479631347318667, -0.37207728957384295, -0.46371553855628894, -0.9576614248103825, 0.6924253810145045, -0.7038458413865204, 0.06190472605810252, 0.8490832447005148, -0.1915134009914589, 0.4309714704167435, -0.6761983774948698, 0.6735988566114798, 0.23439287699014383, 0.8070079592742025, -0.1692608678296115, 2.1139687938451948, 1.269453850101398, 1.4426559207583998, -0.054975285242789065, 1.4641624649055673, 0.6050243567753478, 0.7297943366175209, -0.07642079055409312, -0.6063612433598141, 1.4124184369773771, -1.7163055524486759, 1.389290322872744, 1.9261634625634896, 0.6145077164882283, 0.5822376383599507, 0.09584860427665473, 0.4915631738182807, 0.5143687480688147, 1.6022825254035837, 0.5205738548921843, 0.9423014935411421, -1.6849906195368203, 0.36743583650454487, 0.31131867850478934, 0.29690671892044507, 0.4168102554467445, 0.9092989681936023, -0.0236647054636075, -1.0456268760477012, 0.6980994883689663, -0.2853828028349367, -0.7225700398801851, -0.10614261802973697, -1.0086055836455432, 0.37469685891455656, -0.2597009959289412, 0.3447312944256971, -0.8224326422744623, -0.14444964304786326, -1.9744553140508596, -0.35296167679356616, -0.11930809318359728, -0.6888012137947582, -0.015185391071505237, 1.0531249920251742, 1.7945205788140777, -0.18284381475214304, -0.038995657488056966, -0.13689535750758483, 0.9630289032309511, 0.6816021884514519, 1.8271440830422456, 0.4791385213946592, 0.03854105852228783, -0.2736211274142389, 1.4921896901299287, -1.5813530832286657, -0.9011518595360218, 0.5935665618147898, 0.7904923636823014, -1.118922142768728, -0.1476445096913408, 0.11503466086736115, 0.7986833663526545, -0.4480921210071467, -2.2529525804292345, -0.5032839389354838, -0.5032967770021214, -1.9206536986970413, -0.6510529363900094, 0.5310430678404794, -0.4786967875882099, -0.5891131389845564, 0.5898374182310077, -0.8360764432697664, 0.8685527691881973, 0.11977643215795278, 0.8418389921806435, -1.5543105840777651, -0.608180045923773, 0.3231587803667874, -2.791852140034747, -0.8749156833794837, -0.8825075807398624, -1.4407593843275712, -1.8610661112430593, -0.18934391991961416, -0.8775743389483434, -1.673816893284753, -1.268977916554973, -1.7651316080964963, 1.1257562188825383, -0.8466372372541716, 0.31892440347583395, -0.5906086935091104, -0.9097074379519409, 0.1227007774056792, -1.5906358734757962, 0.15656849689327548, -0.021451487565620188, 0.592989193927983, -0.09729393337917508]","[-0.22258846730904694, 1.760313842593121, -0.1339542365098456, -0.3726536692046124, 0.4857276146863701, 0.771281914007779, 0.880521073774764, 1.1855573179623478, 1.1284448732089571, 0.02511676482905845, -0.07497054298617548, 0.5128461131279164, -1.9003945619667695, -1.0688819553010702, -0.3286077182353655, 1.0874940284723604, 1.9159977288264585, -1.1781746043683612, 1.2068062961759745, 2.5635469206731085, 0.9108819243029682, 1.103967727825826, 1.7025710066755002, 1.300438182002589, 1.7012045429620088, 1.193111928121011, 1.557590065068141, 0.8489697795032942, -0.32269307801235814, 0.44975055276279874, 1.7532887095207998, 0.5015956754265178, 0.3067226667583122, 0.5099159445225796, 0.27352781671271337, 0.39060687832674706, 0.15909032787712235, -0.18329997133148418, 0.15544758817739485, 3.1643456045622327, 1.8273061931563206, 0.5717765763906735, 0.6126923860563908, 0.029195710733152497, -0.2633584762926419, 1.2473557597751772, 1.0466436608414067, -0.653425632455338, -0.3473647500628501, 0.3283211826486309, 1.6709298775075336, 0.138166177577532, -0.5989858577151342, 0.19649258943736522, 0.05217867831088159, 0.5124780379026525, 1.8092407641388728, -0.22827807021080737, 1.1111981724705087, 0.6828839393935103, -0.8031402505210383, -0.2262025077842008, -0.2155219248554223, -0.4418590161564201, -0.32052794665111184, -0.1593260802846545, -0.1227192318324703, 0.2701492393015918, 0.03878007634630571, -1.4923560521701036, 0.9047217997120361, -0.4437026884582176, -0.14803060828432074, -2.2651529680668507, -0.5450276955089789, 0.3328685229822216, -1.5732688797879721, 0.07612171028116772, 1.3119853189990465, -0.09101231953810705, -0.9985038688155125, -0.492820649209791, 2.1465830285548946, -0.05320105538117781, -0.4500652788682116, 1.3453129469798306, 1.2567630291077725, 0.8077966826541274, 0.4282726249480154, 0.9495978709855554, -0.9857976708475541, 0.3422568041972699, 0.2678647021345211, 2.500739511799968, 1.0455308478167404, 0.9935402463859824, 2.5128007101901964, 0.27720619219631154, 2.066464258879808, 1.3659086599433796, 0.7783914742078347, -0.13386310366939352, 0.42262028178627703, -0.1850428545329233, -0.28711283346541344, 1.8055807743961945, 1.1992878143305183, 1.0519612765166246, -0.012949209646524424, -0.45532167874811613, 0.22727558277748322, 1.0011016828059702, 1.7233993823743308, 0.5519243815586454, -0.011591622121941153, 0.41589434307659423, 1.2787377281061103, 0.13832243414604126, -1.1197260760342167, 0.14591500191482878, 0.47079958481215123, -1.8701235609932074, -2.897297081879504, 0.19861902363850986, -0.5208499776200111, 0.957033685994218, -1.6302208292099667, 1.1651619588797881, -1.235356375632437, 0.0808473359076155, -0.49006061170043863, 0.6702073428342907, 1.0188583389641261, -1.9016199356930366, 0.21826340347098075, -1.3202288748899123, -1.3835056925264861, -0.6541408246849778, 1.4615365707900918, -0.4888711056421099, -0.5952903777074007, -1.2331887272173687, 0.45528849799277477, -0.7993955777542999, 1.523540466507862, -0.8196201382680963, 1.6767316366070817, 0.2025361274149581, 0.5898240942905663, 1.2202093953716937, 0.9244413207594459, 0.8789567307473766, 0.8585798949839217, 0.7501694116127002, 0.8673852881042652, -0.22208550956122977, -0.2824067967724277, 0.1480051321560382, -1.4313023492239179, 0.09969040950490907, -0.1551126793876617, 1.1015232865723532, 0.72884423599159, 0.2690026280201285, -1.0416735373730415, -0.9668491831059216, -0.5350220708716812, 0.8615620497304576, -0.6271882752852628, 1.6048625863487183, 0.5181158140904121, 0.5467366201685042, -1.6231084864511418, 0.22713920170725824, 1.3523648883341597, -0.6367848198586177, 0.8117869492901555, -0.013570215905905588, -0.12961773766835571, -0.2687114563843428, -0.7136549650851558, 0.642460436771615, -1.3160250403250728, -0.32124046413602275, -0.2856964292737419, 0.9222621920136578, -2.0507268419061084, -1.996519489097837, 0.6183594914978857, 0.6851055474979638, -0.6424478777727609, 0.1138943878296705, -1.4077560271336091, 0.36905220258753824, -0.6375589305296127, -0.523001994492094, -1.295641275568812, -0.7659532934309267, -0.42936475786202377, -1.5806304002444842, -0.23047452213546155, -0.2574307910817904, -0.47263972537702414, 0.295113027716907, -0.606045381177221, 0.4579848950142174, -0.34018460169449605, -0.15143958011789455, -0.9130833819743868, -0.3748868512686903, -0.6968151557270491, -1.2707700445699952, -0.5767345242759734, 0.8242551843371352, 0.5221169116961275, 0.2771502536720804, 1.03863347275406, -2.018979082682383, -0.6146669889571105, -0.062032577778060934, 0.6490487058176083, -0.39662195347967494, 0.542232866923015, -1.1990204610831479, 0.963171650510702, 0.28859196181817887, -1.0357274989175904, 0.890077673450807, 0.3490916463640628, -0.8074876632383818, 1.8402724851031889, 0.10808635152073275, -0.02026580593422129, 0.15561972608570734, -0.08505412313912157, -0.03329956911570197, -1.149858200836184, 0.7190328149457931, 0.5447442805233126, 0.04339815316470905, 0.3081368428287378, -1.8268052888100192, -1.099322717676519, 0.46975921121973396, -1.4890112016089672, -0.16288925212069658, -0.48792273920038576, 0.48618713423253546, 1.237408667914016, 0.44424852705549533, -0.13040096809213475, 1.2221539578971718, 0.8663367044600222, 1.4341097711510848, -0.24473690374720114, 1.2932426917601296, -0.7652881332380447, 2.0135876753831825, -0.8387194031203324, -0.4417517882792435, -1.1325452836299448, 0.5282337343861068, 0.32120777208591383, -0.35001882748442065, -0.27963112269176843, 0.7480784210129141, 0.5004613867554903, 0.15982502453391892, -0.6819010109001586, 1.6061319926145081, 0.33126822600270744, -1.5557667696034352, -3.260034474051016, -0.906235376281681, -2.9693360737238184, 0.6145934730302243, -1.1068687575702887, -2.2550786114078694, -1.8473875094313674, 0.5252091145459995, -0.00507036083310468, 0.9989019342758397, 1.0819060083810346, 1.6407002912494266, 0.046839335432529286, -0.13096153006446917, -0.26431967466342526, -1.06298884300636, 0.45846183102711346, -1.5342790148437626, -0.9449558396913049, 0.591242382066498, -0.15051335751939043, -1.9902633686534892, -1.0001140835303235, -0.43243479680692865, -0.37027149978715546, 0.6945414351149957, -0.28371057051327087, 0.5111039687783545, 0.31156589497552295, -0.21344675947780972, -1.362292999669831, 1.1577836038902927, 1.1240599428645355, 1.0770040236600473, 1.578617452718975, -0.45445878036895715, -0.23424182697136509, -0.4726952824964361, -0.6330902183558442, 0.7970889344127579, -1.2591364771965454, -0.3702858920791973, -0.2717860767044715, 0.19806135729570468, -0.49037265181443096, -1.1087247974070795, 1.339903442797486, -0.907134320901454, -0.3525105463422907, 0.1056906122587856, -0.0988480394433514, 0.4763943113038675, 0.2866121552016781, -0.3007339992171719, -0.9467353328821029, -0.17322373917361567, -1.407088466162619, -2.04656642307819, -0.3170321304616323, -0.4897305919585978, -0.2607051055072817, -0.6791860012132376, 0.8451438356939294, 0.26892552204515313, -2.0437323064255604, -0.6390073210450324, -1.019014428724998, -0.6978932043705197, -0.22048057914213753, 0.7637256852212989, -0.8936166820337033, -1.8352365916946616, -0.15077667363103348, 0.7824138295913728, -2.774933548341017, -0.3043027823543761, 1.4154477964783851, -1.7390745898898503, -0.011362343430703293, 2.167706344888256, 0.24585296726801428, -1.0789912764811833, 0.5938617204196477, 0.10081618457304965, -1.5681564484375734, 0.04013722803435798, -0.11965799061827478, -0.4750818768854156, 0.1942515491992756, 0.5006638237803477, -0.08495322068964765, -0.3231824865475702, 0.2760483237164705, 0.729218176952893, 2.2277930751726363, 0.8655119683720364, 0.2659681640922256, -0.8748110744241467, 0.38631227669529733, 0.014506098509923997, 0.24486767948938942, 0.5136735945995782, 0.009395251652577763, 0.8217549156081025, -0.34001240293087026, -0.24407489784151348, 0.7777300273817764, 1.519184389583529, 0.5237541021906]","['v115', 'v56', 'area5', 'v62', 'v41', 'v51', 'v80', 'v69', 'v10', 'v60']","[np.float64(241.5376136560281), np.float64(4.505998269119332), np.float64(9.858563402107519), np.float64(7.363780808084158), np.float64(6.321181602283828), np.float64(8.39507185233442), np.float64(10.89841003231858), np.float64(10.21472827237593), np.float64(21.817622488109627), np.float64(14.212901909158864)]",3.936873770219503,4.077192830022926,4.131154738825119,1.0654681701902413,1.0616529647474353,1.6360824130613554,1.4107545095423435,4.899734304068581,5.0135764755830206,5.025617268561872,1.421661754958636,1.501332698200554,2.125149548069669,1.8929474302707705,1.1487803134294852,1.1586529854797745,1.256238248514415,0.057358581848064624,0.06744521112854573,0.11274388064439601,0.08779169974448348,3.7718499350933428,3.779027275286033,3.8234361331030877,0.8994839106211053,0.9570859222635595,1.4481569467752329,1.3685951324094123,1.3958935937183434,1.4137014281854388,1.3813302817914312,0.5020848929376281,0.5479709924616223,0.8688893968150743,0.8439650627053223,1.0373759922101524,1.1218207320255813,1.1154661099687466,0.19310284231891656,0.21865830445533677,0.3583564427668268,0.3500201806408864,False
f682_c,f440,"['72', '73', '74', '75', '76', '77']","['451', '452', '453', '454', '455', '456', '457']",f682,f440,False,2,forward_no_out_standard_k10_lda_nc2_sex_on,forward,lda,,standard,10,2,46,6,7,True,0.9823946952819824,0.01760532148182392,0.9783520102500916,0.021647978574037552,0.5381627678871155,0.4618373215198517,-2.5045392430685447,-0.13528466618355003,0.17123327829202983,-2.1834577864541127,0.03629554464663257,0.042246489507296904,"[-2.573619825284457, -2.9989943297518673, -0.9942549650953633, -2.793625489739354, -1.825578766040141, -3.841162082500084]","[-0.8557023153012767, -0.5377544974456345, -0.3578033544950113, 0.14647562231402275, 0.9704575495662406, -0.17738100173964125]","[0.6393139718287905, 0.6605063514968532, -0.4673276902912651, 0.20265851000413054, 0.18950905882865765, 0.06532907496829617, -0.091356328791254]","[-1.916735112043804, -1.828715436756399, -1.1189411694362732, -2.2378888219244977, -3.4591603163901534, -2.13575657074707, -2.5870070778805925]","[-0.05646487649249124, -0.5606201659835355, 0.6814287463589656, -1.2295820711003445, -0.6151054542123596, 0.4198726251782994, 0.42730853763902626, -0.8656894024403946, -1.3275926300559742, 0.06846699799331028, -1.1043613309643487, 0.5463921815055016, -0.9934694277630454, 0.8307757154974011, -0.6273598982411096, -1.8077369674877943, -0.709932144971634, 0.17243681664275534, -0.11291034281415607, -0.7367070031550247, -0.6862498778334107, -0.10097902920706228, -1.3181403735165138, -0.7204286968752952, -1.2534611089986991, 0.9416587025106424, -1.119548538782896, 0.6352695256664379, 2.272609191121948, 0.3587759146393983, -0.748025324967347, -0.5388845113616569, 0.40468179211424543, 0.8612759001511674, -0.49904834608294907, -0.12414684613226432, 0.6894574186683278, -1.042192192890011, -1.3124731680014812, -0.7384777096068648, -1.385313543083116, 0.22636616472900742, 1.0705375850785253, -0.03730441298201668, -1.4012583208152474, 0.45647400979871017, 0.37108293869877024, 0.3285380794054907, 0.4669162972583751, 1.1843953685900452, 0.9583338064522746, -0.30437974493580633, -0.4017242556479258, -0.28194265923675016, -0.5437816697732811, 0.7285812783073046, -1.4453458642540193, 0.4663116482020869, -2.080163304381175, 0.6713645994611401, -1.1869467714651283, -1.6879216376539163, -0.44754761504386065, -0.5060040251028677, -0.5309280627057209, -0.8086122924736666, -2.4854185888431877, -0.18041919304900397, -0.5472190956773704, -1.007485864584519, 0.2620973164491274, -1.460876431207837, -0.12694366783084748, -0.6929174461527664, 0.7434125414052293, 0.6913665886442869, -0.12067864584057232, 2.1763371944316994, 1.1958802500273558, 0.030400449434195585, 0.0007085122658522977, 0.5024896387602364, 0.7792235247803996, 0.6279333824168271, 0.5031390600224108, 0.8420739633962014, 1.5868480663600713, 1.0181520356898452, -0.43817004189860814, 1.8238097323800662, 1.8376916442505027, 0.9377252153391257, -0.17185115782142302, 0.692882554680415, 0.20236376950549892, -1.135304803436422, -0.13168940784195476, -0.3686689039982375, 0.0039042296953252687, 0.5878745346680919, -0.31069725145055666, -0.5658394754146292, -0.7840377174917864, 0.612230914136164, -0.5126231478523982, -0.346739758586329, 0.8278301310311681, -0.8166187764167001, -0.9488949094148934, 0.7053110176301253, -0.028423001981359122, -0.8488537488748887, -0.41130799461592366, 0.4041711409122157, -0.496751658293033, -1.0916592554619908, -1.0210874364287374, -0.1457423234640997, -0.7590372307271769, -0.7599208050982994, -0.3706471120809074, 0.1003237581665418, -0.7065806051498036, -2.0775468860756985, -1.1149864324918886, 0.08417678895682429, 0.5412145677811444, -0.7132304609174296, -0.12270885130991034, -0.9725950783192415, 1.153353335865485, -0.598450804943233, 0.3620238466035964, -0.8008091831465152, 0.7771881544308353, 0.9702553579223167, -0.694601613484467, 1.9159408420870836, -0.12005312089732119, 1.2399376680255287, 0.24354938349638694, -0.3561090550919911, 0.26894817743709865, 1.108606031769142, -1.1734190439348335, 0.7022993610250235, 0.4173645936187432, 0.2806162724619953, 0.41303304018805276, 1.1126198232374052, -0.6629931042731503, -0.05726149772342971, 0.5735900716500154, 0.7747420935253945, 0.2565078195338142, -0.17334797775486382, -1.1542483617928072, 0.7604737917492919, 0.29757141069831683, -0.6562032853451422, -0.29170601299455184, -0.7846637887614878, -0.39544952646586823, 0.03628608937596364, -1.4403137578379441, -2.327550800323608, -1.1082886636088367, -0.3323581434513108, 0.6138658364643371, 0.2592984577201991, -0.5973447319680044, -0.40940815796163976, -1.0078326182311839, 0.19878337960510156, -0.12728747850258446, 0.22043568600629118, -0.6010336389159215, -0.612906236235232, -0.3143099068855296, 0.9282079574017612, 1.085947273173202, -0.02161333891845721, -0.49763746433347184, -0.1396765727263059, 0.5781893327975303, 0.4683400513724497, -0.08639329104891304, 0.44810280432001826, -1.3496397883154558, 0.6682200196512652, -0.7298024134305056, 1.4756823771971967, -0.17648741451819447, 2.14073878135729, 2.3614873725163608, 2.333469191822381, 1.516471801444437, 2.672795133611281, 1.7126139593108074, 0.9901227903194902, 2.185233478824263, 2.0480894606024305, 1.213384639457353, 1.5862733869147763, 2.0735266387331324, 1.9769553202899135, 1.5802144284698685, 1.4796619146749364, 2.3289908612392307, 0.9473818576661093, 1.2283545686981243, -0.1646233516464824, 1.3051305024419118, 0.3696747409618682, -1.085546312574475, 0.628876585073744, -0.5131264629674803, 1.7357788066141822, 0.3116011578944505, 0.25218762370887016, 0.037403313483046645, 0.8305241355854892, 0.3953943812667703, 0.6212971643385553, 0.5960396707410638, 1.20649599843261, -0.052765847197823325, 0.8338872749022223, 0.6714345290402326, 0.048747708905575164, -0.7050422594941235, 0.8491337894600027, 0.7123760073678683, 1.0098466124140417, -0.6859317450857962, -0.8707697481407285, 0.6569268372079831, 0.016482068738119606, 0.962607591936497, 1.5331698800302633, 1.3370532303323412, 2.123692014975615, 0.7842277739072206, 1.3817511641565303, 0.8658724904884498, 1.70074963723971, 0.525516097676137, 0.25874170268493935, 0.41093904318827296, 1.0821939868388712, -0.04162123804183105, 0.5699607278689273, 0.500493245255439, -0.3554012898067322, -0.2517699614047296, -0.13312404717854814, -1.0676677108315982, -0.27666559625913684, 1.2681629002648802, -0.2189717170244886, -1.2013634271273375, -1.4750981851883909, 0.5226552586430273, -0.0549245155432662, -1.2082648637159277, -1.176202137911424, -0.1549587652295176, -1.3227541185569083, 0.765758600132451, -0.9525332904549939, 0.12502806205950434, -0.5721148832003657, -0.3281417502742224, -0.3562259315345911, -0.9284659077110418, -0.7012549611674762, -1.680776335400305, 0.2952496131207914, -0.6992310445712873, 1.9305111474064642, 0.10187092499239765, -0.3536244735546832, -0.7739248391221902, -0.8048600951022273, -0.046879583376136943, 0.8593125527789787, 0.1678646571432048, -0.25204636411079656, 1.3228456324843836, 0.4913676334141514, 1.4794463214348326, 2.510671257081723, 1.1399695913131545, 0.7641146454394495, 1.2830730115259987, 0.25803074138238324, 0.5057657714312973, 1.3263486673293834, 0.32803527594393106, -0.45127325981336003, -0.8399745697930615, 1.777355209055596, 0.9821536002981064, -0.29201972978340335, 0.5481368533319184, 1.5627211657116424, 1.6909290486865411, -0.047395464908280324, 1.2991412774687916, 0.41327710623673886, -1.1735031911795308, 0.6244970355358407, -1.5292767217964904, 0.19520372043748177, -0.5511203607561707, 0.5627178430063288, 0.33224647651955475, -0.15597622202275305, -2.3930743097711873, 0.3278112634794063, 0.33510750443438403, 0.47536551717500264, 0.23490612829652854, 1.5548314891740584, 0.9723617173011322, -0.15042293864586512, 1.1358353204299334, 0.32002732583669574, 0.6640796518182478, -0.23446894533679274, 1.2070827850251127, -2.2237249359964757, 0.029624932490525075, -0.3780812749445524, 1.4418928014592605, -0.02665437492297333, -1.1032311864104145, 1.6244957611445054, 1.1285407068476327, 0.1205779807482634, 0.14552982616924956, 0.3811966936714498, 1.0129480798427855, -0.9232772637836568, -1.3057348374661002, -0.7418361652621442, -1.5609655526116295, -0.4632203070221555, -1.4000396953428902, 0.520164323269162, -0.3230631782229974, -2.0387863772583534, -1.0356981704800428, -1.0806545220043888, -0.9731571797604774, 0.7917661215744367, 0.2135656601481153, -2.028363537897445, -0.7440408076932046, 0.5878570698316443, -2.0642832348284483, -2.0438107627161357, -1.1469408521072764, -0.8547930007998925, -1.5597534921092653, -1.286787354550204, -1.60118470859344, -3.889365021126144, -0.2922421617505698, -2.30357005170267, -0.3252621656457658, 0.31221668605563463, -0.9117352817268357, -0.10572259902055187, -0.7550894324767087, -0.4577981541814926, -0.7358295656344839, 0.36834209106809684, 0.035690528968326085, 0.6144670227448831, -0.2729706068752467]","[1.9188788262424872, 1.1595953022122498, 1.0122675302088, 0.20885661162721594, 0.6301253241261465, 0.22773840416297947, 0.22083782379938832, -0.10076137763299867, 0.7293660024639006, 0.5402176664619532, 0.3569484071026499, 0.5753005504973538, 1.6628655387473232, 0.7900938253356792, 0.2271800755803111, 0.8377522764132006, -0.12112617773752231, 1.8869555996261849, -0.06681673543282822, 0.04990730697742395, -0.382355389444227, -0.5867158645172337, 0.5058307958616819, -0.25230392076296976, -0.34578384240849647, -0.6444586381629251, -0.33301635462476253, -0.0489830622379125, 1.589743781044165, -0.6321259944041964, 1.1318511955575676, 0.020812833488701023, -1.08328178901664, -0.39445963524797917, 0.06270172525946753, -0.12765312459643274, -1.3648292151537316, -0.2356438782989899, 0.07597682136462246, -0.13749373443863613, 0.4010827743732972, -0.024992552430530845, -0.43037227988574794, 0.12628193643395033, 0.0991329158089318, -0.5048873136893466, 0.11387627280737128, -0.7392604976465, -0.004409344841695378, 0.504144634743249, 0.7384257358747406, -0.314691823077502, -0.010386900568961568, 0.516216554868027, -0.5995268622080898, -0.43266469957661313, 0.07789970142120065, -0.11828147340188394, -0.6582324055860271, -0.06009779699264679, -0.9036584487454011, 0.09016863051755203, -0.658601179785977, 0.3441346523302576, -0.6393272889745032, -0.0301524269538376, -0.5585213554716563, 0.011138977424014334, -1.0530140854359233, 0.05587727866147493, 0.23943516924642083, -0.36207535622805564, 0.962505213057887, 1.491052274083333, 0.7011277621916708, 0.5968790463093011, 1.6617289469734664, 1.4427230370932416, 1.301531363227207, 1.9801038871759966, 0.27900435503626947, 0.9618291843988372, -0.9691913456688447, -0.08169475925288064, 0.9912653956292866, 1.7924175691231883, 0.35667964471083496, 0.28468570963693346, 0.048257773193714916, 1.4075946992170925, 0.6675190579331315, -0.1900465250813052, 1.3382463726386964, -0.8371277955428955, 0.4403554215998169, 0.12490150981123838, 1.1962585476984637, -0.1283823135141503, 0.05358302607858188, -0.2096754722238919, 0.6649682137822983, 0.49579074926028716, 0.47904391868146834, 0.20010410981368362, 1.0229026030588937, 0.46101602917043744, -0.33470542345154175, 0.09422671811261742, 0.6462981300507413, 1.7254060750397249, 0.4452983047282325, 1.3709612301603042, 0.36383519238373985, -0.04801792172590203, -0.31523083024442383, 1.3247455901340615, -0.4240954333747756, 1.0313866815656028, 0.920363936394863, 0.9161779914888346, 1.3896131238270144, -0.3464950742071194, 2.2909509511282553, 1.2946409667713876, 1.285960832079649, 1.0118266873563215, 1.0776898225670384, -0.16718443011577216, 0.9838780201905012, 1.7303948348782727, 0.2669950020726327, 1.9688653462501886, 0.0341433582957466, 0.24789185626305346, 0.008822606409550673, 0.5940272893349536, 1.038571736026751, -0.40179462527469306, 0.2858795323289542, -0.19621442362185804, -0.2680477138423141, 0.3851583133055057, -0.5392154033034057, -0.5208419019215671, -0.0964821680924308, 1.6141747479382897, 0.022552756526092028, -0.15549583529223585, -0.09049159078710492, -0.1038358771779669, 0.45397451092582275, -0.04961963678637108, 1.4024849382337, 0.08060422550672756, -0.23964248025299462, -0.13899946331136898, -0.09615993741913047, -0.49063485095593984, -1.2615801688136663, 0.3748307048725512, -0.16238993304990187, 0.12694159888255682, -0.5984817736620266, -0.6930090637967904, 0.18754146015400938, -0.5152865166264744, -0.8128321844321884, -0.8254973868792509, -0.6482791073263309, -1.633149415155867, -0.8069107178124043, -0.7612864591201353, 0.5071398758081853, -0.08981676381275527, -1.101357056440366, 0.5189115305936365, -0.5233606259723323, -0.09113984988893391, -0.6583711776190222, -1.266885137070084, -0.3808326231632552, -0.11735489571075622, -1.3601011911057896, -0.510208176227979, -0.5674215483157604, -0.8196791328202858, -0.7145004134058734, -1.558823677128807, -0.4539949528462715, -1.6175105487406045, 0.3775244415697883, -1.654181594916958, -0.27111585309114417, 0.6276718489746791, 0.9651123832050696, -0.192494705560197, 0.9027710575014721, -0.05912477614212433, 0.20162904210571603, 1.1712678645721226, 1.3309941715837093, 0.7340561004178032, -0.0005050405308038733, 0.6898510487339232, 0.9993975826853863, 0.137364961123291, 0.6397763110470099, 0.7330223655509687, 1.2178600697708293, 1.205393824351536, 1.1471345024774258, 1.881342602165298, -0.5583048743441414, 0.32385635014289915, 0.296067771409368, 0.39145218098519846, 1.2552376178225424, 0.09695933729196284, 1.3697901044963539, 1.6459487233791033, 1.6069972482568513, 1.1972898668168126, 0.28357898391952924, -0.008954895861176962, 0.27415446693752743, 0.3322810959479904, 0.6131049183933167, 0.35004831010629306, -3.2556734822830014, -2.2986858851622833, -1.3132081142683278, -2.314599308396705, -1.2046726374575183, -2.9654558433702913, -1.5773828096689655, -1.3925214226320146, -1.1995964381085307, -0.7125706955333824, -1.5565089136904242, -0.48125514646454676, -0.9432964203403049, 0.022470600443223767, -1.369609740834016, -0.6752632025227605, -2.2789686027066924, -2.9264426012558222, -3.323927434186725, -2.372216015111739, -2.9698480171684407, -1.7065352710895865, -3.2051445799967033, -2.465751888582912, -1.7253673725091316, -2.3765520269582527, -1.9842368112736473, -1.83013152053845, 1.4553801778140099, -1.9669949971799439, -0.9368961203757209, -1.3650259679591283, -0.53455654406432, -1.1149652939716017, -1.0328486330793312, 0.13585757438519044, -1.6150526876644933, -0.1886317389265047, -0.3660295884499615, 0.9580684166347436, -1.976554689630253, -1.13903019240884, -1.299463464476662, -0.7880042868973574, -1.9992515745179127, -1.0323427998491574, -0.5407260715996065, -1.0940454112106985, 0.04775852477330871, -0.5665150623183355, 0.1853612906155619, -1.5242988628629603, 0.5092139822628247, 0.3617724366772022, 0.6547524560019582, 0.20031026069217747, 0.3418169966248033, 0.2370804326983467, 1.7423760915386135, -0.03353321269642276, 1.2270021272502465, -0.7523044477004965, 0.5281759339902777, -0.5636501425620115, -0.270885784388716, 0.0776895623046705, -0.8405926468783562, 0.020171032312528373, -1.3400449514402146, 1.2128549863414395, 1.6348899413208067, 1.3299939614983431, 0.6216757957191492, -0.46983041139194004, 0.839255310163988, 0.5124360204870668, -0.0819077094515853, 0.7082922287048444, 2.3735670171833445, -0.034552107523132224, 1.3356588704900891, 1.0472314838879817, 1.1850526224226237, 0.24838326613522432, -0.31455091613086017, -0.855288504972301, -0.8609604664387036, -0.21620698077280778, -0.4480044502222559, -0.8078748094065977, 1.2709912115749995, -0.36847445732688694, -1.4329180687657384, -0.3190588928691681, -0.6439651004127442, 0.4350920623109739, 0.1287873750769266, 1.1678749375206878, 1.3446747376606218, 2.051950852217572, 0.6620857740686995, 1.3876811274020464, 0.8619915336800665, 1.4770936337391993, 0.9198835388098876, 1.4813904155306958, 0.46889308164724425, 0.5051641999684855, 0.4168894463535285, 0.7771742833318437, 0.7383649441988589, 0.985801032182301, 0.8946766749789746, 0.9756280079541062, 1.2269828075606912, 0.7951727679757169, 1.3508212340989099, 0.9029894740237496, -0.8120397345332728, -2.150411409143104, -0.18313006868540851, 0.7673202550711926, -0.3190069082983245, -0.8547895828605978, -1.3292066020615025, -0.958212679901711, -0.40937213021800406, 1.2204306357435988, 1.8897073990596052, 0.3178120598945812, -0.5573131874644961, 0.9121217994861034, -0.15720041831282336, 0.19592325598331836, -0.3347724156238133, -0.8938943510539128, -0.13485080392417112, 0.3707879478451263, 0.5249133744895668, 0.46413079004409974, -0.7284272474333002, 0.27943746430808064, 1.2115432367629397, 0.09932865938337344, 0.7027880311000486, 0.15029788574543873, 1.2985968204563505, 0.38358187336062144, -0.1908642730341457, 0.29176266422940517, 0.6173739923179958, 0.34527703624414763, 0.7741546128343222]","['v2', 'v13', 'v43', 'v12', 'v17', 'v108', 'v55', 'v92', 'v61', 'v47']","[np.float64(65.00235995715224), np.float64(9.491983342574496), np.float64(6.443538612647898), np.float64(9.649909105719649), np.float64(11.392923698505056), np.float64(5.8236528070485685), np.float64(14.441945248611704), np.float64(14.652868428444465), np.float64(38.62965133834958), np.float64(29.440837671424717)]",3.3696842161643543,3.5022011182669375,3.647332499516888,1.5435855418691393,1.5669640363693376,1.0267104332952823,1.067850037696698,4.723945641631137,4.723945641631137,4.977006271358659,1.955913331932374,2.077263820995359,1.3181491994886667,1.4009422664568327,1.0242970656031356,0.9987799081301347,1.0010560571593996,0.09191122681752481,0.0444554096716574,0.05999506237782285,0.04214610732988722,2.6757725213605745,3.0003698476679097,3.0828401833076526,1.4097115925040697,1.3282609040612519,0.9212651270270158,0.872153238509561,1.8833120374971717,1.6909546597953327,1.7188447855981939,0.999197773850852,1.0354535333600663,0.9330824597927612,1.0690965868548652,1.0154549604315863,1.0925550630126484,0.9832616270296194,0.3740357510063487,0.4344485527342556,0.28789513802658684,0.2474605730193934,False
f682_c,f1022_a,"['72', '73', '74', '75', '76', '77']","['552', '554', '556', '558', '560', '562', '564', '566']",f682,f1022,False,2,forward_no_out_standard_k10_lda_nc2_sex_on,forward,lda,,standard,10,2,47,6,8,True,0.9823946952819824,0.01760532148182392,0.9976875185966492,0.0023124595172703266,0.5381627678871155,0.4618373215198517,0.8872499908490895,2.255134033773685,-2.4413846308537894,0.5799792114225738,0.03729022861347967,-0.04769196297643755,"[0.21129182978707883, 0.6659453867441951, 1.1911757629021524, 0.3276880862448348, 0.9740844093360439, 1.9533144700802325]","[1.9468086837168634, 2.8273114990208845, 2.0925661940836586, 3.03484769051139, 2.4759967579431823, 1.153273377366132]","[-2.6442948620419746, -2.8787708550688516, -2.5254210949560063, -3.02792921482862, -2.432715361806952, -1.2752723675375677, -2.1566716541245854, -2.5900016364657574]","[0.17865698580178543, 0.4402227076556211, 0.4135466493106571, -0.5520990077530972, 0.7155587860889401, 0.7277904041891399, 0.5334731569979084, 2.1826840090896353]","[0.0980112635010262, 0.3184488323821107, -0.2309425270699153, 0.18130677181038551, -0.8608770154893008, 0.25052351026015585, -0.18074497045808127, 0.9899680837745547, -0.22923258802351346, 0.797941695560207, 0.35938175307248255, -1.2531490548573132, 1.000273611883969, -1.068277663792082, -0.7566407523087639, 0.6638865308983792, 0.7042674033196838, -0.5266312302472408, 0.7183208177035705, -0.32984651671067355, 0.02603288926572443, -0.3463066797797708, -0.38184997187691555, -0.47847053730810135, 0.3130021786855352, -0.10636468916311675, 0.06589883599440488, -0.25804413984062363, 2.6161656305535974, -0.2601249551235399, 1.1022554063802914, -1.7479254676485152, -1.8493674224995096, -0.5375281972556738, -0.9109130497077823, 0.26793485487874674, -0.327796707082598, -0.010440102069012303, -0.7760040330757495, -2.1174789833699377, -0.7996546089529144, 0.00046540000296487936, -1.525020503072492, -0.2211263758896196, -0.10623329811359175, -2.3881289647291553, -1.443389953473544, -0.33271910760033085, 0.11739917838350146, -0.48447877096759323, -0.8512169537503504, 0.6426570722181315, -0.5421454668828497, -1.2299099141836087, -1.3579219619951137, -1.4743356238319736, -1.0786624358856376, -0.20631637578114972, -0.14516725421892596, -1.0621352940940336, -0.03273081772865772, -0.8046366760256727, -0.7745329054266787, 0.535366826370848, -0.6148848271829365, 0.5216771333354605, 0.8384878115114284, 0.22057708388119376, -0.1808935754183926, 1.1491701957378866, -0.2020397205871955, 0.35770028918997, -0.16481982090188574, 1.6581503305109997, 0.8620024775664505, -0.2396900073281879, 1.1620341132610772, 1.202365768939142, -0.08475249381794436, 0.2691584156777367, 1.7604184429476908, 0.037029973167000636, -0.36088586806752593, 0.1580367544467481, 1.7368887585090234, 1.4286650733629855, 0.29164769181192707, 0.01664766254275413, 0.7710462200540218, 1.1308466770197354, 1.3166368925165313, -0.39181323441990024, 0.9307308691114213, -0.8622777771629091, 0.5383340398797832, 0.3317437903490272, -1.2308319867511883, -0.15929654717833475, -1.0798300639998513, -1.8774375028929313, 0.47547467584709163, 0.19421031721374157, -0.9683685745795921, -0.3853408125577221, -0.23047139439641598, -0.2506542780436447, -1.4658995535436201, -0.7219757986488633, 0.8906833412671412, -0.31118967015786025, -1.6694901515889202, 0.2174002204935562, -1.4388463021427, -0.4698503986602966, -0.9330191780814783, 0.44802640356366663, -1.697469450344345, -0.8754844436789493, -0.18505132186690826, 0.5057225893361778, -1.0072418039797584, 1.4455735245088606, 0.8016752352158919, 2.332516340062813, 0.8002641431646516, 1.1684805067959192, 0.5139283698092731, -0.19962194401784175, 1.041557360723447, 1.2455208704002916, -0.011029261369189951, -0.007611491404757749, -0.12969570174039657, 1.1092666459568201, 0.07637668491339494, 1.5562326245485916, 1.8280404442680664, 0.5798957731704595, -1.188542734978821, 0.3244734093329444, 0.04896338897519055, 1.6902451445944635, 0.005533433186512765, 1.4149631560597582, -1.7112715722466219, 0.6854535174017623, -1.2455762181836727, 0.16878669287841708, -0.07883920188230334, 1.3625139256912449, 1.3858998349353449, 1.8894964372662895, 1.9318143150063658, 0.32604757136765594, 1.4801280662962635, 0.627743637838514, 0.6718051733380319, -0.6813006715549804, 0.2876527896587852, 0.7131139045240481, 0.3310606327392779, 0.629328836244856, 1.5448783501876118, 0.007627460216509629, -0.3655037366583285, 1.3391674226773749, -0.42138197851543746, -1.2962666142498969, 0.14187975202154432, -0.24118144151578272, 0.19676785543684003, 0.7506939177564387, -1.1549708005934844, -0.35975272656909385, 1.3282075712291521, 2.4255003887356206, 0.44099133782421657, -0.6090824242508431, -0.22693289195551047, -1.293207619257224, 1.6393066231937443, 0.5603654619957734, -0.5064463633073322, -0.533731505360598, -0.5471710754275413, -0.7025024538449667, 0.4728212313728498, 0.09203839292719884, 0.4215706804292021, -0.10133214811902824, 1.1310872588991152, -1.4025560388553384, -0.6474856812606908, -0.5964318064045026, -1.518308745462846, -0.5444268810195751, -0.23348807798406052, -0.916363252289138, 0.14133252306460856, 0.4623822887833277, -0.16871809628334636, -1.1896672234624135, -2.5699777181594627, -0.2299694899902663, -0.9212579641923865, -0.6642014930282528, 0.2133963194310233, 0.20473211055628418, -1.2743618004849497, 1.044387917227022, -0.9194817065559721, -0.012232368170238457, -1.095486952704558, -1.5422708379605803, -0.6266957882649437, -1.0635318941934928, -0.6039645255966759, -1.442817822018885, 0.3679877175306251, 0.3238695467746583, 2.6823008601572327, 0.28740700748344844, 0.5590420134118844, -0.30483040559236885, -0.6444980406650765, -0.09514621187764007, 0.7653754659832075, -0.19290821483561207, -0.562097446158827, -0.9425000219963325, -1.546287346503848, -0.9232726560878883, -0.5681668045259343, -1.8880303002666525, -0.4825427576733346, 0.7767102392660581, -0.4355562140437045, -0.30089974964165633, 0.2649558308139648, -0.8099847029335631, -0.7284375309333689, -0.23781941763040293, 0.37412583563135987, -0.8218099514922176, 0.42806502335251756, -1.8951048178943741, 0.23264667158951227, -0.1547865778227169, -1.494575417945467, -0.09569206712014956, 0.32725958123502374, -0.9290377315111157, -0.2836391143931894, 0.27265325627455805, -0.8202909303829353, -1.4536396470069386, 0.36491523561028055, -1.255522017294038, -1.1107213189101681, -0.7577281793900712, 0.45873835815705133, 0.47741125819617164, -2.1234705150523565, 0.7096662574433517, -0.37439954599083053, -0.48411753008861447, 0.8571996853964796, 0.27760063983672856, -0.5475962702225787, -0.7857537884776371, -0.9879484420135377, 1.1339107992202884, 2.079163866946817, 0.3422024002847683, 1.3351505139135733, 1.4919519659183311, 1.3663814095207163, 0.43863023573382104, 0.47371746067141135, -0.8859063596051334, -0.372943802785279, -1.4475283585320626, 0.42867491191903573, -1.1203536814044763, -0.1602171975867002, -1.0867874582452628, 0.3796484048660984, 2.2894244194552007, -0.8282443378703844, 0.9929323788057315, -0.5962196787730012, -1.054889787068418, 1.022634736745626, 2.181011779628922, 1.5545730065633285, 1.063998901514712, -0.30165559374573436, 1.0468969935012737, -0.5449660802094457, 0.09105746502971664, 1.4618060243756983, 1.0326074193549866, 0.7721958507391574, 0.9835488333780436, -1.767929099427359, -1.623031896848619, 0.3106593811423907, 0.570680171524089, -0.024340567510459578, -0.3816888967647938, 0.30039962764943534, -1.2845475264832722, -0.1288352327102215, -1.182349034741738, -0.17466303714773143, 0.49890648512637076, -0.8758599640426546, 0.2945480680977601, 1.0783614276157396, -0.08380694049672943, -0.7939867615368043, -0.347596934370625, 0.39396043228030503, -2.107624515169024, -2.0696510211172585, 1.1384635954414497, 0.7262341531837683, 1.6659761130329913, -0.769778577712565, 2.5466975340093523, -1.4734274312607987, -0.31500026937744957, -0.802884122793755, 2.1546541281213623, 0.8388781936872647, 0.945992826976073, 0.3720943848739559, 0.6254570853436772, 0.15985911907598346, -0.8189416517920345, 1.4366263805988015, 0.07705482201022111, -0.09496173733466533, 1.93386494448509, 1.649908491544535, 0.23629192768161103, 3.1046684429668754, 1.4544625346253743, 2.0089438717442616, 2.7507979492315555, 0.8583500007265851, 0.9231606848065431, 1.0339914114575497, 2.068934344728199, 0.47567494125085535, 0.33827487539823403, 0.5292039894243332, 1.421816939777655, 0.39746010857942576, -0.5793650386083041, 1.1249123000248258, 1.1831592993067788, 0.7699452432063478, 0.8860919381945984, 1.2358893070858903, -0.28428925601742533, 0.7710553702749081, 0.8203424022008026, 0.44801017858501313, 1.871295917308875, -1.0308428371740002, -1.191350157210351, -0.49669754608852806, 1.0818030374025585, 0.7902273253246122, -0.6421198690570918, 0.3335182750167206, -1.0706274707791967, -1.5930051372523992, -1.0976894180682588, -0.6172511716552522]","[-0.6823729672197265, -0.2535436158627065, -0.6419555678565144, 1.7239914350427155, -0.7136426335969092, 0.07379115416445353, 0.8447637683337935, 0.12760114479425422, -0.38876584642560613, -0.6966572513503204, 0.6696441131959726, -0.7910982497532824, -0.2197466089778444, -1.8036529041657265, -0.2580921566482994, 0.5600879793221981, -0.3349399070063939, -1.3362270784581176, -0.6220867870684685, -0.7020430485955351, 0.7998890492317294, -0.007207481779039725, -0.14281943302377004, -0.25637342160254106, -1.016769726565548, -1.032773028417903, 0.12789735367700913, -0.30222987053159045, -0.2766206518203487, 0.08791493869464259, -0.9231195562557869, 0.11337529227675518, -0.6325582606317596, -0.565547207016999, 0.9483633465929977, 0.5991967699459112, -0.5535627613471665, 0.9252627130338407, 1.4337400522308275, -0.49310367305417613, 0.18556084725994448, 0.49330791005472785, 0.3411077226089721, 1.9351174864639737, 2.2862095410499337, -0.19977356251890677, 0.9447080337620163, 0.36201289649319496, 0.477105350196034, 0.23768499197217902, 0.11323807740565507, 0.6539345611892651, 0.4227406661331718, 0.861456058651595, 1.1586911146567702, -0.022172446117332944, -0.4032022230914896, 0.13432240543413804, -0.7195099055416031, -0.02427921705378061, 1.1372588544138542, 1.8177692275685837, 0.2238756631392162, 2.3689633712188845, 0.901291601600252, 1.4632489646860372, 1.8492423955730752, 0.02674408098104245, 1.5136066541528308, 1.968771586032942, 0.18333650178903452, 1.7345218225558408, 0.8464209011425426, -0.6068968871809132, -1.0767005625407706, 0.5557094916141754, 0.30030564984490893, -1.572539509775944, -0.6728632507910426, -0.10938449911119795, 0.4400742267472805, -1.5535212865825851, -0.671182956846615, 0.20382216629133584, -0.10834060174148352, -0.9150268452765941, -2.5214525228608187, -1.0558655200708595, -0.1742591463916951, -0.5162735479663575, -0.6129330866632287, -0.7645538423968536, -0.29118021204778777, -1.603295390760952, -0.6919800724259801, 0.3345804349638739, -0.8384101579181464, -0.6143073277515555, -0.3891803941426399, -0.07996898916406875, -0.32486642852719144, -0.9158341044572972, 1.6016922321425746, -0.2962114810009871, 0.5987213803503606, -0.4378133052509168, 0.3217374972298213, 0.7998877910585674, -0.42926108125998325, -1.5921345394221804, 0.26001753881179146, -0.9709323190159787, -0.3749476299772804, 0.37397694299561723, 0.7328876396672698, 0.45442680158643683, -1.1096003592128907, 0.8157176659795696, 0.30347232259891116, -1.4572824401519555, -0.26743781910162984, 0.010813912846898182, -0.0467751991934678, 0.9327702312290534, -0.9155984457274386, -2.752658833886462, 1.6055641998572991, 1.14199012421444, -0.8953939747942201, 0.7408479562457079, -0.7524851291550617, 1.3622326580655737, -0.8380334759496799, 0.7335566341032591, -0.7806406862221479, -0.39625604837480705, 0.34036423493818574, -0.9922687935117144, -0.12816492789263934, -1.5756700588082289, -0.46066841431302996, 0.12256771019845525, -0.6222497632291589, -0.23903088484835547, -0.3142643086158298, -1.0152730029525423, 0.048251906155780865, 0.532658191699629, 0.23867767850113397, -0.3547561454645875, 1.3961140681656923, 0.1651380499690808, 0.5407049087157662, 0.46115829726217544, 0.8031841856970866, 0.22005943735876698, 0.46790413355763044, -0.07963586171073248, 0.7332037757797262, 0.6255727807880179, 1.1371047334648008, 1.7936030574941915, 1.1777725571872117, 1.2376196020825365, 1.8791619627328502, 1.2482763964700336, 0.7091033129186775, 1.5605631159591293, 1.5772896017391451, 0.5384706173774777, 0.8283099515651497, 0.09448543523282354, 1.2580321072025955, 1.7869046957148016, 0.7549601160977429, 1.6631725736510545, 0.9421242923818992, 1.2775379624694863, 0.2041911772919077, 0.38220716788280173, -0.8532609068751191, 0.5944303753359707, -0.522078038817893, -0.2521730046511784, 0.3188844347124467, 1.5189092665326198, 0.6513184797858569, 1.2122919825369047, 0.5715619960564792, 0.741714687823185, -0.2815679087548208, -0.29011118806345637, 1.5327557994523893, -1.8865216683650972, -0.8910451896056245, -2.07559275505321, 0.0067490620213987345, -1.0807121935616424, -1.2645783307727618, -1.5745160246292904, -1.7278417108750708, -0.4846551899795271, -1.9143133619675219, -2.264037948255514, 0.1608976964263364, -1.3475009708260894, -1.6889196725680047, -1.439702762084712, -0.8752601509727118, -1.289722729156381, -0.6051585544607851, -0.4984244723390094, -0.5848849084947786, -1.3697935933061132, -0.2643385222703445, -1.0545848562810072, -0.4851979301626806, 0.4905963946224883, 0.07267030496851934, -0.877149443285568, -0.9745209081175762, -0.8091838686443974, -1.3617887397025117, -0.33404031750370405, 0.0648926376392693, -0.6892273085748857, -1.015750299016128, -0.981478139365084, 0.7503100535872529, -0.5423577241364892, 1.3813123712788964, 0.7223741608765578, 0.5952789438836774, -0.4170953151681974, 1.1260546475560889, 0.22310663839190392, -0.5061471554504229, 0.6798035938403089, 0.3160508246791126, 0.7256670891287487, 0.9365601756999922, 0.5837741641179275, -0.022240370956963258, -0.27916695630895777, -0.45170062161306745, 1.108104840585251, 1.4108815902982774, 1.9344508814736658, -0.6571711956534428, 0.3570721124280016, 1.4710462392282677, 1.8888964895751092, 1.9648676887249095, 0.36286854363020776, 0.5663477502036144, 1.80777319749154, 0.19362167059587806, -0.08309134264999855, 2.168753499993099, 0.6580376388925501, 2.014051808875881, 1.057120581868249, 0.9812964540481304, -0.32498784474687914, 1.3368780205877888, 1.3494914655307702, -0.44798941906931744, 1.6320325375317053, -0.2854754653982748, -0.3543206291767553, 0.16888146821136168, -0.07323821671899518, -0.7334487843707502, -0.38508832413084126, 0.9736043760565385, -1.117241504430043, 0.673361339372187, -0.9576463868343351, 0.09250363741927327, -1.0203143981949343, -0.3192927965054316, -1.7919196476317127, -0.6293851823502796, -1.2154897895625962, -0.915165128461074, -1.844973864864071, 0.14626237108970852, -0.12257569151136168, -1.028984754348827, -1.1828777195167468, -0.8053735929163186, -0.9102871412634786, -1.4735124850699173, 0.17312873728062525, -1.7290676825802895, -1.1536392547251575, -0.5955619810058251, -1.886589325042776, -1.205696473525338, 0.7389997784793648, 0.9799738383827118, -1.4624663512998712, -0.3279424041595781, -0.837730580956303, -1.9323931878681153, -0.6202791373505341, -0.8571162181896091, 0.7905846889678958, -0.15875122763056249, -1.5538881639845794, 1.155416455847609, 1.0381871184412634, 0.9190142854242799, 1.4288868943472683, -0.030314951167765808, 0.24059275570652544, 0.5499474974225437, 0.03655320131159533, 1.7265237691250426, 0.265091963395345, 0.06004147992784159, 1.6284339609400296, 0.42416049804432854, -0.6112509982987637, -1.261614511726541, -0.6838471819176077, 0.04571700104987952, -2.0675232372897328, -1.5560843249537721, 1.9346954968546497, -1.6175347089632548, -1.3889695046332222, -0.19169182956316955, -1.0387389253739927, -2.8560257319430646, -2.2910029670510648, -0.08138619344716254, -1.7068023613445535, -1.5854312318182764, -0.016895352935596047, -0.8372428940120855, -1.068307065574837, -0.8416067537309115, 1.688061856878942, 0.5254406738563265, 0.11008560794106952, 1.2322846319597385, -0.1860630134275195, -1.6187416810315205, -0.6140458994284107, -0.465546448014987, -1.4405818292821957, -1.958587955734626, -0.47223880793848083, -2.3322548931750466, -1.0563741715096353, -1.1761436428843106, -0.2699310624617477, -0.9824118678200928, -0.25321451987141547, 1.1298095890169113, 0.49680542946223255, 0.45195812867365176, 0.6373827578060607, 0.07765707406314154, -0.46767519686679593, 0.4096054281607165, 0.026659573857765927, 0.6264354907630939, 0.8038398970866286, -0.2722761822239647, -0.838721035491839, 0.07866418291614924, -0.20262269145952547, 0.8387649652059453, -0.8334078070394119, -0.4273961690814863, 1.1134267993399676, -0.30445692544925645, 1.0261301507951046, -0.09780857787369446]","['v50', 'v103', 'v52', 'v11', 'v32', 'v86', 'v58', 'v62', 'v88', 'v30']","[np.float64(52.96152939311497), np.float64(9.915311417501293), np.float64(4.66029366123731), np.float64(7.731906474391893), np.float64(5.305348278135221), np.float64(4.334302154210833), np.float64(27.91621995207488), np.float64(14.96051814802174), np.float64(28.52450856279169), np.float64(31.6085729632236)]",3.72638593326634,3.8536605028905613,3.875576405349357,1.1808483347842071,0.9909566411362632,1.1507684249863759,1.123039110239525,5.00378944405399,5.060264601224918,5.141846562944497,1.602768388635163,1.2919806537752838,1.409530287410234,1.318914194652976,1.1411238415223752,1.134861310083657,1.0840599698232785,0.11785944460379867,0.04066856504748495,0.0709943671736534,0.04625705013701786,3.328634621702879,3.3517751292742317,3.2830936359980614,0.9778196891362054,0.9392928167175267,1.066680381312029,1.038946940079862,1.5908599330871347,1.6068414462138758,1.6383125031412236,0.6398011474699337,0.6989650565369027,0.66775450588446,0.6371509874706722,1.1400106749324992,1.2991311920087472,1.1680341387433442,0.25865000126703613,0.2303742509274168,0.23538228375480563,0.2281347233590778,False
f682_c,f1022_b,"['72', '73', '74', '75', '76', '77']","['553', '555', '557', '559', '561', '563', '565', '567']",f682,f1022,False,2,forward_no_out_standard_k10_lda_nc2_sex_on,forward,lda,,standard,10,2,48,6,8,True,0.9823946952819824,0.01760532148182392,0.998424768447876,0.001575226429849863,0.5381627678871155,0.4618373215198517,-2.5780096902809597,0.3210955603142448,-0.32202172599150086,-1.7116321451706216,0.047360188844141254,0.030883159578686353,"[-2.7290710400717817, -2.9505865415401327, -2.325630573625552, -2.7009255829835994, -1.9752138412740816, -2.7866305621906107]","[-0.930379320353979, -0.34334063060481396, 1.5045965731909243, 0.7826588431959106, 0.8791874089061756, 0.03385048755125124]","[-0.8715548363476554, -0.2178191794635111, 0.6445449369588921, -0.289746474885495, -0.5135297569258197, -0.7721068486478412, -0.23205082126100843, -0.3239108273595682]","[-2.401968348494712, -1.2626089168400796, -1.6931890100900724, -1.885442119414541, -2.424274602688501, -1.4765872634833668, -1.3618692492812694, -1.1871176510724306]","[1.189653688982649, -0.04207995467533225, 0.6909815733927064, -0.46589698259140067, -0.08001238377888414, 0.24571348235698537, 0.1946912987695853, -0.9443725774980082, -0.08158232652016968, 0.294064499508994, -1.0132312883374452, -0.14134231443575118, -2.339605619366894, 1.5071566155652876, 0.5628638429869568, -1.4263235220705217, 0.13363449072611208, 0.5248878130814709, -0.3085169169245848, 1.113080867874994, -1.4089616190570287, 0.12923217310499954, 0.19693053211550327, 0.09820820778084047, 0.10208852080217683, 0.8429738329396773, -0.14552904739471914, 0.7327331029932425, 1.5500782272697735, 0.8513408594426272, 0.8970310141704094, -0.40996898676266913, -0.5274696443032338, 0.42403291741926286, -0.9146950407677786, -0.9229477331589636, -0.09657117904401698, -0.6079638121945823, -1.008665186106162, 0.24252667743488, -0.3599652473836181, -0.7061556237830945, 1.1193507640202243, -0.9872014949306326, -1.7471194090662858, 0.46358047818933995, -0.14997770579240233, -0.7222320369014328, -0.21190652807391105, 0.6061052971277615, 1.3889840831441367, -1.4945562158611134, -1.0424617353363759, -1.3836187914919174, -0.8165538609790433, -0.4598500848906858, -0.26756997523568543, 0.48750032557905437, 0.05060501905803398, 0.7268113883103761, -0.3499211826641596, -2.002116899271938, -0.9954684814985896, -0.3671572957362794, -0.7976694923560506, -0.5094760744112552, -2.476285544905439, -0.12421389747222743, -1.0228525998520999, -0.8248620805572152, -0.06316057645062234, -1.1315641579600708, -0.5069419160689752, -1.4773378730369915, -0.3379347378543993, 0.855879198010489, -0.5342011516290985, 2.7177250996157873, 2.0449261562073944, 1.1967748395214919, 0.45401774092666525, 0.22024811272976608, 0.8364933693102764, 1.3096295521261305, 0.6237531816444475, 0.6264544539333757, 1.3144971654268687, 1.2721691051586563, 1.0164797273971575, 1.0773101296208045, 1.7607143678828698, 1.0995223071802112, 0.898158857257448, 2.1569391845407924, 0.7014251520719226, -0.5643333973326365, 0.5948489376667414, -0.6881459066287711, 1.0523304379780312, 0.9516159687809798, -0.27366047850851155, 0.19179316466988908, -0.8649478147088777, -0.4078323680317016, -0.5132430570588715, 0.22277693273197433, 0.2416418693917154, -1.7228158273397687, -1.9242161927298, -0.23255052429878628, -0.7648489437215619, 0.46817942433732046, 0.2068072866120946, -0.1371840554348937, -1.4231397676119648, -1.4893739463556035, -0.5415437244957695, 0.07180356967928841, -0.09899562149240261, 1.2078768790187613, 0.9565530430307599, 0.2547860001798201, -1.0535088776678134, -2.3112415262142596, -1.2872144538783854, 1.2464123514093906, 0.7186476954878193, -0.9652086733322975, -0.3428208649705958, -0.4384365742349193, 0.847562171752612, 0.82249203803503, 0.8329643043656211, -0.856361561579388, 0.5111832639107368, -0.6012280273484277, -1.1474714008664506, 1.5399551945568117, 0.6225039283788023, 0.8670773655404869, -0.44385425746018875, -0.3227726328138246, 0.941700433597752, -0.06735796876928184, 0.4873909984571572, -0.15259098449961855, 0.9924848436609018, -0.3462480142224565, 0.20161976847140053, 0.4894926657273338, -0.9148947581922392, -0.5718064335805593, 0.6362179257690017, 0.22882890209336385, 0.08702086919650842, 0.11626465902974754, -0.9622811401447664, -0.4188176299789536, -0.5194006359523102, -0.7885581324263681, -0.8345740591707965, -0.5196201281462582, -1.2253194424262028, -0.21808734598303287, -0.6677776381275591, -2.444559861523547, -1.478545753984158, 1.1478954135838801, -1.1190107475405493, 1.0211946506340654, -0.8630078597507549, -0.8627848595103075, -1.0234086276089296, -0.3789765611969577, -0.37352509517691873, 0.12144973387715903, -0.9434816464688834, -0.34462228507086423, 0.21829989502601232, -0.20124322619131738, -0.2987202685705397, -1.1087905955141866, -0.9130365748473899, -0.6518181272619779, 0.23162401958290468, 0.24090555217557477, -1.735668263290987, -1.852445237195302, -1.5322346141588967, -0.4003458655493421, -0.6514249803708364, 1.8042902278561084, -1.1812869624026374, 1.8025052959255137, 1.2647311638769225, 0.24716821724801402, 1.0519101148309158, 0.7666809996991436, 1.9748430353776827, 0.9742569307547669, 2.4395922484699697, 1.012328066995914, 1.242754505415976, 1.6048634828094774, 1.1713963596317525, 1.0960433783656525, 0.6991925227006739, 0.7269174612586065, 1.3810728400625452, 0.4683498253020817, 0.6534422418294155, 0.4409755615521664, 0.7448509492591225, 1.8448800581979619, 0.39650296554348863, 0.5100287006283563, 0.3026583758847172, -0.5120751815879612, 0.08427343332438154, 1.0831027295668465, 0.9117026331466873, 0.6298662835571965, 1.2675085361415566, 0.04146192714869336, 0.8024485665193908, 1.1546231415222976, 0.9786048757067172, 1.401945725392237, 0.4793936906664724, -0.3824822494329702, -0.3190018189793058, 0.3423790465063204, -0.7379467117122134, 0.9719757059764195, -1.0242429816343297, -1.296384979509025, 0.38484238422188083, 1.287249072338421, 1.4784154116621278, -0.06505616798312928, 0.5389006811688951, 0.2960966473974018, 0.8473098864098421, 1.0862108645356228, -1.3291701081109264, 0.9235981351327721, -1.2472492459406919, -1.4234561430490678, 0.7129581574426405, 0.2257997522913495, -0.8686689535731338, 1.2199902228398414, 1.1795493506807952, -0.13263852707368293, -0.8861119473447212, 0.4135870021385314, -0.9225705733211804, 0.37387173579261435, -0.7394754290269531, -0.36356183704182654, -2.8467256785016866, -1.6959632428790337, -0.17423537064580166, -0.2590011479433552, -2.053360080316008, -1.2439279519744453, -0.2512599015224973, -0.6593887274458098, -0.7578173089195305, -0.08541849739847207, -0.1532467895359453, -0.3064613176115132, -1.098322574257769, -1.1869341254915156, -0.8221438254363052, 0.14830565677593965, -2.9240128706787205, -1.4760647496434471, -1.5395944225405884, 1.1384390350524247, 1.5755685766243288, 0.853848806003547, 0.7887524588477057, 0.4499707173814054, 0.8467554841901498, 0.7823951232226906, 0.4904845557620044, 0.0457542810627116, 0.6998094031037307, -0.4417708265477329, 1.3358075509700456, 1.7807141492686767, 0.14625348072823682, -0.3766345074583553, 0.8089784825408037, 0.8492992570453363, 0.2776529133738595, 1.704411349091912, 1.055608145141483, -0.5530146296003301, -0.22882165586586856, 1.2427132919786954, 1.7766464919738252, 0.9817295069953668, 2.6109020487238306, 2.3569433230971018, 2.2743259091584482, -0.4879343230602893, 1.3708616896894186, 0.8851297074642815, -1.0150358999396658, 0.7400414684609198, -1.393414691364723, -0.21846422360075546, -0.4245709739290271, 0.414093837286454, 0.8573141690557438, -0.19914911206823552, -2.1117480382215215, -0.24135190508427898, 0.37298204302823423, 0.12145363630715922, 0.05479277561132212, 1.6824352626588317, 2.1375544520056833, -0.31544956504304406, 1.6157555061008142, -0.06298789955746373, 0.07460353865045803, -0.3645405444660844, 1.7913193061314505, 0.1639325474524485, 0.26438644871652556, -0.22887591094012769, 0.9704252974981441, 0.04872170954130502, -1.6505076365827425, 2.210231257718763, 1.85455570773578, 1.3531440974424325, -0.11427329009814728, 0.7466911508631945, 0.8327512231490107, -1.3373287012054895, -1.1194932267750421, -0.6670129260269329, -0.2080780613381488, -0.6185632747608394, 1.201852004770613, -0.018554428217049893, -0.11210548251898401, -0.040814609942054124, 0.1133735825240416, 0.5509718608980452, 0.36351113895353615, 1.1027394745471715, 0.4228768187225885, -0.8970502250237682, -0.4173683034220159, 0.22391092166724588, -1.9153894003908294, -1.8881448751336078, -0.9256030210674427, -0.27809522301382184, -0.787473182398398, -0.2327780597941685, -0.2814835336993602, -1.8637289476030243, -0.06726756875413124, -1.7806187333883439, 1.4780730774956015, 1.0532933892716907, -0.5661298848123938, 0.0505704587152377, -0.47741213921460307, -0.19699733162178412, -1.371871670658368, -0.5374773062204284, 0.878904656692701, 0.7389599052870341, 0.9565340434316109]","[1.023780209677861, -0.7708905103701168, -0.24648264645890935, 0.24237756202766667, 0.1284070828465849, -0.3000748586206101, -0.566994145267989, -0.5138497565511908, -0.9388962172003317, 0.364559214869746, -0.2593816112244053, -0.9164027136977884, 1.8346294488946795, 0.18762633421555855, -0.394281844014216, 0.5189975585939008, 0.021574121853438624, 1.3709578256226684, 0.6424755804054437, -0.06493918365387721, -0.5222443551821714, 0.11303637309517552, -0.187540673076024, -0.4015286634868915, -0.5026480627136867, -1.3323082886296431, -0.3421807251333898, 0.10202901253346269, 2.236895983044752, -0.8872330491442588, 0.7824080640203246, -1.0274665705355839, -1.5469111554867576, -1.7370119021206412, -0.29480655522846255, -0.8246808338547946, -1.7345008252426803, -0.46597002652309283, -1.1693344653027562, -1.9598721792887053, -1.8862058099994443, -1.080800649310194, -0.5862958146680309, -1.1294832528000884, -1.1271300234072545, -1.0025594505985642, -0.5680126121590037, -1.298603715459433, -0.2136750293661061, 0.04347100286872528, -0.5309589076039569, -0.93777164316201, -0.8735462486997345, -0.7931104452008721, -0.8772122515323787, -1.5338980409999903, -1.0477622556823205, 0.8395890996198615, 0.10071071765816589, 0.4780127186679616, 0.5691604760770356, -0.11209849000700904, -0.7415434363143482, 0.1318781402238506, -0.7210213501527171, 0.0016498509330206046, -0.44327144469452534, -0.061360615273858984, -1.0468443201764916, 0.01690486337786431, -0.10057814878730661, 0.8247925170326409, 0.45946327990879754, 2.0945693270790167, 1.155188545378724, -0.24817522320108226, 1.4232653700707234, 1.7458802546066652, 0.9600336675549527, 1.4502206259207655, -0.17380151494859816, -0.33650562380351673, -1.3890908616388125, -0.35127303605440713, 1.505649206139955, 1.4469271158885448, 0.6666002160522813, 0.7229612135425274, -0.05713789723430872, 1.0957354325572777, 1.8012811945456728, -1.1024271226881897, 2.0755267223333917, 0.2269887602940364, 0.3061720701846272, -0.39404302291138615, -1.2313058337744565, -0.0004628445782499558, -0.6041007996133697, -1.3656165914392657, -0.16464171613403514, 0.03925164046346277, -0.18756597190802082, -0.22066577573894203, 0.7947731597889084, -0.395435643343716, -1.9546171606509049, -0.15794635404631072, -0.5107275121006866, 0.5542512237772621, -1.7522560386579615, 0.04573141076315854, -0.4164442699976073, -0.8148667866660865, -1.0347463030305346, 1.0831758196807464, -0.9134396494890221, 1.867089945832146, 1.43249046059255, 1.5386893814785756, 0.3844304361609714, 1.3193753284129432, 3.504539614132284, 1.0449506818088103, 0.25585027703537894, -0.04486500799702846, 0.39321846227836965, -0.8002124811629487, 1.2566830098276547, 0.8506062974843203, 0.8557484657273384, 0.28769549300020386, -1.2554672404881941, 1.8475724140309062, 0.1969401841420858, 2.210460561846901, 1.9155230298951078, 0.9621137261561192, -1.6424098257326887, 0.7400736962362198, 0.24962149887913412, 1.7119057538872728, 0.28550381756548776, 0.28513897289636164, -1.1199891671939055, 1.5895908071993847, -0.1999916421401909, -0.8899461177194928, -1.1193388134957052, -0.6701260787671722, -0.17511332826162543, -0.018994034741832175, 0.26333686493576913, 0.6729341707594272, -1.6885731642725992, 0.753015024524, 0.5610269720003245, 0.30498826315614197, 1.9705816218410028, 1.075208219105636, -0.18564632126971803, -1.1001503483896327, -1.0204050372194056, -1.1730289208258862, -0.42338249080844576, 0.3602162532976119, 1.6145162245186298, -0.8968025656704006, 0.3838339037234753, -1.743726363232779, -0.8909516345834133, 0.3224249978030749, 0.6912887535899087, -0.5448710742157536, -0.00041160226656964863, 0.7812145902122593, -0.6702321071869265, 0.7615844182416409, -0.19852562589777906, -0.928740755536629, 1.081312993767304, 0.0907761601991062, 0.5937769565890809, 0.36188013718278594, -0.9765762559595565, -1.1265837974600117, 0.2845263080538442, -0.11854960801768652, 1.1322108332691594, -0.40668831673782235, 1.1200787527575364, 0.796248669834001, 0.5942041399898678, -0.5136856297855303, -0.5452696719537694, -0.5869399161052844, -0.11323900473163397, -0.14746807238971824, -0.17210116532249756, 0.5636101593282989, -0.49512493097826793, -0.26770990545412016, -1.057074456264236, -0.917668625711851, -0.59325547365753, -1.3198514090381053, -0.7744248252311918, -0.43641629530236664, -0.7325553423494698, 0.2939206221149591, -0.19832022494510113, 1.3114382047253121, -0.21052979082623646, -0.30093661336680827, 0.28513923702332594, -1.0122359538207755, 0.2817593324647421, 2.0306079780363135, 1.0818040399273627, 1.2071617662215846, 0.7906139483518252, 0.570902631178196, -0.4353660358042503, 0.6137596728212418, -0.4610362846447112, -0.603216676254721, 0.32128385877198157, -0.06724160940609289, -0.7519859588078295, -1.3157336515600697, -1.0689409913031624, -0.417083740628149, -1.0077146894372413, -1.066894695514546, -0.45172696578465643, -0.7257460749717904, -0.6677689111123937, 0.38507880575739495, 0.07546275950464415, -1.9608228915673513, -2.0932415120607653, -0.5694237828042175, 0.36319756577477574, -0.34597424543125926, 0.04950343888468912, -1.7253745984675237, -2.333989317332976, -1.7776568792560845, -2.4539117605839116, -1.0754584347404523, -1.5706434397977074, -1.7296423159622754, -1.5122772895325345, -1.7452488056883075, -2.172528480506357, -2.586815674709543, 1.0008922625528323, -1.5227410396072278, -0.6127742346415452, -1.0502699617378621, -1.2111022442464208, -0.9760558420814264, -2.011201085268746, -1.1260556960486814, -0.6479003317582903, -1.0480929607728524, 0.7306922361003174, 0.2792444859788481, -2.2333985193148664, -0.7793636034805648, -0.1374453209926525, 1.3611143575564884, 2.128265128407912, 1.4295989030527918, 2.335339433310176, 1.3777679605813238, 1.0763600799548907, 1.2295843388353656, 0.5675860388225887, 1.1121257922056829, 0.35040084247052616, -1.401675712831201, -0.7444879076851331, -0.7433550568772077, -1.0913977905753263, -0.29619790338798935, 0.8480145359650153, 1.0528102235098418, 0.13471198960087336, 0.22654998892267716, 0.646630208407497, -1.128687391143272, 1.214251382853346, 1.6460074131024964, 0.3277556816074899, 1.0190840239800432, -0.6199292899099873, 1.4771917693376708, 1.5940152412947148, 0.0385683997703923, 1.006478202140981, 0.4640777034844475, 0.45587270421202986, 0.06896709132015146, 0.08466669691841755, 0.4987504130004583, 0.709860794591786, 0.6747734970183673, 0.2745181561955897, 0.8792137032450894, 0.13168935043417715, -0.8624058280045197, 0.03416020604910427, -0.3620061307133473, 0.7954272866307655, 0.40431591188492483, 0.06800255755390301, 0.4373853791937535, -0.25732759473223765, 0.0052726317770455345, -0.7707264525459273, 0.5089888139271299, -0.35489728509012186, -0.9572634640586706, 0.2130344832431926, 1.4726902415851353, 1.6590847877795651, 1.370722910145769, -0.28167932705788223, 1.5292046759184368, 0.6554226520192651, 0.37723933147709826, 0.4198591841894812, 1.2000573762369422, -0.2901703513381127, 1.7949921998615896, 0.5509880064890106, 0.7997232355264721, -0.17976835375232383, 1.0927418509894982, 1.0418015469978619, 0.5045881052568135, 0.7339303889862853, 1.9699681303614658, 1.1825053825108818, 0.12304760788389768, 2.9822795171212033, 0.3304100807604594, 1.3010440165008166, 1.336474611863404, 1.0002061655645895, 0.5952420288841126, 1.0870798325872975, 0.3737963980476932, 0.6980994781049369, 1.3963186719375247, 1.0630334408605004, -0.16706491132470877, 0.6487482030028645, 0.5923941271050376, 0.35761285009692295, -0.061117096359293695, 0.03524945325719988, 0.47824435578808183, 0.7025932195777964, -0.5584563767313111, 1.2199546178823661, 0.9279416836616716, 0.4614374552747275, 1.2781799011102795, 0.7465712791557919, -0.041490822713097966, -0.15645742393274298, 0.36049616257935074, 0.9657225379022566, -0.21299404684161516, 0.19844976062251818, -0.17244379415224403, -1.0663933841048892, -1.2188448759334691, 0.09018794119389487]","['v50', 'area5', 'v40', 'v83', 'v100', 'v56', 'v38', 'v86', 'v12', 'v49']","[np.float64(42.49507115432456), np.float64(21.453690048172767), np.float64(14.718719657140928), np.float64(12.829869827934992), np.float64(4.549164206769013), np.float64(5.125639061576963), np.float64(5.123179753594746), np.float64(3.5415075497495567), np.float64(18.341021392924446), np.float64(20.588664948879785)]",3.036686289306926,3.176592580450201,3.123903999591721,1.2362580571697845,1.1533453122230461,0.8595173083959,0.9339144547811845,4.288715669774325,4.288715669774326,4.3488429058906455,1.5252853910677175,1.3756604323572579,1.0859626462545773,1.1124395558555935,0.9379899392572337,0.9620963863546143,0.9763502234117185,0.1131881397185784,0.0781200680784887,0.05868811972050213,0.015849367982735063,2.2559879642894587,2.6917644543379082,2.561695561828351,1.1480303411934267,0.9642298079052302,0.7924835386556204,0.8694799373211519,1.7779184568935396,1.56218017164253,1.6127852207213413,0.8778213333863587,1.0285776146143932,0.6492068545718689,0.5998537956331669,0.9995682782899546,1.126567569325857,1.0042790640351142,0.2582355819100532,0.2258576181271363,0.26074266767898896,0.2192978645845265,False
f682_c,m1084,"['72', '73', '74', '75', '76', '77']","['595', '596', '597', '598', '599', '600', '601', '602', '603', '604']",f682,m1084,False,2,forward_no_out_standard_k10_lda_nc2_sex_on,forward,lda,,standard,10,2,49,6,10,True,0.9823946952819824,0.01760532148182392,0.08153398334980011,0.9184660911560059,0.5381627678871155,0.4618373215198517,-2.997024127340937,-0.8208603978381236,2.6300594039817895,-0.552560025450824,-0.02183320019887725,0.02742982320613361,"[-2.6686691073016324, -3.6059697886706243, -2.360441804174136, -2.8273321449780817, -2.805270307568333, -3.7144616113528146]","[-0.1863632786657969, -1.5286879079936804, -0.2946986301452895, 0.05090944145326408, -0.8445116637634932, -2.1218103479137453]","[3.3111879654558516, 2.2014531031846323, 3.220718801200507, 2.2936989886314993, 1.270350675713716, 2.866643349903918, 2.2928346184414683, 3.4275247587704896, 2.1049938130599615, 3.3111879654558516]","[-0.5074817307352498, -0.2514177678734575, -0.15699860088256856, -1.088318903856873, -0.4425553216812186, -1.4639592669558537, -0.6605985419737812, 0.3905716573155952, -0.8373600471295843, -0.5074817307352498]","[1.3262344128880532, -1.409588146658832, 1.2244421961518739, -0.5436547104889919, 0.0816708624970249, 0.2514963407023505, 0.31423158173018056, -0.5307693231943633, -0.513062568093508, 0.8404994202664853, -0.229833650537525, 0.05228765386987037, -0.8008913941816729, 1.1908202726113892, 0.6518497797983954, -1.811679139633793, -1.0718016991289094, 1.0269420856400728, -0.08681270637333663, -0.6137201743274833, -1.3232120613178162, -0.6229335100497616, -0.880426806463359, -0.06479201366260919, -0.21690458376732624, 0.27524124342724066, -1.0235173849108217, -0.13335381525814266, 0.12734196695784133, 0.6340950312112388, -0.4756680317793016, -0.9972246822544631, -0.20322287271640285, 1.095867108767581, -1.7927382265964824, -0.4295076775803815, -1.0133982730426758, -1.211645553231621, -0.9328857935291746, -0.7144509183500424, -0.8426687545646306, 0.12533727236481504, 0.6080323121786811, -0.9755013038051236, -1.0961077509205157, -0.881809560539479, -0.7205762788326919, 0.3815520711216807, 0.054388274768099196, 0.7795739148833544, 0.543017775710742, -0.45355759628083697, -0.6590463379768261, -0.9835263853588555, -1.1691558225485772, -0.03968600874308551, -0.8814545287108373, 0.253025082360401, -1.2773620328646562, 0.6763499948936329, -1.2403329862144847, -2.1907875599637108, -0.9850085508952849, -0.09291189760711216, -1.1309629961136294, -0.812901230909658, -2.3636439859768483, 0.43273583379656516, -0.8555489879274442, -1.0003364586545016, 0.1393641629669188, -2.577676645938876, -0.4724966314726768, -1.7532673330263475, 0.45496082713945424, 0.3203454270717091, 0.44776717215091455, 1.4716263142102641, 0.472940557272202, 0.07316286971015853, 0.6246276185099499, 0.7282110691594524, -0.033799860711011584, 0.1183479515113856, 0.6387968558532738, 0.18679402492220087, 0.8383579355903626, 0.05616968624118429, -0.14223809506138876, 0.5651085240073248, 0.9741990687212382, 1.0913674317469817, -0.553030677721438, 0.03916094117187114, -0.6381027895173844, -0.36255410209177064, 0.8326070089034234, 0.20809598830265216, 0.1374888137607976, 0.4707181344386682, 0.12330243647398313, -0.030325876933062497, -1.558484755463069, 0.6669287981318626, -0.20457959508418824, -0.8677768794764784, -0.344399322048582, -1.9785882864444857, -1.5248815921437224, 0.9631554944920169, 0.8867736792082019, -0.5521737967532999, -0.7440951879241748, -0.07159122475323164, -1.2007825554888176, -1.1171670961918572, -1.1173577920485434, -1.0514123528427177, 1.2495563370352625, -0.2594499549848028, -0.34704780607875557, -0.021654866118629795, -0.7736891853715251, -1.941179795706596, -0.08868497259235515, -0.31414960417742815, -0.18839335477793506, -0.3557833230134576, -0.6082578519852504, -0.4135991916781292, 0.8444188715455672, 0.24004072461852977, 1.7466841601820973, -1.3491665139862798, 1.025820868131546, -0.5548623602643661, -0.1642157069015067, 0.9673012190964589, 0.5804536465730574, -0.11937194708510984, -0.6544086807888699, -0.7729274388416926, -0.5180182022754792, 0.02790495732167579, -0.8296991348253439, 1.4079269958078726, -0.4210565995116909, -0.09442198012442103, 0.32185022800612023, 0.0807791943936406, -0.23247137937258186, 0.4275189325132898, 1.220577129657585, -0.6956345943538319, 0.9461531773289661, -0.7437933102765848, -0.8023671902725933, 1.0075113915044778, -0.5245197180382657, -1.699039398628147, -0.5732151280922385, -1.3493363643740588, -0.5311905041030524, -0.47549067433369485, -0.83448832900768, -2.8026048491127833, -0.9249313447644101, -0.03715824108541589, -0.5955961616532144, 0.1991019276071949, -0.774492845268113, -0.532760971884109, -0.3057642907142082, -0.4203226921414339, -0.6472417954401961, 1.0354837321646964, -0.9155455228564393, -1.2720093822389233, 0.3425613342063628, 0.889608231844949, 0.6260345817140908, -0.40537895044223415, -0.33518587420801, 0.2832126212316164, 1.0082441129899042, -0.7669899913035592, -1.0160554009171714, 0.0558442012586524, -1.9695853301138053, 0.06857224145522872, 0.46432914837669204, 1.6113716174896873, -0.22417134190031254, 2.2654260431031026, 2.1609251382726344, 1.5740195456060244, 1.4804392496780923, 1.8217245536440037, 2.5169820450358973, 2.174236250861424, 2.606086430712031, 2.730271943353746, 2.169466392946731, 2.1546755233323576, 1.9884519957705538, 2.2619081223893733, 2.877480887583742, 1.2591891662487806, 2.7610574806952255, 1.821223235167432, 1.9829734802011394, 1.5459061016199067, 1.1272533951869042, 0.457670852458306, 0.40822006956411333, -0.37279049476547743, 0.4346855786510974, -0.318159540101013, 0.3422727167049273, 0.5389684857086295, 0.48440502392934287, 0.7628925799324279, 0.23747000552220118, -0.045004268944028834, 0.07108506854302754, 0.3076225656024174, 0.1910613365978476, 1.6645929227986944, -0.4555476862696318, 0.5273355962893451, -0.4765442978099746, 0.9684162343092999, 0.9494602372185214, 0.7721378327743493, -0.3237781233135038, -1.1620935421001237, 0.7019932029092183, 0.7115833801787033, 0.7287904956128318, 1.2604357005658644, 1.1330361511326104, 0.2371341831121125, -0.4698261604249694, 0.4366939631289862, 0.8820627134483777, 1.2198644691401972, 0.059395692847423145, -1.2419471546396734, 0.6010292087013218, 1.0899963284716079, 0.11680870744445504, 1.1370949338541319, 0.913903369886314, -0.403944171554586, -0.46348651406345054, 0.7363704697092477, 0.10562904841113681, -0.2586408186751918, 0.11900309306443142, -0.635107260141079, -0.6352946814196373, -0.9787127834327073, 0.661992081719421, 0.36225228923698544, -1.2046189831053098, -0.8644433733633808, -0.12842490660160658, -0.7197057554088323, -0.08592068210790942, -0.30496949774946575, 0.03780430950128727, -1.068443215348429, -1.2055163728540237, -0.12499500818958989, -0.797075381212929, -1.7022993684695888, -0.7085591095204515, 0.6315753821210547, -0.6521268991062236, 1.4921332120069661, -0.09859320471478818, 1.0821973418980741, -1.1429584417195797, -0.23717030047523693, 0.5843614790883278, 0.9988415910444566, -0.2008573597522912, -0.568325127749232, 0.6861331736075504, -0.032197343188106436, 0.597690716533388, 1.3402599621385345, -0.09134812797529063, -0.6549958766575321, 0.07863868650102576, 0.4556741892961369, -0.5930674472886628, 1.1222221988281647, 1.0087631272051185, 0.3314390366542553, -1.9905347789603922, 1.3211512509317036, 1.8417274769487355, 0.4424040320476972, 0.5099522642233052, 1.6884286821222876, 0.10540135509058576, -0.40214674444543286, 1.6412078070624176, 0.7765434259672701, 0.35664403880967555, -0.30382528713334434, -0.1957630290628807, -0.4471955021758717, 0.06303690875217746, 0.46733747008420384, 0.6429300524917907, -0.44053269134580547, -1.5045036171220731, 0.11150980021227301, -0.0050035763308969436, 0.2084387817937613, 0.4731793284354982, 2.4634139089085636, 1.167782119316024, -0.22671306672215752, -0.004977312685414482, 0.27284697286285425, 1.3036836393118139, 0.4467442074938478, 1.390805091355486, -0.557762834658423, 0.4377700238175951, -0.32907366335717225, 1.6498676048640037, -0.7035767785762778, -0.8004214880760723, 1.1254849169115375, 1.8020285470163113, -0.6346649323580661, -0.7273302930336153, 0.42241689688102785, 1.0270184324420109, -0.8492100279669733, -1.6061916482686949, -0.6468004633084138, -2.433239944633023, -1.5783716497009934, -0.8380151144895616, 0.6753652553900086, -1.3230038201103047, -1.4938744716972783, -1.6784613485425448, -0.2048696046824812, 0.11512367270057264, 0.741644283962842, 0.8466356488871165, -1.4913596890616636, -1.0949063752021437, 0.03941297913522255, -1.8554241069599686, -1.7827006450690746, -1.2321146527653601, -1.4954499867089026, -1.3356640508015631, -0.4791344488017078, -1.7257269653630813, -3.2199240642869236, -0.8483048854528522, -1.710383467810818, -0.2537891275487723, 0.2632831653671742, -0.8662373368206308, 0.32962664502179606, -0.040028017837232435, 0.2875142895485531, -0.3544775786544683, -0.5671829469449012, -0.10232840002830224, 0.43987512473694396, 0.7696787274259013]","[-0.3675861437131892, 0.2544363680577184, 1.8247684362575105, -0.9791946379983826, -1.9558338685950902, -1.6769038852908134, -0.7238949706183778, -2.1559841110548708, -0.588709193002463, 0.6001125808911634, -1.3354600804597487, -0.40679322315416194, -0.10502006216622134, 0.5360312105798203, -1.3928828518826653, 0.6248086814373032, -1.1706377592555042, 1.725144259189385, -0.04477975974196395, -0.10883622359779851, -0.3314252500134474, 0.46514181782036756, -0.5168743549035792, -0.6573916691753303, 0.4288887996027881, -0.3810247857596765, -1.8543068353764065, -0.8868938990433552, -0.32487608188356626, -1.0954596302265613, -0.10352864345811658, 0.8322421185285966, 0.9029233855044948, 1.205088508051072, 1.5966444276748923, 1.3606168582352283, 0.23938337123792144, 0.9322368888240966, 0.29571297307872796, 1.5528690568490746, -0.0072133590246255186, 0.505685415561114, 1.7272231879861608, -0.09171463524009886, -0.07728104917280722, 2.1751947219438468, 1.4753506225218156, 1.0268583413401153, 0.7447774805961159, 1.7786909009103034, 1.4957135243955224, 1.2594591593058737, -0.3814452368010307, 0.5426408789055074, 0.7550798681808147, 0.6622852410485245, 1.2932668179179576, -0.4139145405511217, -1.7564723089008056, 2.129389190197778, 0.08895261115244414, 0.10750028620811627, -0.8087159933384431, 0.22279750160582598, -1.0742929708887936, -1.3162238987403374, -0.37886763007323654, -0.6614882342284101, -1.0415784299281918, -1.496569379693424, 0.23562024173849094, -0.04449141448737187, 0.27139419639910245, -1.6539875236884114, -0.315610843537392, -1.6452614034850268, -0.2917652712242426, -0.009480826589032139, -1.4704620143221943, -1.845952082711194, 1.4030192723616524, 1.3467766783558066, 0.840912087175763, -0.3732704801883538, -0.9335480097599814, 0.5042167779936483, -0.5453682176432907, -0.6400033033614886, -0.09175448814375717, -0.33533997709215085, -0.918421767478214, -1.1484483287851568, -1.279618153036497, 0.8680453591232237, -2.8445268128040753, 0.3709812751261631, 1.3418330024907985, 1.3523429274925352, -0.15819249409602837, -1.2433045126525666, -1.0122074160271035, -0.6051778905697551, -0.5230288130487173, -0.4827082093608879, 0.46780930407159366, 1.4971875624629754, -1.9730161630566194, -0.842661730769205, -1.5377018270037932, 0.6462394149976046, -0.7317345259316478, -0.1827186190553505, -1.25254782380604, -0.12650090196352776, -0.8507108512779319, 0.18737780666662385, 1.3342119860362898, 0.27292651802846635, 1.1692314628305223, -2.365770060085775, -1.4307196854995274, 0.8105289640483294, 0.9824616769919481, -0.8831668319353073, -0.7993537205369996, 0.6910265462104126, -1.868500516808932, -0.05454552659959271, 0.5358094682538164, 1.4356817640490929, 0.07746362884338913, 0.9287689275260411, -0.21356354023794008, -1.173069308228203, 0.5091156115451764, -0.37508082820224753, -0.40402717989993164, -0.389394900174173, 0.6674649684376991, -1.1850309343362526, -0.33707402463501096, 1.1399856758304594, -0.10230550676374614, -0.6036599287217809, 0.23638495999835926, 1.8857164980781436, 0.5739929558828913, 0.26390911380457077, -0.10904171706965284, 0.5554805226043611, 0.8863641903289118, 0.2639395135150101, 1.7946791336296386, 0.949157004412587, 0.34463716719986426, 0.7624549206817334, -1.7071846819353316, 0.08873903943486401, 0.7634863752450605, -0.6609614307162163, 0.8228362212946362, 0.40828942514923017, 0.3322893299329461, 0.09072795052854926, 2.816258474053919, -0.1611394480534044, 1.710201729554978, 0.765745404280929, 0.7592983975253108, 0.3066197600115213, 1.8689259877946387, 2.109297039360973, 1.714753118367877, 0.037617373244125174, 0.9581263432290683, 0.7543667928706552, 0.42566906956919104, 1.2123664140353008, -0.5338099069621891, -0.1250605257995609, 1.2071688031850896, -0.20770528102755031, -0.6643108915303965, 0.023502729141203514, 1.4128733609248991, -0.864584537191215, 0.09600518411968033, 0.7887708788642603, 0.7030562024625389, 1.0583330920377738, 0.8135626504741829, 1.4828128429329412, 0.8674572767927948, -0.8572057148175602, -1.7189596702374568, -1.5066629743050477, -1.3996283456343532, -0.6095556119917913, -1.6797974784519845, -0.6663052598278089, -0.05955531694682749, -0.14947909036719173, -0.07893186113157305, -0.5916918076423917, -1.5652428963003744, -0.7665108883559268, -0.5125345644796332, -0.655931557463399, -1.827984315511923, -0.03949806017098754, -1.3940553461743548, -0.25445950665090605, 1.0588673654885663, -0.23491677291363902, -1.3465506834611252, -0.2715959352631356, -0.7722635717226289, 0.24448302304368652, 0.2507979854942914, 1.064179642275358, -1.3380769475552374, -0.05481025928076076, -1.2818080529931248, 1.4418054532740412, -0.4503207378920423, -1.2734321448117831, -0.5219851575583612, -0.31449758021028057, 0.49363826073724576, -0.08630981011711582, 0.41433581484736137, 1.0569949492731436, 0.5128780457481862, 0.03715766316745516, 0.16170467562636848, -0.9043268011157846, 0.9583588271190898, 0.8712833230075765, 2.0889130271944687, 0.41492338047954175, -0.2641527340001319, 0.6196501970736401, 0.09206124789682248, -0.39038146540991364, 1.4836801538480813, -0.05036449248531374, 2.2006087852936163, 0.0912267050751764, 0.438307579125206, 1.0692942937289085, 0.9209148809985277, -0.04472665260693775, 0.4634608548512144, -0.05784100804906999, 0.5459578548925835, 1.3361811696889505, -0.5996969338982325, -1.5576023343740448, 0.923391711897428, -0.3971896075894551, 0.7266586125022036, -0.2520867962053502, -0.21345296821613277, 0.5407212518487047, -1.4848209782672748, -0.573608366425665, 0.22325435483459244, 0.19743011933985058, 0.16565073395828844, 0.842792809662203, 1.022733742514462, 1.3760025690516644, 1.867251473682967, 0.21884338263476635, 1.4895359817150595, 0.4386103161789725, 0.5163225283059361, 1.3497540046435534, 1.5057472728708938, 1.908334974591869, -1.0066799691112083, -0.9980441681652673, -0.8336513286025559, 0.7549421165693923, -0.6977883753322128, 0.2477414289607281, -1.0810269980871123, -0.7616126650293105, -0.9914639379477099, 0.25633208053289647, -0.5618361894224663, -0.1671294904851085, 0.7549675943814967, -0.03369425966032737, 0.2548680206412922, -0.8428906717538833, 1.061001577043998, -0.4329784076503793, 1.5530197118357245, -0.5436576415420104, -0.745300682056269, 0.24321385855443772, -1.1205848370483444, -0.5310733388256148, 0.2773071739195528, -0.7111477321341908, -1.348640205028563, 1.0994339231460932, -0.4934375078494002, -0.8695177095286368, -0.5162082566740667, 0.3188556710546363, 2.097166695605752, 0.307909110998734, -0.16057011194147264, 0.667225477583712, 0.18927109376429457, 2.0305121681937526, -0.6666279561502538, 0.06280416654285989, 0.4799568638193319, -0.42821290410339286, 0.02609965274374592, 2.0453576963233773, 0.395379096982167, 0.3631200071223575, -1.0896670310870582, 0.263834125778508, -0.4668907354732655, 1.5385648681059507, 0.11059920146342005, -0.2544217333914863, 0.10151125128598079, -1.7969735516764616, -0.4378472685423184, -0.9648202881088944, -2.3372760612850696, -0.008693981979229689, -0.5973795755266008, -1.6760322584240062, 1.4466040932014537, 0.09009922946156845, -0.42215688205763807, 1.8913266234543866, -0.2393544059039309, 1.1346551898133679, 0.9619979708348427, 1.6112565901842042, 0.18560005573609237, 0.6088440658600868, 0.8994261881942036, 1.7326264712370976, 1.905529663105869, 0.14980392635766113, -0.3335446568568553, 1.4019446453472866, 1.1967535973682142, -1.4655814614778633, -0.5544140512389365, 1.4738110330563585, -1.309200344623675, -1.5625105305747156, -0.882856410430822, -0.025539939483530727, -0.7749377323927082, -0.5883603127750875, -0.3521742275137176, -0.5534432155086388, 0.21921722580176087, -1.1788838302231839, 1.1339332116489393, -1.2020929134398801, -0.9832751311704491, -0.36578579761358465, -0.6866645283664505, -0.2810629012207249, -1.4732434791142845, -0.6832145839638263, -1.8508788182250997, -1.5766258136386933, -0.5215365616210028]","['v51', 'v66', 'v44', 'v39', 'v4', 'area3', 'v7', 'v114', 'v8', 'v107']","[np.float64(62.97297467203035), np.float64(11.634154135890395), np.float64(10.365839917083708), np.float64(15.173734554559541), np.float64(8.196273401209488), np.float64(7.501931306865618), np.float64(5.4440905903134915), np.float64(19.38262685345968), np.float64(52.119440670987046), np.float64(23.78104499340368)]",5.633476205533011,5.701523027334121,5.858926514221962,1.2443064034310178,1.0531936157261887,1.1175629985483395,1.0547365512348819,5.895383903710027,6.39374203510518,6.3681917861637745,1.669629919056468,1.4848757253324782,1.412379078480207,1.388248756670226,1.8895587441239292,1.8672217409824947,1.9008813340554298,0.04241673808807574,0.02555987920299152,0.034651809154286804,0.02443353119199887,5.627083531322727,5.627083531322726,5.749465082337606,1.0593081355207,0.8954211052167572,1.0138919717040848,1.0174889768243522,1.1953519605779541,1.5625232870490697,1.5460837651675106,0.7904987866170893,0.9320524396098202,0.6597564981420861,0.5455145715119654,3.387401871973152,3.8401777516036364,3.445422544948749,0.21042108670785548,0.16903476846021775,0.2297989318335036,0.2177772447595081,False
f832_a,f832_b,"['109', '110', '111', '112', '113', '114']","['115', '116', '117', '118', '119', '120']",f832,f832,True,2,forward_no_out_standard_k10_lda_nc2_sex_on,forward,lda,,standard,10,2,50,6,6,True,0.9847309589385986,0.015269010327756405,0.9901077151298523,0.00989234447479248,0.5381627678871155,0.4618373215198517,-2.129278731921327,0.7439577390222265,-2.8551416290697897,-0.5598819916578196,0.07849480883450571,-0.002898830667156311,"[-2.464584935681227, -2.9095140180469903, -2.3633563661685426, -1.261372040889284, -1.9127376175312618, -1.864107413210655]","[0.8762864133125651, 1.9083229980317657, 0.7719101308493419, -0.3085941164516058, 0.07629301504394607, 1.1395279933473461]","[-2.5762182412418175, -3.0489586323245654, -2.786672379085671, -2.6944954374503673, -3.383214276735594, -2.6412908075807233]","[-0.6026404378128014, -0.7184743123729702, -0.15331133727867363, -1.384426319682414, -0.20029724600190835, -0.30014229679815013]","[2.217378899927984, 1.1470754681753426, 2.3498969097619247, -0.9438082993120914, -0.8230494902872364, -0.004216007812213398, 0.40529315542762295, -1.0603907123778284, -0.7310234650226769, -0.13392704403020356, -0.1688569055227498, 0.693025712984131, 0.8894153321610949, 2.4183346788136904, -0.09173838213097894, -1.4066728409202398, -0.6848269029027739, 1.8377667666817301, -0.8801683136107057, -2.0036977239856597, -2.0578192417811474, -0.3336479014272763, 0.5727496054884913, -1.3668631268011409, -1.1008503080822614, 0.13604825574761203, -0.9105543738541091, -0.49742851244615605, 0.36641713909461165, -0.6073638398606592, -0.41629916542452333, 0.5505528683275991, 0.05741904210482736, 1.7157957011441267, -0.6327665157216475, 0.593332618728878, 0.28917131651122535, -0.5565496820604693, 0.36542674700114813, -0.6557814751585165, 0.0815684834642462, -0.23840946974472157, 0.9809911367000786, -0.02421535023660475, 0.8036093163473208, -0.5606199773637527, 0.2824263209963456, 1.0071764607057139, 0.5039096298153217, 0.08232189844595018, 0.8677836446342702, 0.042532709737081335, 0.1628852778371204, 0.3616422111089036, -0.03184078734045029, 0.9438378754309075, -0.6267700850194546, -0.025204774026796148, -1.3835777010555212, 0.10429232635664601, -0.5045496196828874, -1.6615858244612172, -0.08438406263918632, -0.5738934032143441, -0.5083439823385785, -1.0203804949742703, -2.421924186290344, 0.2336334386848601, -0.29682117691026155, -1.2645131417103221, 0.4518929983692956, -1.2785906662161683, -0.6824572940277487, 0.5494717192039376, 1.0869402334387108, 0.7789949066926275, 0.5763991183762149, 2.194204243393639, 1.2796715528604548, 0.40880983969244084, 1.3403381248914683, 2.153652833389762, 0.34047403381929364, 1.3044707991362008, 0.28325504502156645, 0.6659485998828202, 1.4042194566607815, 0.6010441481730667, 0.44015571557390254, 1.2321919859866364, 1.716168062482323, 1.1154736885097092, 0.5908780273797004, 0.21626625705857627, -0.4290840747075772, 0.6396595142293132, 0.4630765006240064, 0.09467210909891094, 1.2937050220093693, 0.1641294104060056, -0.605096099554248, 0.329839397504944, -0.47528036536692436, 0.645919759049772, -0.011731172480287412, 0.1780604751602551, 0.8646621332477903, -0.7879461324764657, -0.41780930809075784, 1.0139561364256393, 0.5071040688228472, 0.05643367655421329, 0.2811719118000413, -0.5649844881460986, -0.005950697536580657, -0.053837328622846674, -0.18034296355325338, -1.6650530611171137, -0.8506760780693546, -1.9370393682181881, -1.075709632476555, -0.26306462834297817, -1.5999351163742028, -2.3488677650093686, -1.286814603608324, -1.1315986966770597, 0.34046720381857015, -0.38936613604812137, -1.5997314480126603, -1.4643774007774928, -0.6438447538893385, -0.8076688416937957, 1.3421069964380958, -0.5429571940385675, 1.0088526216000775, 0.3708358716103266, 0.313579536170946, 2.447347811938037, -0.07530177425248992, 1.241587786544782, -0.11218354996120125, 0.15080474984156333, 0.6251538251402815, 2.066754667611291, -0.38409167825011375, -0.1880345078765048, -0.6268725330357829, 0.713556205291976, 0.7338082368918526, 0.1828412381998923, -0.1291828259356918, 0.4408059781628971, -0.020354029467040777, 0.6563589738401332, -0.05979299482202116, -1.3075346765204343, -1.2929378511065939, -0.4023838469590752, -0.22373887019664987, -0.47683198891186324, -1.4315358393511315, -0.761421472098654, -0.3275474438344464, -0.15511551399784557, -0.3026680223264832, -1.332024900627644, -0.6465742361142168, 0.10530806638596973, 0.21631426194025358, -0.4042870062830796, -1.196908736250018, -0.3565954806240271, -0.19502565378987544, 0.49852359075405506, -0.4111566740709824, 0.36961535379210353, -0.6441176847364841, -0.7839088779625917, -0.035790462380487505, 0.18063103377790407, -0.06988831138551349, -0.11911094098888383, -1.1853154036950457, -0.4948700899746827, 0.31746369461654933, -0.6377931028849455, 0.0600766788957717, -0.5840584198119296, -1.8894635905307977, -0.14696688787024242, 0.2847894372263275, 0.16076247275603442, -0.8178395748279792, 1.4208208182663116, 1.9161443973827361, 1.1382433774111405, 1.5500830908774978, 1.0696783865136872, 1.5190217240944324, 0.5667203877189552, 1.3910414442519925, 1.2101227551665734, 0.8491010135662851, 1.8875948519191443, 1.3236511481682227, 1.0467275202650563, 1.9062926661938873, 1.8278053581937468, 1.6075573966923808, 0.25708293323837633, 1.4705835494628365, 0.6216885750088246, 0.8357081286812004, -0.08045095307602682, -0.7167356638281364, 0.366834765056089, 1.0784739740250715, 0.8608702406217579, 0.45185707798885966, 0.3915782666037036, 0.02223739585935538, 2.142654232171886, 0.49803324073689526, 0.5046960951153451, 1.3092519004208862, 0.6905742631654256, 1.0405287104658436, 0.4746726628015431, -1.0960756492269312, -0.07537628704045309, -0.9122055521720235, -0.3519328455628747, 0.0037499414779807757, 0.1059217388096972, -0.8113606349397444, -0.3292473655428917, 1.0680134625100235, 1.4496172009012915, 0.8349786803514424, 0.8870966773554808, 1.7158542069815697, 1.8649837358560801, 1.7472896613713662, 1.1836782222980367, 1.718516710789581, 0.7219555927552618, 0.03419318205756152, 0.15927431549210322, -0.05657163113558026, 0.005239495247346323, -0.8659917247906682, -0.14370958882750492, 1.150277745496974, 0.16571524600583262, 1.1650726670317246, 1.384672278977015, 0.26297389908398283, 0.4555255120191541, 1.3838012240889468, 0.3445626290254273, 0.5697308148031692, 0.14185143791933896, 0.8636467620403024, 0.6948596724185976, -0.1433792442517938, -0.114768519196167, 0.12994079486323978, -0.9339637787722971, 1.2861716801008973, 0.787353927788098, 0.636217525125387, -1.3400871943848982, -1.6414945534392162, -1.647411277139066, -1.7269476616736583, -2.302540062726197, -0.9764100232247138, -0.535337303211132, 0.6791380791631338, -0.09920332163482279, 0.7916774600502205, 0.18073253118630828, 0.8881648760882828, 0.06021765746773067, 1.1864416627037273, 2.0514295908886333, 0.777387030196821, 0.29381982173348475, -0.40587782551078405, 0.5044776056666777, 0.2195974197960594, 0.3859976119547056, 0.10251932673924663, -0.26243112224565296, 0.5254619797335506, -1.1320212678098944, -0.5154320912293999, 0.5163927986004487, 0.8842105167430252, 0.1728134835412985, -0.6823360982271092, 2.34705210046488, 0.5190519938817822, 0.17121479049887867, 0.9098527584231866, 1.027087899284936, 0.9787215362428887, 0.15011404254602934, 1.2788565901731774, -0.19771241418549002, 1.0407993287878081, -0.1030662046041742, -0.6220597205120443, -0.0917094810993978, -0.9345312085738231, -0.47330211389600746, 0.15681516270666154, 0.10273363984599672, -0.5568832332851144, 0.02787817537912851, -0.6873449885482563, -0.610937913161045, -0.5830643504073451, 1.565262778823987, 0.5904663681538953, -0.6658897669799908, 0.8035124353515817, 1.5187323133197133, 1.2172769683939888, 0.7995110273507662, 0.8695132306298018, -1.4022563715695888, -0.07123294605551324, -0.2609989904209895, 0.5744316046995682, -0.372920361068297, 0.21254962513637907, 0.3669758764287788, 1.8326649524319802, 0.2502519469373408, 0.7733769113889258, 0.1487727354860792, 0.737774670421948, -0.11055871083823136, -1.3358359737346823, 0.1652993909508501, -0.5731255447450062, 0.7787690451187781, 0.46953001747990564, 1.1985366417067973, -0.6378598736043682, -3.0390247334430387, -0.6156891289564276, -0.6512765517455216, -1.119952744362872, 1.8916940965084468, 1.3535539302317465, -1.4877853382928123, -2.441184010426264, 0.731527323293386, -1.7023156450480061, -2.12962026458559, -1.79155728621858, -1.5383235010244996, -2.4061468138609214, -0.8015821710145211, -2.4441711124938137, -3.692537660008502, -1.412265626635206, -2.1897565113918747, 1.0206111919384508, 1.1091319873874508, 0.027399124504408994, -0.8371245185113724, -0.5352457886923374, -0.13939068673836932, -0.6803045299290728, -0.3143177359048004, -1.0453128539346337, 0.8863281837357891, -0.4137777603048229]","[0.5744254236396474, -1.3218808082475098, -1.1160054230807661, -0.8239164805383424, 1.0051250407017436, 0.9596869377171701, 1.0721929129769632, 0.7772794314718653, -0.21893977685244792, 1.0334181540349332, 0.5127607471668377, -0.7854230294926297, 0.5713884523672014, 1.2514573567782143, 1.2348202108267838, -1.201745682889363, -0.018867302456640637, -0.026887350849197876, 0.41021747539858394, -0.778246681324147, -0.24459216066081063, -0.21460954926159562, -0.5736182004496904, -0.19495529698414849, 0.4622105162456948, 1.0074879774770131, 0.2980859842636645, 0.43453681775295194, 0.6088683019013552, 0.024383565023513493, 0.044619574790486866, -0.8811634892046606, -0.5381939485533659, 0.3262830285574416, -1.3661236020089869, -0.7932154988749158, -0.04178468349007322, -0.5310121269015515, 0.816172888049854, -1.912252235885964, -1.8984284931352189, -0.6886640405053743, -0.29725412720458133, -0.8641840437533332, 0.5438630544167835, -1.552575078274646, -0.7628014485123422, 0.02460002650170676, 0.5378721394646502, -0.44839230645916217, -1.0322201490885468, -1.2325849033172716, 0.18797664323557225, -0.42044497757752175, -1.0931358080211113, -1.2103767231325537, -1.1290358096539876, 1.8706890843824042, -0.3674644754417339, -0.8488346232898732, 0.6709051664706568, 0.4860781513785785, 1.5439337290305721, 0.7544861257168682, 1.5173239899434476, 1.23572204361739, 1.2142138358740877, 1.174639713424379, 0.8614667294835381, 1.422574081087541, -1.3277292923741606, 0.9659810628276193, 0.8740171787896956, 2.052173817505722, -0.026851549972157242, -0.7059299438524559, -0.4306802114826083, -0.0026216430985367234, -0.7296684095933429, -0.5583531022056416, -0.30623058420698357, -1.289913254071745, -0.39465860626531635, -0.7650707856361225, -0.14364737382949852, -0.016267305776337584, -1.4619480474790694, 1.2753914096267462, -1.2030753513990855, -0.7570226761917495, -0.35807160155160306, -0.604208161382574, -0.6751615776945179, -2.027689615817585, -1.1686019160850623, -0.5950271284950588, -0.607699927317358, -1.049892021309294, 1.1392258505513344, -0.5119363139385442, 0.6904154251800834, 2.1207348207096204, 0.37079799821269394, 0.9887547582982301, 0.35289277639325684, -1.8277987041549764, 1.310129893449379, -0.26359482816105284, 0.928472460851163, 0.44184152397960075, -0.27596591530341363, 0.6143238939756855, 0.4280585831864832, 0.09755433117916511, -0.7313055758384496, 0.8079127365707053, -1.6014759540433592, -0.7051069989480793, -1.2474172113194402, -2.6263890759117836, -1.4615111345921799, -1.3768983156422756, 0.24534511713303378, -2.052096405537898, 0.6820279761790071, -2.776069054577914, -0.384420409560942, -0.7560989136933057, -0.0618063827113252, -1.1248453773947298, -0.22575621462458037, -2.9186906022271693, -2.498814068423735, -0.03749897169469306, -0.13582357316894506, 0.19213302811708183, 0.599463377045283, -0.5198790479545594, -0.8294626699123242, -0.12580994377726618, -1.4137420974635737, -1.3592748176276126, -0.8060973605122325, 0.40530356378654003, -1.475968710093408, -2.1036592616360243, -0.3920923027955198, -0.0653585440552293, -0.9546334402245077, -0.058569988000062544, -1.1063551580595856, -0.8696789792342386, -0.06125295614488049, -1.0201778828395245, 0.2985562998760687, -0.4277424353243556, -0.1664779807876506, -1.03904569139281, 0.9200954609527675, -0.2769781849085296, 1.7439738804286895, -0.8652313574340024, -0.8092477310215195, 1.1075859185564074, -1.3201498993886827, 0.09063439274906382, -1.5225526397948816, -1.0177030004509047, 0.15460018741386275, -0.24187218374297656, -1.161059312381882, -0.2064917345127075, -0.06351482262670004, -0.5447870301046782, -1.5703801204962635, 1.806943795362678, -0.3442523453333056, 0.2743792041511802, 1.2141603731283916, 1.3919101485330692, 2.3569928178975688, 0.6384060463288497, 1.655912624740308, 0.7629479724467754, 0.7193090959543177, 0.165600050527752, 1.3737827858626526, 1.838846999799674, 1.1737212335717913, 0.3118336470033908, 0.9228449062456779, 0.09320943707088082, -0.2925955061638413, 0.747445059377823, 1.329065245562981, 0.6024240668631988, 0.9690839431368262, 0.8062100122741032, 0.2355039858171533, 2.1769420012545027, -1.0545163701559752, 0.37593531743752023, -1.2302658355290967, 1.1925269056775745, 0.011156019956592041, 0.3025032237758109, 1.1256629584833604, 1.0259757868778385, 1.1047300254107641, 1.7283332615723819, -1.075395159886419, 0.14308823203605459, 0.1847482355206347, 0.29408609202168506, -0.6373384158578408, -1.221211987634245, 0.402204788344611, 0.33842110771910205, 0.1167589277054086, -0.0840033555018854, -0.19101055325054656, 0.3717717806411005, 0.9893600751449779, 0.8302872422974329, -0.10681605177946382, 0.018617555595474095, 0.7211584690128062, 0.5984680131962153, 0.2505486645835779, 1.2509407129784627, 0.17183618690095503, -1.6941901348577522, 0.44191859440959746, 0.8274060801897701, -0.145122547214734, 0.6618248973805222, -0.8595419480271985, -0.11992900717588827, -1.205524526569282, 0.3060284067415532, 0.3011868227855479, 0.6825899310934245, 0.623122966718578, 1.3345846346142196, 2.2720322870026948, 1.4392504265569521, 0.8588068391188084, 1.2175664959823376, -0.7169503079272496, 0.04956864974843114, -0.2360713795774628, -0.9892563251023199, 0.39273431135345316, 0.24124866443582124, -0.7628924604860549, -0.09495757403312315, 0.6268906639929344, 0.6403229991850781, 0.08290688698698317, 0.7555159066483182, 0.6777888120239268, -0.0042793396668483405, -0.20295247106619482, -0.5478899472072385, 0.8775796355446984, 0.15709859778875032, 1.1988560855262682, -1.0659056333348456, 1.1456192513870098, -0.05650284237216771, -0.1820415409497239, -0.06113149903916025, -0.45070520133515807, 1.793449772477488, 0.3855117548718906, -0.9574430427233295, -1.667896873703145, 0.956033840434267, -2.018106170146178, -2.016063380049989, -1.2647182944243733, -0.9739608003199572, -2.1036770573225754, -1.185933544788514, -0.19758013036864236, 0.08035048341008261, 1.7094673342960371, 1.5446515816440758, -0.7968541513955668, 1.5406683874811027, 0.7045004936564104, -3.1736008782222895, -0.18341649081329553, 1.7965282371112568, 0.642095711398762, -0.005270384650111792, -1.3782297662978973, -0.3771785323450375, -1.1192484973524344, -1.2717684206856532, -0.17252086454852475, 0.18919608757039788, 1.6090320274186212, -1.1778330286068368, -0.1895740502316332, -0.36485422528568423, 0.568914815521535, -1.1776926843904776, -0.10528534891447584, 0.40115281996841634, -0.6397140545566765, 0.5750513207444107, 1.7688616691927699, 0.3916660935242724, 1.1227451064687064, 0.10854509089220911, 0.674042842784851, 1.4093958548400276, -1.173627815281167, 1.701212587762202, 1.3549707942332132, 0.1961447338364222, 1.3920582614206511, -0.9352051654307568, 0.29649449454828286, -0.7293231187095444, 0.5511024676908349, 0.1397258939935989, -0.7988836452337691, 0.2718090724837892, 0.7623367070674215, 0.021763053914122164, -2.5838029476288487, 0.9694414566940006, -1.388838406321893, -0.2798082310970744, 1.4159478969756345, -1.1604145973065898, -0.10152388878540566, -0.2802386145578021, -1.193250976667417, -1.8441473216815945, 0.40988419152371713, -0.1834404398293973, 1.0597101001843134, -2.022749808556588, -0.33129727161691885, -0.0901142304245781, 0.051241126121308836, 0.5068241608532316, -0.5360951106527628, -0.2849632130620303, -0.465594458078434, 0.6107580015812832, -0.9125140086398225, -0.29544847440959576, 0.492976689533814, 1.967870685356163, 0.17406826901957834, -1.3209429666540062, 0.6831738425810472, 0.6711066701921415, 1.3335299632271749, 0.05475830802950856, 0.732949758222233, 1.8028877476314913, 0.3564207914618339, 0.7375402671745216, 0.675149932490454, 0.8488508218989688, -0.36491125957775344, 1.8508864254362305, 0.8248369871519379, 1.2405134333666972, 1.0116337511964562, 0.3126267865567144, 0.9169271653144916, 1.1156241013503436, -0.7083906147551344, 0.006703172260530835, -0.12836806517613913]","['v31', 'v71', 'v45', 'v64', 'v6', 'v116', 'area7', 'v118', 'v17', 'v38']","[np.float64(7.657626972664107), np.float64(4.850982104020522), np.float64(4.402576732933924), np.float64(9.476375674702242), np.float64(5.536120959596745), np.float64(8.294807250073148), np.float64(37.44632156984694), np.float64(52.457712609652866), np.float64(3040.4658105593194), np.float64(20449.56815699504)]",1.4922717543251214,1.7226468188466715,1.6382842943454654,1.2249108160586337,1.1238600449049303,0.7204388809625487,0.6230596015274412,2.029702627828509,2.0970032209454796,2.1818051983003164,1.658095199441854,1.476965667084964,0.8908509896988168,0.8417685199511127,0.13707871557808082,0.14935253706513488,0.13729046476908496,0.09545019334060341,0.038889954775890856,0.024851854739165357,0.014805187027219113,1.3038397306800462,1.6042178086998033,1.4747017551648494,1.0286957540660255,1.0454066048363353,0.6643865346424879,0.596541897649923,1.1456263405930174,1.0523600251831629,1.070373852320259,0.8296653516416096,0.9254876659473511,0.5073056654452445,0.482329652544198,0.39270661818768515,0.36922097659107855,0.3592971060725292,0.30877677867835907,0.23195141675244257,0.12801865128625722,0.12336332602337452,False
f832_a,f832_c,"['109', '110', '111', '112', '113', '114']","['121', '122', '123', '124', '125', '126']",f832,f832,True,2,forward_no_out_standard_k10_lda_nc2_sex_on,forward,lda,,standard,10,2,51,6,6,True,0.9847309589385986,0.015269010327756405,0.975538432598114,0.02446155808866024,0.5381627678871155,0.4618373215198517,-1.8298132466168742,0.7473679878936741,-2.2961370094668934,-0.5997615367018548,0.06497559458399628,-0.002324511042390878,"[-1.5317359393520291, -2.0989663499813154, -1.8510780800031101, -0.8853270168083777, -2.8396800418241934, -1.7720920517322185]","[0.3118585147846308, 2.3217397018978794, 0.6684167606693363, 1.2251326004389664, 0.2571180183338337, -0.3000576687626017]","[-2.938906571634667, -2.690836710764908, -2.3259894757348967, -1.981784632769396, -1.4392247558803999, -2.4000799100170935]","[-0.08505478514970732, -0.5568687307671465, -0.9798087957085065, -0.8865026751784019, -0.29653879878902495, -0.7937954346183419]","[1.5181075610514931, 1.5289826429163422, 0.9845002553759066, -1.463908384465481, -1.2355415792595106, 0.3735262883837882, 0.7048171466315523, -1.9727584040507127, -1.6294411041217771, -0.4763733673051301, -1.1817603217905326, -0.10384242271284091, 0.9033868077832178, 1.748005922305017, -1.7108969513141947, -1.8317617646989997, -1.141409892143618, 1.58764750190422, -1.2725297085271603, -2.7367814709160907, -1.4579596500488767, -0.5196618096019993, -0.2305692323700947, -2.150476189117047, -1.8618666667946289, -0.5263752105918916, -1.5164564519394388, -1.0348723052215945, 1.1498620443348109, -1.300326179302732, -1.5441511466809734, 0.32215211906708463, -0.5772983791115601, 0.900666469798764, -0.24644410045863768, 0.24894819698518605, 0.727037415865595, -0.10566413856312915, 0.8971205525419805, -0.8940719305302856, -0.6525397734090954, -0.8611651417306102, 0.9815808593246665, -0.1869387161955127, 0.5999470857105836, 0.35502430389316436, 0.8294966976556011, 0.7456076233923754, 0.6455610802941281, -0.1975539311964121, 0.2449763849917529, -0.5062986243228587, 0.2599486691239464, 0.7597556492341813, 0.2554786158956015, 0.8237210897410238, -0.7021208648107192, -0.022110273435156574, -1.8692156513183713, 0.03127479878059572, -0.6109678073990504, 0.07308527289517883, -0.27894956015806116, 0.35532774748656315, 0.12400339338618177, -0.5260041108012299, -0.8367223913517431, -0.12332599753113305, 0.0869869117186912, -0.6704044411226695, 0.022527716511326294, -0.4961387636656844, -0.029090919880998888, 0.8228811191756917, 0.7282958691132078, 1.0025317174222799, 0.585865265430564, 1.3898761030592939, 0.9069819687636669, 0.7976135537829613, 1.1559075110207226, 1.0199657798729511, 0.14251061875071053, 1.2146716008020295, 0.17039439123861314, 0.34692798685325765, 0.36590433560095587, 1.1669446587965797, 1.1060072417881237, 1.9379484355021415, 1.1874211778802797, 1.46475428439278, 1.2019192045388292, -0.1889322568322334, -0.6048550335554754, -0.44690680311982833, -0.2306936336259416, -0.2750236448121279, 0.5383350426777914, 0.15473392688387771, -0.01829099073765149, 0.21917767126635923, 0.6925183502164, 0.7923658569925842, 0.8885188143823776, 0.1455435003867764, 1.5569151765243863, 0.2574502247961953, -0.19468600770331154, 0.4686606948988586, 0.986854665419509, 0.14602002612588538, 0.5955462223333168, -0.12799534828361647, 0.6558079925151176, -0.04853798267572517, -0.3757801337290099, 0.4495540971599437, -1.3426949460237472, -2.0074147419584616, -0.5926725797232757, 0.4059131737486053, -0.1595944688178731, -1.5226953750160368, -0.778543371891428, -1.8767756624855294, 1.7701244569074817, -0.7202994325035056, -0.7203658978491823, -0.8341422464426229, 0.1520657531711882, -0.8639550189222923, 0.9636057939834468, -0.18757298158889124, 1.2057853976823343, 1.1628771116783412, 0.34049599208052644, 2.432281351523854, -0.7197971723408363, 1.2751270958584435, 0.8257119204825026, 0.8131214537826549, 1.1218753287698087, 2.059990234849238, -0.901580575232549, 0.22737697973253915, -0.1405098753827797, 0.3119599925177286, -0.3261863682146549, -0.9549018124237456, -1.0480421312792378, -0.198011600721985, -0.3334376116756294, 0.4158332958560525, -0.9604847768111731, -1.7003745104830146, -1.068912068652996, -0.5356806222103588, 0.2455060439026463, -0.4081028480607901, 0.3459656701318829, 0.16500090646517282, -0.7516825405598049, 0.7363347195114419, -0.5466286108314073, -1.514250152822037, -0.5338307393856122, 0.1206339434765937, 0.7641143096688563, -0.11464160356210014, -1.142999423362295, -0.1762419570444582, 0.7461166050755024, 0.49038238906848136, 0.05614720220094947, 0.2769865594622207, -0.5553241613950305, -0.4153031252453497, -0.37331268874593376, 0.6574528199606753, 0.6336054094776851, -0.43614263794486957, -0.7215588795179176, -0.4925038917413954, 0.6402192984886241, 0.033914234402712864, 0.8259806105134284, 0.885697650659146, -0.8174607078650219, -0.055896904575367536, -0.042132034315055925, 0.11129062242126862, -0.4407030657341638, 1.3839169428362408, 1.2761230497294243, 1.0814454871631702, 1.284282843682576, 1.817312206754084, 0.26756669873826616, 1.0222366441420414, -0.4944251735876007, 1.0224529246576393, 0.340153708462866, 1.2846220882694432, 1.3011901105615726, 1.5704433957083193, 0.9913760460882498, 1.3880513371707834, 1.5989842188830174, 0.30476955289404967, 0.5778899742797015, 0.16055921372517232, 0.5929625385143624, -0.18242622377153409, -0.28591267946576787, 0.8685364384954424, 0.619622839117518, 2.899362821643846, 0.16646545341541635, 0.8658748287588057, -0.8907499090574238, 1.0176679046462687, 0.18929112666912726, 0.910499373884332, 1.407319328253216, 0.529830116623891, 0.45246238860561, 0.4989442183538814, -0.7075227813672622, -0.4048242232550591, -1.5000297584395914, -0.14848897126608698, -0.36600439733485707, 0.7125968725883648, -0.6487678721774397, -0.5853534959821849, 0.13721452588742492, 1.2001930634297413, 0.23763823562184214, 2.2022782538043195, 1.6187846462712965, 2.839429551793649, 1.0461024882795191, 0.9052189486981864, 1.5180307912774773, 0.8885566094349383, 0.6732474577389377, 0.796773635614997, -0.6767374574808231, -0.10148355413323998, -0.47099812414160985, -0.6613916500823079, 1.0108934195406287, -0.686820542527566, 0.4457206392296692, 1.1416756311685798, 0.2503518840775576, 0.3227949391252798, 1.6390976863356732, -0.24425019833826186, 0.35973098466511766, -0.0017581993611358471, 0.8473927152732866, -0.05116931703242786, 0.11088012996301012, -0.19711025686454586, 0.06729251350693821, 0.042694038597472596, 1.0043004077634692, -0.12114034929026152, 1.0363685176606934, -0.009214999098938406, -0.6918902730505104, -0.25422233477097256, -0.9150752665364071, -1.3965003477694546, -1.0604943771518514, 0.13222362535954818, 0.12790875190178239, 0.046973880112422164, 1.0361860897720347, 1.0114021934195736, 1.3856900883298535, 0.9891907804329879, 0.7671438903651361, 1.6900477700080192, 1.7416092209055312, 0.8218265848751046, 1.0919566467204738, 0.6045994929652779, 1.4950161429037698, -0.006602146441692221, 0.5595730271925649, 0.5059996704929046, 0.045460062410673414, -1.818650305757285, 0.2735058574964527, -0.11325732381913169, 0.3600964728331204, 0.6211294330509113, -0.23201837089994795, 1.8915327005965124, 0.35982779622843963, 0.012942142864055086, 0.43427245687618027, 1.6744217409674083, 1.18039385089395, 0.2680583966367089, 1.383471521237872, -0.10790387536067511, 1.342618240992623, -0.0036726403951506522, -1.1521905673772093, 0.3430580916256598, -0.7774423570728357, -1.3991757103840305, -0.7415219058087112, -0.2840534897884883, -0.4115687761540894, 0.5726612864782539, -0.7051464822780114, -1.180115992989817, -1.0807550096153358, 1.0843428795818213, 1.0936959115799523, -0.4119787955826483, 1.3628933906882812, 0.6280784247782043, 0.7103881406160448, 0.9486088474400823, 1.3324864853952425, -0.6472472937498701, -0.49246968199284713, -0.12551701253307532, -0.02793273544468559, -0.8610020009063228, 0.2591200340105326, -0.2923466286751771, 1.1210326130189152, 0.9606183952146874, 0.5411580582035611, -0.5742539199688204, 1.1451166833892659, 0.5162727397454785, -0.3896238049061018, -0.22767203302802064, -0.7336663063875212, -0.10574404052250418, -0.7955583240782752, 0.7489994347406138, -1.5546976952544465, -1.0843892464627545, -0.4700717901428023, -0.9599998941256539, -1.909196607648966, 1.572808325627096, 0.3763087656858607, -1.7045001257962005, -2.543677855859651, 0.8040325451697057, -1.863840381764111, -2.0492820464807595, -1.619847228183616, -1.65930826009662, -2.2502155029100215, -1.151015097214261, -2.4662785759035297, -3.5486724169324884, -1.9712498068679019, -3.4344964594597203, 1.2057785232628775, -0.20690114435549695, -0.21082003078846645, -1.0051305290701007, -1.0639558165203225, -0.8867533767542716, -1.0375330319454281, 0.42948141237243903, -1.791033145477211, 0.10579803137984474, -1.246948941605926]","[-0.764129843359568, -3.6452963107057124, -2.14695370223871, 0.6041814414170691, 0.07139977102705536, 1.616012441593431, 0.8430924542160276, 0.9479082808467851, -0.9565346326967828, 1.0511061104147759, 0.4799077257142918, 0.2849701793022834, -1.7950600141311344, -0.9768366603809042, 0.07962016758204167, -2.0716613187621946, 0.6873136968745295, -1.1707687449838549, -0.3079159311889497, 0.9082258622116737, 0.43979509450216037, 0.5242915128817938, -0.8636963534118969, 0.28935542091041444, 0.5239974417616211, 0.8606059938724615, -0.786750009534496, -0.26555589199866564, -0.16041111795901722, 1.9784171100483878, -0.05171492054892785, -0.13819862201981634, 0.12141410201033499, 0.3104906340448296, -1.460506849353967, -0.29117173848254835, -0.09910991228562464, -0.4335176901507026, -0.1664627665115586, -0.699508042639, -0.7952633250361103, -0.4722606055773246, -0.10117450644294507, -1.3696958931892527, -0.9719317735607859, -0.5318287233219429, -0.4958422929136473, -0.7702757499443882, 0.34747455995673093, -0.8160002953211735, -1.083709648501962, -0.9816817666124802, -1.7513322920058532, -1.2475912395536801, -0.42871935198135713, -0.7611429952867248, -1.5792424652522405, 0.1015056509944499, 0.6915074929426007, -0.785550676091229, 0.3584022792837442, 0.6876924085824269, -0.101994274935913, 0.515752847947874, 0.4743911005956595, 0.8282389062071185, 0.17824541292406546, 0.9993303504957268, -0.022358665756869074, 1.4651664588906312, -1.1736152318411144, -0.23223977900335824, -0.20022897081857577, -2.2085165637579243, -0.8913338559429407, -0.8264331318401605, -0.3032771783021173, -0.2875322871541617, -0.8242097780069046, -0.06295681138772069, -0.07755823022147393, -1.8659561168267702, -0.5775981672405285, -0.044258568194374896, -0.5481422132233552, -2.335356678920429, -1.5019509530930144, -0.7433925480224135, 0.38692196486678765, -1.4095795237916895, -0.4783237828321047, 0.15356910826351614, -0.4071161184237495, -0.641196794277254, -0.4384091292856625, -1.8196748775740137, -0.8341276416622523, -1.0253150546095477, -0.21743957964910093, 1.693565446252983, 0.5881464038115861, 0.6730063457606383, 0.2946382007791776, 0.565529372930973, 0.35084436590476825, -1.3945711298183414, 0.9709473279682731, -0.38368577698147127, -0.5003074007132128, -0.12551837011640316, 0.5765266808641599, 0.3256039082274903, 0.8879192309440986, 0.5792835475934337, 0.731429386280193, -1.4605517154992722, -2.7637095721092497, -0.14293273616628743, -0.9176984514896035, 0.9176452660699682, 0.08145020409395738, 0.44471803978915153, 0.8183090633395749, -0.7904291607071904, 1.2562148766038899, -1.5353152742326366, 0.2903854613608889, -0.5708514438876747, -0.47066994483155966, -0.4489884748673984, 0.9967495810019342, -1.3205926644158277, -0.45888828835562073, -0.3111170430566636, 0.3089674320792994, -0.7127585240557158, -1.1177357378418153, -0.3277004440435402, 0.35464857418993845, -0.5645625252276322, -0.7735456579756639, -1.1376912183579222, 0.11589761800920509, 0.06277224687067887, -0.6095579944681498, -0.23864762914720192, -0.8335751489067837, -0.2456867155379163, -0.8135097161362181, 0.7101662841485638, -0.5794114265994285, -0.25402009784395846, -0.294664720837551, -2.2231646525697166, -0.29238001589522833, -1.3221507592585018, 1.3683780765013978, 0.5696650338973972, 1.3419907538693792, -0.7940824949671947, 1.4285386566871259, 1.2254078563444084, -0.06832080318378474, 2.418093977079059, -1.2606092214237712, -1.462345579595119, -0.9338553536448403, 1.1795333440510236, 0.4134403503662652, 1.551612198901794, 0.9724269682856505, -0.15372945275192226, 0.6823745759266935, -0.5562427785745887, 0.2862979950037707, -0.5747659364113593, -0.24386808330092874, -0.1254623315637908, 1.6708123940671211, 2.878172564622549, -0.7882304916964513, 0.7370531581725352, 2.149580668050476, 1.3975511610915734, 0.7443760504034056, 1.5341507637451215, 0.34266270769775314, 1.5836358006297864, -0.5950189822383614, 0.8918953773767184, 0.11193123223348686, 0.7851239509471818, -0.09608833270694309, 1.3182611729501494, 0.2910636815643887, 1.3963894834075097, 0.42666188964978585, 1.244701038462295, 0.34664259783954066, 2.2257388230366817, 1.0161074165723663, 0.8676470970799425, 1.4953309792016014, 0.6896321482940952, 0.7579075651815391, 3.115896993812203, 1.2992634472057, 0.6812126452389206, 1.8268114166757927, 0.8530574225173765, 0.9335016586022215, -0.4523172331574015, -0.2870005384607865, 1.784283440430367, 1.7903896138106443, 0.20817822421264973, -0.017781123934777095, 1.1127345156944803, -0.9098173312209428, 0.7203031254043613, -0.4294122485230329, -0.42805536872106165, 0.8992799530236931, -0.49928953259774367, -0.23636170049245417, -1.0324827527292024, -0.4241513901089341, 0.2607253843288536, 1.139629936075477, 1.1003003309624597, -0.48087517673678254, 0.31777524922642025, 0.5761459158643173, 2.170795445136635, 0.15982127400547533, 0.5381404786099852, -0.5487761611498925, 0.7911195490652365, -0.27853368603079426, -0.6734851626542575, 0.23917111726518045, 0.11058941246380412, -0.41638760526876023, 0.8329308800085189, -0.08271342820877281, 1.6400659009941405, 0.8460249705095401, 1.0834178501477985, 1.03143049320574, 1.056962150510079, 0.012565667090652953, 0.6580450388152407, 1.3896801772653984, 0.15448900450693986, -1.4136080715515156, -0.317782420873262, -0.6730908360278086, -0.2629189323472293, 0.8305841356234049, 0.8124225451752508, -1.3288762707030382, -0.5786245376089685, 0.987699285992237, -0.9475003537583494, 1.279960926337437, 0.7291316104750899, 0.7630071938707467, -1.735470888308189, 0.14205382334670374, -0.9590899443549701, 0.44379911762723473, 1.619019108878934, 0.08405087990498418, 0.7281136598436189, 1.751449416462578, 1.0522838530868164, -1.1979174063719331, -0.7544094256020564, -3.1069144611500352, 0.6560010089037472, -0.9713621747203846, 1.0501826186087795, -0.854457150811845, -0.6380048592595993, -0.4284074504847849, -0.04512591777693871, -0.11438587173172989, -0.0838124855825878, 0.04513971536708291, -1.4685105466004065, 1.5819406753120073, -0.2147882958206128, -0.36954514573148795, 0.5938620848991096, 0.6154209229931646, 0.42998811030456346, 0.3047336456552922, -0.26459275460825554, -1.7834369479634826, -0.9675561655491973, -1.9836441961373508, 0.30182399664968135, 1.9618834582735092, 0.14426656290537285, -0.8532592755115347, 0.1952506303469447, -0.43710557926338456, -1.0341020456037866, 0.18954985819742495, -0.5152682237679637, 0.13143398604774553, 0.3613864695316498, 0.040548536558051164, 1.1606235707364052, 1.1544219082789378, -0.23096949436101838, 0.18817509306112246, -0.2984248388383961, -2.00148925040621, 0.8897067593939142, 0.9011139591105969, 0.7061386444677111, 0.741737624962931, 0.4415894998854361, 1.5914249950262145, -0.4906638056113251, 0.2637403093164862, -1.0943562935345528, 0.32905188595083085, -2.054191822877396, 0.6046070867869316, -0.3989932160322056, -0.036487232324020305, 0.15835295963934642, -0.19686522447341828, -1.5072633079691486, 0.8633303620031435, -0.38939438204721116, 0.3220912577155526, 1.5910974467033092, -1.7663708956826478, 0.3329416864267218, 1.1292731333545136, -1.5569347524253332, -0.8372858616491643, -2.24466621707282, 1.2598597685527726, -2.7028114692406877, -0.09863446805652462, -2.1257171697795023, -1.4055471365150276, -0.4728227675600942, -0.08582713522739438, 0.8748348592077676, -0.5757077473485813, -1.3289638493305118, -1.1349147122782852, 0.25890406774362246, 0.6132641551217274, -0.9843758715619093, -0.5732431639958369, 0.5793645221219624, 0.4802555550234142, -0.17350780278362005, 0.27738262496808036, 0.6420588980772124, 0.024000236863895033, -0.13932007880346514, -1.2449932683897162, 0.07160876421546966, -1.1412436710706042, 0.23294944958058428, 1.1199050826748895, 1.519798170327594, 0.7941914577735713, 0.03908139054036698, 0.9011009503259606, 0.38581491178369365, 0.7376040663642864, 0.892027250242929, 0.8100554887719618]","['v98', 'v67', 'v55', 'v57', 'area6', 'v74', 'v90', 'v83', 'v112', 'v45']","[np.float64(22.98198450738276), np.float64(17.786489314300006), np.float64(11.202166559031529), np.float64(5.389122804398356), np.float64(38.75058517818161), np.float64(28.617770349165433), np.float64(69.06481771039937), np.float64(80.52893011735958), np.float64(167.9842258482577), np.float64(998.6576526090029)]",1.42555806891041,1.6600141566727549,1.4737563634560518,1.47347368424269,1.3090891097031536,0.8168621117603222,0.8015164349245638,1.8134532874455482,2.101962264795534,1.987757011317535,1.8614687487160226,1.6247636771884104,1.078682942190226,1.132523753278373,0.19985332325473437,0.2635822963366488,0.14755846723985083,0.1776353187408522,0.12934229297473543,0.02149148352978613,0.015297213896696027,1.347129524595529,1.5072149152518872,1.2642970622677387,1.3481942581369872,1.2136393331729378,0.7061713660345023,0.7087406494686346,1.113022148573512,1.0877018317435048,1.1266311920453658,0.8760447925386909,0.9194008495600017,0.577567592237846,0.6572804488330397,0.4243428627864479,0.4501964832385084,0.44503936282672285,0.361260248473034,0.3490578507440188,0.19568597581241542,0.20064330586252493,True
f832_a,m849,"['109', '110', '111', '112', '113', '114']","['297', '298', '299', '300', '301', '302', '303', '304']",f832,m849,False,2,forward_no_out_standard_k10_lda_nc2_sex_on,forward,lda,,standard,10,2,52,6,8,True,0.9847309589385986,0.015269010327756405,0.001088462769985199,0.9989114999771118,0.5381627678871155,0.4618373215198517,-2.2373712489833513,-1.3094985980978502,1.7691999410307329,-1.2396126779043009,-0.0019143622948708677,0.04665063782630422,"[-2.488123993472333, -3.445902773928616, -2.350217057300667, -2.2813209174225637, -1.3535969758741315, -1.5050657759017958]","[-2.26869095878145, -1.5768563126132635, -0.2726801359957071, -0.7967046798246716, -1.5781341712443024, -1.3639253301277054]","[1.3053843830836327, 1.4155879747235924, 0.8946324180247632, 2.564101239414376, 2.271595998991426, 2.0316603550957377, 1.2424134001198777, 2.428223758792457]","[-1.5535491355300157, -1.331712895531667, -1.731279880479999, 0.02405690721628618, -0.3657986783384361, -1.0608640354658236, -3.7031518091493463, -0.19460189595540556]","[0.9524506415764267, 1.448993559559349, 1.2232895378953006, -0.6864090793411222, -1.5100855195156153, -0.7010536824159159, -0.5387145710186259, -1.9996879630250741, -1.364063645511974, -1.0461932743738622, -0.3388518701157554, -0.4219583225325119, 1.103368265478366, 2.1581366694003234, -0.23059732078135745, -0.6865318316313764, -1.6344409778123912, 1.4815723371619254, -0.7673891327987254, -2.377904898254267, -1.7976277433759027, -1.227443570082916, -0.9373852438630057, -1.3512995309006472, -1.812792063223041, -0.501210038317226, -1.2924042123711672, -1.2156290757854453, 0.30134883666016926, -0.9228015862212282, -1.246152216339221, 0.3205389468036292, -0.5897318325242125, 1.0298879657581046, 0.21172493764318462, -0.001559467342196696, 1.0988227684476688, 0.04504827192871775, 0.5342800365638033, -1.2424513176340997, -1.1712383091338077, -0.1834853774928706, 1.027681775775873, 0.3099601381502542, 0.6502252576784484, -0.3995643132329955, -0.07786048002995627, 0.4765197971732377, -0.22954797394021983, 0.2730603085101028, 0.8897163090134929, 0.46141374596052187, 1.0250895377180622, 0.03184606497482918, -0.1458150203520264, 0.2096618595775647, -0.9221834873659696, -0.4827388034659574, -2.4150901115577104, -0.41435977041149574, -0.32289881705492174, -0.2881186757198282, -0.014046979582472589, 0.360503853687346, 0.0007136953364619554, -1.2388061490117623, -1.3779566291654657, -0.8757538366657288, -0.14420547046116916, -0.2068773628029317, -0.4088240037009614, -0.6659647635300903, 0.5134967539285678, 1.8444754511996642, 0.7400132430929267, 1.0454355226713308, 0.5823918129888457, 1.4754382301361586, 1.1079455359383115, 0.506756149108474, 1.6597794892704472, 1.1197716266197468, -0.6023341804959644, 0.7449093157753626, 1.1884405383066043, 1.46638561299317, 1.0109519412509165, 0.950533010601498, 0.8501905611150249, 1.3607963164275156, 0.8457997137147696, 0.17398838302552766, 0.3240628211103488, -1.2107919696397382, 0.02057008535497599, 0.04956380169993667, -1.3586195957910503, -0.41858496780090104, -0.642095539055836, -1.3170600317804229, -1.4021271727746072, -0.8701277914939863, -0.3721698460534455, -0.5917993023834687, -0.4278502151099175, -0.054096031431402784, 0.19387335366919964, -1.1336539677581752, -0.3361168526456783, 0.20204577728166953, -0.5695424755764577, -1.1195693278993861, -0.7050557917265193, -1.1606080485255816, -1.1197894826758399, -0.3533006186907629, -0.6718350230640552, -0.7400939509798572, -0.3237117186620264, -1.7537886790575288, -1.1836115651964991, 0.25883467287674167, -0.7841338643474741, -0.9978048508633313, -1.0810172646177008, -0.032143186011011037, 0.9706519541211914, -0.6625035616151219, -0.8402332333405547, -0.28296382391711095, -0.02189097244213813, -0.8255710729162149, 0.7626000536201799, 0.5649375884786804, 0.5867885575010693, 1.1621368024372862, 0.7761847765403808, 1.9066920807160046, -0.8898882079132464, 0.3008099809164945, 0.06565762611697631, 0.6490388526843063, -0.4476606206621251, 1.4015337226932207, -1.0158002306415235, 0.04723909236775276, -0.32110197203922375, -0.30175617708900776, 0.21414054170106434, -0.860169209600419, -0.38022485327963074, -1.4549484297183644, 0.05268475535045294, -0.028414575884104974, -0.8746503242919801, -0.5623842215693362, -1.6641899661566815, -1.1773385290372547, -1.0650064887005428, -1.4976966023254128, -1.2820870949125676, -0.8569437372579041, -0.5148490204570508, -1.2047002672614426, 0.24158478144216214, -0.6602671204172647, -1.6470385904578793, -0.7034021366180786, -0.6192821931053497, -1.6234940996647547, -1.501958151844662, -0.937593616951552, -1.076990315444237, -0.19290963059287636, -1.5163206088754244, 0.8428080096055034, -0.7881204877436325, -0.8573794012321168, -0.8693388507519834, -0.26755035733529786, 0.7761740086391478, -0.25375146577312563, -0.685070107325951, -0.829631912873802, 0.07093126281679782, -0.3963936952313941, 0.3025993067398239, 0.5798550830645651, -1.0435110494339153, -0.34545615740394325, -0.505981355945036, -0.08408596287910901, 0.3198121562287614, 0.45457947078006794, 1.8060480487829544, 1.336492082917816, 1.3685516206463082, 1.2471534915971418, 0.8410511217263276, 0.6200754485648583, 0.6170403349580937, 1.369739784876657, 0.399282846238259, 1.130864321458121, 1.8318176798854782, 0.3646712780344665, 0.36226935520344533, 1.0476135608906423, 1.5370733060139685, -0.35477394351589775, 1.0544934245470086, 1.041988318377968, 1.9673887920587994, -0.5136416501126728, -1.122628191926566, -0.2419934970362839, 0.271797778324284, 1.3052011150928833, 1.0525172013231052, 0.1274274998479459, 0.0032014280592661173, 1.736844259857701, 0.07753184365396873, 1.354918472496948, 0.8547168565686855, 0.5533703716560274, 0.5630810104032723, -0.2057762685693263, -0.370484992805125, -0.1471753759931669, 0.43720119307181304, 0.42875235744043244, 0.6767669729204562, -0.4320858652285142, -0.15798651475568853, 0.13436066172925526, 2.768243255889988, 1.4700276791514624, 2.0772189737191282, 2.5673632561027024, 1.2623345452407373, 2.6486902823006444, 3.187394902596388, 1.4978137348336205, 2.5239319708118697, 0.703962498984788, 0.32347743060390016, 1.2186558609105456, -0.1690467430630308, -0.20665614017231085, 1.0342370038336375, 0.3063827997736405, 0.6770117462326013, -0.5938518416358455, 0.8976965524785439, 0.41739511379296934, -0.14900811757546398, -0.620650471252382, 1.3981894796542078, 0.5850744420614438, 0.7173535754858625, -0.0796322102137792, 0.8145498425227186, 0.7884130554471622, -0.653795141363676, 0.12376145819956902, 0.24556480360371297, 0.4894191098673568, 1.1502483466284374, -0.15990022711350305, 0.9142889314728091, -0.12056277297656792, 0.30202024098662084, -0.30440786392436436, -0.2673524247179, -1.2167708945011422, 0.7341601273796938, 0.08339900712751447, 1.2398083516552871, 0.6698536178101657, 0.4046039875661804, -0.6156139907382617, 0.2955857281427641, -0.5857912294242821, 0.3832597623308762, 0.5097017130876244, 1.2931032674038496, 0.46448512249242346, -0.14123659695627672, 1.7656984744686577, 0.2914079475028201, 0.9339926667239158, 0.8179525269124569, 2.032529438100914, 1.2817082196824363, 1.1426087260073294, 0.8352558511422161, 0.7058162405008925, 1.1361279468762882, 0.6117068280337474, -0.1436932549839265, 0.8527686640254946, -0.10995600121780202, -0.24371448943150614, 0.004880002376360322, 0.9090655086743079, 0.020053357855991206, -0.04560010495026131, 0.1516994953830723, -0.06780698194928134, 0.5711930973602263, 0.040700096195203365, -0.4972209529569779, 0.10987498381607705, -0.36344965726544953, -0.45961125218297455, -0.260610184731088, 1.0628113808712762, -0.9397087244744418, 0.33052075856107044, -0.41559705274591396, 0.16836151909505537, -0.5450500468790703, 0.6435642611468443, -0.5558604371874718, -0.58146313066019, 0.8733030852901567, 0.4370210198346828, 0.30925979623151273, 1.3144539215173452, 0.46982607998655546, -1.121504902945264, -0.21189812589720464, 0.17710609306657182, 0.17490136511308846, -0.8969446852420452, 0.2951779112712012, 0.8614289602516777, 1.1323304561451746, -0.2965258471997201, 0.44393582134044907, 0.2738075725468163, 1.310329463863253, 0.9640712044559681, -1.0443764930788535, 0.28102755276083274, 0.3417562416539639, 1.6638420933687184, 0.3013743918119681, 1.6966327020620464, -0.5438144842362724, -2.6712991183226715, -0.702425242104047, -0.6137625560799519, -1.0321631838007677, 1.0834475339838852, 1.0296646090000319, -1.6428474622392069, -1.827353349081647, 1.003832606419245, -2.106736757327465, -2.40227844496711, -1.2290025370589157, -0.8632792354432887, -2.0662289717488753, -1.4920694722735184, -1.989848937949302, -3.7572474259598425, -0.9974435930295562, -1.3096863456995627, 1.6721968105959664, -0.9116362076210539, -0.4146726433620487, -1.0974043043557475, -0.6800406782894785, -1.0859590242216584, -1.6331744525840286, -0.2031699107719277, -1.5175748523297892, -0.3369390039032451, -1.323014457651514]","[0.5380213795396356, 0.5998039241512753, 1.0850519582685392, -1.6999982003516327, 0.1212245228068093, -0.5268711501370984, 0.6391593445681556, 0.5871548504646935, 0.7060137067938181, 0.26886803148886473, -0.7563231356209834, 0.28968988843308136, -1.1853334329857776, 1.1902704911672242, 0.44773481290440403, -0.49822171436906826, 1.1950783352892802, 0.5583899217201069, -0.3683202547607473, 0.1944189867561287, -0.45676766248131523, 0.2666257584021791, 0.9574904114611777, -0.8838102143120198, -0.4386039653651284, 0.892250849818121, 0.49593730124461255, -0.9471035905274298, -1.2195866013708456, -0.8229646303813074, 0.7121847649548488, 0.8136160549913426, 1.4728374613350335, 0.9609688577005486, 0.5033779595923599, 0.8770974453301891, 0.08089377381151791, 0.003445974327985314, 0.2417659778377279, 2.175110471693372, 1.0686537231849573, -0.3758915862029225, 1.4255799252955799, -0.014925702051033184, -0.3920333582095497, 1.6607946410611676, 0.5280535744063507, 0.5899730095200477, 0.34597405010873117, -0.22838635419040146, 1.2785271754706717, -0.6491578671101965, 0.14019803028624844, 0.8783273846645717, 0.1882798974788877, 0.8850467971091208, 0.7926139720948027, -0.06478161662026943, 0.7199168534174262, 1.7823615495776564, -1.209356212241477, -0.6335583728873927, -0.34632672727203806, -1.5396324636317618, -0.8056624854737346, -0.6509330827473483, -1.57227732558636, 0.46438305749846925, -0.7384355691478593, -1.9911656542274525, 0.3304956573184503, -0.305035292115253, -0.8246151026661657, -1.1885563361133147, 0.08133016449102726, -0.2593576345609154, -1.1113312228115257, 0.9673081936168493, 1.312097741725854, -0.6537878006002918, -0.34655345274153976, 1.0302505458652427, 1.919516087164152, 0.4296357997494922, -0.6451120692668818, 0.11847988130587318, 1.7638528562154285, -0.21921893449279048, -0.704673319084611, -0.14907038022592317, -0.6115470121101474, 0.6850356748756287, -0.384913706562678, 2.9538072967120024, -1.1796852623275365, 0.3506423093175277, 2.2795959613550894, 0.7464404826250478, 2.8391357525374623, 0.7853158098034301, -0.4950018498081366, -0.06060362969081308, 0.24107752967905402, 0.5718701921435212, 0.5715964043580234, 1.6770909173695858, 0.5352236540569862, 0.10264290190752605, -0.3184741577944993, 1.0647480279672168, 0.7524889329637565, 1.4134745741990151, 1.8745611221366583, 0.0639475785793272, 0.08233027525330025, 0.3205108883690508, 1.873396496154108, -1.3259669905945868, -1.1692667285842189, -0.9451168844760597, -0.6803191816660547, -0.979899421453432, -1.421700254893117, -2.2681666492512598, -0.6897561340461072, -0.1983922925100447, -1.6600154995266865, 0.2959895471846594, -1.3302102437124799, -1.1565393356446312, 0.17619181839613496, -0.06466965107407516, 0.14437866832823057, -2.713432794711977, -0.06916405558643952, -2.476669101689386, -3.3051785192440177, -0.39215539434633145, 1.3019667752679567, 1.0227978031077132, -0.19498715226840893, -1.0855984337923512, 0.5576215530148593, -0.47005529858277434, 1.101234516330386, -0.17528124538114007, 1.3799021206297497, 0.42212927714712134, -0.39388707016517066, 0.5791093959517533, -0.5523426297419279, 0.589728796041691, -0.5820026281742081, 0.6713119972318009, 0.16549535542413846, -0.8004662292404994, -0.9355856280972624, -0.29549314378465424, 0.14331917357201424, 0.7004069924132073, -0.24055738926263792, -0.6149125657613876, -0.8493869617343759, 0.48232349241336553, -0.5087649223353957, -2.038572109234059, 0.9235510770367407, -0.16421107203446914, -0.18681676328366484, 0.5008581188320922, 0.699952286189863, 0.5858560280955557, 0.004157369714103802, 0.5904002504247429, 0.315976326440189, -0.5415053165389502, 0.2892092296676439, 0.39931926760532677, 0.1505786598094542, 0.33747925480213614, -0.1692791033414628, 0.47807851298925635, -0.7593504868582805, -0.6362404256601798, 0.5603542228709765, -0.6010875654479925, -0.9214047887075569, -1.194926388381224, -0.40471465460727907, 0.09048465300127034, -0.9320687261172977, 1.4233898383042392, -0.8962553922834854, 1.5096897455641145, 0.7459437519018487, 0.45714870938235297, 0.1435004906941159, -0.10235759259545256, -0.19782852760263378, -0.44217714882101433, 1.6283065253642972, -0.2430140937750993, 0.5666894921785409, 0.6666370835711263, -0.37175525955761246, 1.029250274684622, 0.8086914414951797, 0.2994080041144303, 0.46648633490974145, 0.1661815104766101, -0.17501852592050188, -1.1183712292524792, 0.18402485164904667, 1.0004274851869137, -1.1239568764192962, 1.281993287010288, -0.1931562421429178, -0.8259073387206423, -0.9718746677349057, -0.505281034793853, -0.8025515422741056, 1.4405130304565876, 0.2121580750634722, -0.025902545385237757, 0.5942555848428569, -0.24529153131985487, -0.6596950441762612, 0.6589998257355447, 0.6121643483370908, 0.7391983541595837, -0.20465159987932413, 0.354901673975706, -0.25567475290781494, 0.48738000099228934, 0.26525819871882694, -0.15799750546749214, -0.433460388229082, 1.1817725312956129, -0.7959255292981542, -0.016800326517835515, 1.2295960213238062, 0.4810256266459436, -0.07654713690326866, 0.9259971225080476, -0.0962347193783321, -0.1493295502365472, 0.3353504777712828, 0.11511764165842867, 1.0679048031806244, 0.6203007981570897, -0.9771491020720224, -0.47163321473077086, 1.044192687276051, 1.0897110036413888, 0.971666494956061, 2.2573145219255832, -0.7121937408034109, 1.4397844766071424, 0.5969734915307733, 0.2252327571605068, 0.3485744079835226, 0.2575543138167212, 0.8362740541132049, 0.6260561352745806, -0.14128925205675372, 0.8083254712157679, -0.03822239974971523, -1.3403266211294083, 0.9892818580563629, 4.367417108279788, 0.6894294598976431, -0.9154209691830408, -1.8824128920561625, -1.1910761081934422, -1.9393049599999526, 2.183984481802009, -3.528582377052569, -0.1469505498420978, -0.4287938469044711, 0.4534529071721988, 1.0850096690593871, 0.17469967348263796, 1.0128610350409708, 1.4948262931490686, 1.1635802489171017, 0.895864909429007, -0.23709458912819587, -0.7901189506165855, -0.2443130887073068, -1.2064982882374229, 0.33306651661438175, 0.7532048582172323, 0.5984215275302632, -2.471599826744011, 0.14004342065178074, -1.92765673240352, -0.1560581124964623, 0.2877721165732607, 0.9403546016752219, 0.4793507289539798, -1.2619922803756853, 1.294008965504999, -0.20585808330574343, -0.7833524603195655, 2.1390820059493603, 1.2440984145784328, 2.527395830714164, -1.4482941429677414, 1.1647555982108884, 0.5666296037132883, -1.0223613530163196, 0.13416944838284212, -0.10937705955986662, -0.14923519226780863, -0.9107530410518417, -0.27148228826594484, 0.45756563515735954, -0.09276570109955376, -1.2583326329061775, -0.16926405187840424, -0.1611218540717565, -1.2972792705735752, -0.47230974379047924, 1.9671754727823614, 0.9323639748052687, 0.0798803747285693, 0.7970533780438961, 0.862934900352496, 0.2529529540058406, -0.9504769470804855, 0.8168458975475983, -1.6674743375001544, 0.15105816655228732, -2.204205533894435, 1.000152892893863, 0.031397429422101754, -1.3130089214354668, 0.05249067931567589, 1.023944570106908, 0.286874756361127, 0.2884815361281099, 0.08241287316469867, -0.47831101687046046, -1.13603374331057, -0.8734363106363143, 0.983982677221248, -1.3259727200121019, -0.8243513413572459, 0.9490346778164268, -0.9621367781165953, -0.4552602333889111, 0.8604225781484148, -0.43843869992277007, -1.9449598349019463, -0.37396882930399933, 1.9100314574576858, -0.5553964091813013, -1.1542281585098435, -0.6576307114472062, -0.4259280401013637, -0.8271403924866088, -1.6716926614740601, -0.8509043745076411, -1.1519533522552106, -0.8853219052817328, -0.007562936776796023, 0.11107183551492822, -0.5691814884064794, -0.6276617822659437, -2.3123374811099384, 0.16081729063596747, 1.7790408959519868, -0.33497890883347403, 0.41030265690099327, 0.7536266768590791, 0.6483248221318456, -0.21236376237131646, -0.5555309297967582, -0.6453141312138172, 0.7649424774510949, 0.4341338059023236]","['v112', 'v1', 'v117', 'v21', 'v90', 'v34', 'v59', 'area7', 'v100', 'v69']","[np.float64(158.08855401305277), np.float64(11.1763873212504), np.float64(13.664544497742442), np.float64(9.583085874863988), np.float64(11.885277520416299), np.float64(15.287646119311903), np.float64(42.07433038176825), np.float64(32.611431073005406), np.float64(23.869861030223582), np.float64(48.177480532614595)]",4.007180647599029,4.204301368395154,4.168039641498196,1.3647154214234596,1.3802524269735361,1.6060554683571122,1.5268812702494734,4.076457110207633,5.009659529884393,4.896494748026017,1.7344582235690205,1.887823846224282,2.0977854264288816,2.1518544283722494,1.4169586670343877,1.3783592126299415,1.4194535313024987,0.08096173010927427,0.048786802401695306,0.21305008115274177,0.14534306461157948,4.006571190014084,4.006571190014084,3.848610172375946,1.1922782429311873,1.1345270175982016,1.3935453508506597,1.1624307283839206,1.0274157981456007,1.4522006791189603,1.386519110409342,0.5679158118301741,0.50489973267581,0.8249408686484015,0.8450625002100371,1.351035906244021,2.1902286526743397,1.4462841391429184,0.24609940144022543,0.24755728532771884,0.3397866902227658,0.32342440111655446,False
f832_a,f440,"['109', '110', '111', '112', '113', '114']","['451', '452', '453', '454', '455', '456', '457']",f832,f440,False,2,forward_no_out_standard_k10_lda_nc2_sex_on,forward,lda,,standard,10,2,53,6,7,True,0.9847309589385986,0.015269010327756405,0.9783520102500916,0.021647978574037552,0.5381627678871155,0.4618373215198517,-0.15001851295195104,2.3519409838424785,-2.3349203330934087,-0.16539671173451717,0.045261295037704964,-0.03399965596040218,"[-0.8801199599360292, 0.2931599494223673, -0.5083040590212318, -0.3423575915049242, -0.2367919262668305, 0.7743025095949422]","[3.218632053246102, 3.2372608815902053, 1.9666408483426034, 1.5703318218339657, 2.096008675142436, 2.022771622899558]","[-2.38243077007379, -2.27712024942268, -1.5863722817360588, -1.8210669798290868, -4.002300681708697, -1.9481663416274813, -2.3269850272560686]","[0.3238007890573444, 0.08819772861906527, 0.011464410005666814, -0.3875085439331211, -0.3564037834786819, -0.8386114347466557, 0.0012838523347619292]","[1.207841383180768, 0.6022646189042385, 0.9759708874131093, 0.25956557189588647, 0.9837515327412346, 0.1860397732446771, -0.44683716104099575, -0.47744394974248733, 1.4912408374160158, -0.1206920058959892, 0.12938891799794766, 0.13961636283756276, 0.6559090349367803, -0.7844362235347887, -0.10431636774277764, 0.8968304919367504, 0.3834246283227114, 0.04015251399095347, 1.6704088046684378, 1.1848413586813586, 0.061286839948161705, 0.4086597913522362, 1.5427333000234345, 0.9572801980112484, 1.4091029358890443, -0.18640006436400613, 0.1837511777794592, 0.43026353131752365, 1.895037452735426, 0.29036446262474985, 2.103996727027456, 0.4202457331961191, -0.137020552622499, -0.4597180587596191, -0.38551910673401235, -0.7087324317760813, -1.0560765248572719, -0.5559336365426898, -1.4265840604691142, -0.16001717516162672, -0.28660951765879883, 0.1519485378080814, 0.005949061439719983, -0.5582032903996698, -0.20459429681250754, 0.22143723557978523, 0.688967854401394, -0.02590131617668707, -0.44037715862989363, 1.282471701110762, 0.6931427526672318, 0.5633937744319439, -0.029073673766571526, -0.43802874679928655, -0.6706766665684603, 0.5951713858649389, -0.21184504644261173, 0.5709083508529627, -0.6992077208515786, 0.38690149806388213, -1.164821232859446, -1.1110887972296686, -0.6306088011022034, -0.43629210420531106, -0.2923795307383696, -0.4515882572468364, -0.7805138674948523, -0.5114244031517825, -0.6990130926988445, -0.8944510889630544, 0.6231811843245418, -0.21885276742648116, -0.28543628318541053, -0.5866488193032626, 0.26875213695644345, 1.457494243306063, 0.559405056140928, 0.37323336594818085, 1.1657861341509992, 1.0962777817494025, -0.28055893801648085, 0.5398726652804632, -0.5355698473478088, 0.5661794394890804, 0.9104222645194705, 1.112099836674324, 1.5700797355789666, 1.1190318508485588, 0.4848272986444128, 2.1104455624020093, 1.6595867861149414, 0.632033028346483, 0.023346107484394554, 0.9594115278934139, 0.8158091629760001, -0.18203124603591184, 0.49566468245240497, -0.17485159665112296, -0.31245449412786125, 0.6450568695683188, 0.40779915459783994, 0.17797109092119168, -0.15246018375015213, -0.13456537891801015, 0.1367599350798085, 0.09914620451694178, -0.477662284154543, 0.06154102887053583, 0.6709678933169214, 0.6073737301711291, -0.04878517700353121, 0.2830729114996955, 0.286844770866203, 0.5001395303661851, -0.4256997449236691, -0.15139406877998574, 0.5164958495904691, 1.8161697827446166, 2.2745822204622446, 0.5481944858445549, 1.93103945127429, -0.6052474538287302, 0.5251962582190853, 0.8681354154385514, -0.37489346832858544, 1.6178497755018872, 1.4389643720048992, 0.0566102328390185, 1.2815582973010082, 1.0632795132838928, 1.187036050964675, 1.1938791045553787, 0.5028011375704999, -0.34248486503123904, 1.3156659635112662, 1.0714029063162127, 1.021931223128935, -0.24761187499661752, 0.19589515833032536, 0.9334268594515343, 0.8979571236912924, 0.3164722024177082, 0.6810446473542455, -0.6489816073216712, -0.421341552433456, 1.1804411784300057, 0.09233617777826152, -0.1336178882834714, 1.0903522636070255, 1.050191000360631, 0.5863359966662334, 0.0707725985406525, 1.3946335093154711, 1.0994680703976134, 0.4765196832056406, -0.44036720832693577, -0.8310877017797004, 1.5057276271651658, -1.5251281052579222, -0.7474504513210352, -0.897857626972989, 0.2163194299215776, -0.7452968513851449, -1.1022714192327643, 0.6192977259385929, -0.27833538500975596, -0.5314930494842354, -0.21669952004618645, -0.5080911271305139, -1.157019463357306, -1.2108818205663894, -0.9162749097397881, -0.40195753089115255, -0.7631866566882299, -0.7797020879865268, -1.0237723966019698, -1.4110145045521558, 0.1860664802722366, -1.3188157873709356, -1.2069936219833584, -0.15845969826465037, -1.1192783404244764, -0.5030826617975668, 0.2925498325712505, 0.5528865531648295, -0.3886236799233891, -1.0418078113550666, -2.02842065871992, 0.01067245003434027, -0.9958377005230705, -0.39628120147330637, -0.5315038006937399, 0.3084616682281058, 0.028075689699783822, 1.3632710938690211, 0.3526626335015677, 0.4645879264202156, 1.0501281515305587, 1.7070149366075866, -0.5304199591740173, 1.2248560576722163, 0.970217396247701, 0.743007892480525, 1.1333265002410797, 1.229465503186091, -0.09996401539880433, 0.2208674542169798, 0.993186154615695, 0.8242439721081367, 1.0838475272807064, 1.701080428042751, 1.0867289499652701, 0.4558572594211217, 1.0369575705157392, 1.453965794475351, -0.33835445555305493, 0.8538132351302028, 0.954058226159529, 1.194413867912337, 0.46217760889468296, 0.5859652472626601, 0.7076575681463037, -0.21075323961104203, 0.4711752504462174, 0.26589669085736806, 0.6413402085736112, 0.8149429513255481, 1.1805991751888232, -2.8013855760441166, -2.4795632167423145, -0.6536589818014592, -2.143669923115462, -1.31782170205996, -1.4487772186647712, -1.962038424756322, -1.7402498071430983, -0.028147547723520266, 0.05129313115839382, -1.4905785352411183, 1.1715893380664093, 0.12376246202675856, -0.19491628835229427, -0.4485878616355545, -0.9880611802310596, -1.2439565560668637, -2.0837376604202915, -2.9271140981267574, -2.8236823186844138, -1.711029178214421, -1.5024223530594751, -3.0248854750236602, -1.9054506652895045, -1.3362179234744953, -1.8795460622896216, -1.4196282679949854, -2.6084340593567075, -0.6327084741056419, -1.6573880926724651, -2.6627767571895125, -2.564210763771115, -2.2108334332649293, -1.7440041143072134, -1.0682747550061988, -0.7491285503734313, -2.0293490810228336, -2.888914662440569, -1.5078281536784657, 1.6559208665075382, -1.6057251952815361, -2.488847334943465, -1.9234645193494955, -0.8178280703986243, -1.1490624492394295, -0.3459278190194141, -2.106940952380532, -1.294581804503663, 0.15491582288950917, 0.4775112775099863, 0.44333474409080814, -0.12148416680614972, 0.14432897225448965, 1.1581342431883133, 0.885597198236463, 1.1508111719498368, -0.25817570582992216, -0.781809785156637, 0.2578715837571619, -0.7584394553386042, 1.0017117124001778, -0.5000990799345912, 0.8022975924512568, 0.38183079080341714, -0.3235764208388692, -1.0596595967452027, -0.28747346873881735, 0.8397819368195815, 0.13719087158975943, 0.7326922529806019, 0.07828170711623306, 1.164792477325213, 1.4566082768563382, -0.8002555770430079, 1.26555409666349, 1.170977145216688, 0.16414939192153247, 0.9607916750701921, 2.1981954434377227, -0.007470831708498553, 1.1117669537183092, 0.6711979179050832, -0.21228367029345008, 0.6134812061852383, -0.5846377277238902, -0.1934518334146203, 0.5343182810759038, 0.7558249883807888, 0.4815072883968577, -0.040921528307513305, 2.336230218482736, -0.573920046037282, 0.0682338844532534, 0.2154764395467817, 0.5867408619268997, 0.1680268854569523, 0.9638191360562839, 0.914909366519448, -1.110845256174704, -0.44978278022432355, 0.38433247828406775, 0.3914260092956744, 1.0393930828518432, 1.6693870763730976, 0.06201609286044203, 0.3503313664839086, 1.3103510792019137, 1.4400808973053425, -1.2327260820298944, 0.9855945933369885, 0.14807943522250505, -1.4814749700276888, 0.2261702525727315, -0.4943421039492963, 0.3485701690476003, -0.673427851132475, 0.6512144063574686, 0.7859605078348181, -1.1523702131984668, -0.30989591633692676, -0.30394878763425054, -0.1502069280424534, 0.9899178327234236, 1.499570455270021, 0.5075098299203233, 0.20113198898137238, 1.8962597889430093, -0.22930446745641692, 0.4142272942307232, 0.12711902675046602, -0.008669306790871304, 0.4355434359880231, -0.11071695571531891, -0.1597776253348, 0.42051353313162093, -0.14857645040337408, 0.5849057427375772, 0.033347447039572, 0.41410224308672894, 0.4290362554104657, -0.28434779810730687, 0.3824056581647264, -0.20149117879579087, -0.20006091985269597, -1.1425817597252192, -1.2692426629513163, -0.5229563951456163, 0.4494822023685286, -0.41714691123762904, 1.0049018222383386, 0.5641730242673862, 0.3275943855617723, 0.7975291905210128]","[-0.6679982634688421, -1.5613768387006852, -0.5690255256753872, 0.9802062021531123, 0.4024974480970072, 0.6913511007893011, 0.8264853383812475, 0.8252795235283595, 0.567717647081642, 0.2736608018248582, 0.7198579025388268, 0.14320293496888262, -0.12724925698550305, -2.138871795869869, -0.46816402127558887, 0.12748270559659106, 1.3285221517832944, -1.6212190660906418, 0.4061261130505233, 1.0100190935955216, 1.502924812507094, 0.27305121190799814, 0.30387123908538016, 0.8234939103967751, 1.2609731584975228, -0.16010139317203517, 0.9767529860383382, 0.8493586858572366, 0.8427899289067515, 0.9703492502407987, 0.47997180432101805, -1.0456445135811867, -0.5501905553218587, -1.3960902518934437, -0.4955575339392637, -0.12443209964051577, -1.307639489896173, -0.019733893826890826, -0.40494269842421593, -1.7598011079797184, -0.8775187397646542, 0.021344223087767688, -1.1465062645057196, -0.0176742842243265, 0.3351201637654515, -1.0537103305562494, -0.33688268290317785, -0.7131585900722607, 0.16800578317878792, 0.07306099970399128, -1.3816573853281626, 0.3864159495171476, -0.7976235756658229, -0.9602482516611945, -0.35041935332737933, -0.9827436998106852, -1.4127204878580972, 0.41660768464995673, 0.473093165059628, -0.8432172345293498, 0.33798117821985973, 0.47431185700219497, 0.3533447202858574, 1.0033441255121418, 0.652358821360601, 1.1991072098729791, 0.5533886322108119, 0.09716678736192673, 0.03092983552858416, 0.6895493078304268, 0.3453290362179374, 0.5533094788232743, -0.3825782117311808, -0.15110194299523438, -0.3229325943878222, -1.223424618687431, -0.1877547926870506, -0.6814948533615092, -1.4936502920517618, -0.03448610468806776, 0.29456837408224834, -1.167785182900575, -1.2673634565810272, -0.3302292330188472, 0.27763212307597246, 0.01844783258667962, -0.4540687434462085, 0.1793927238401399, -0.21242614061660609, -0.47550834059621366, 0.31364077445151617, -0.6830525383756357, -0.45268847012779384, -0.5789800065417269, -0.19036545764067903, -0.3163296568105821, -0.8139095198490353, -0.03881062485926587, -0.62961550927183, -1.0973902462562826, 0.2550637786193596, 0.19486073240639123, -0.14513303312936074, -0.41485545523996464, 0.18787470023541453, -1.1513622129339538, -0.7150650094850546, -0.10940301689588516, 0.6397687271544928, -0.3647395008371071, -0.30265645250560963, 0.08466098289162044, -0.8689020798923824, 0.7544498467833045, -0.0265187396685737, -0.31658402759223475, -1.657819640559293, 1.5509939384821452, 1.4798401105064074, 0.09232713942375186, -0.07496289083691995, -0.20719254504883913, 1.7330494569165507, 1.094344198476607, 0.2853598964808508, -0.7728723428730168, 0.22559717128282966, 0.47384543345273755, 1.3979585931538572, 0.7826509733990642, -0.09125379561323513, -0.6148152532873129, -1.0588884887091805, 0.06634166520680443, 0.8222659250091372, 0.580600485307276, 1.7178083275608396, -1.5584245475673166, -0.7856946343760774, -0.7710218500211516, -0.4471437288675131, 0.2353960926591497, 0.3325013043144044, -0.685435786423298, -0.9915135551846277, -0.2566053763041833, -1.4372647756073773, 0.6347463831923414, 0.5604388628332576, 1.3543022045075264, 1.502136072426114, 0.8405637408402769, 0.9259030865570484, 0.6502762420188659, 1.2782319739906731, -0.26688387250860246, 0.6769123540919464, 0.2814200525304862, 2.604189643473859, 1.823039995892454, 1.5842717902950856, 1.3844471260179876, 1.536455412069859, 0.9045482373421752, 1.5070063436834875, 1.7421300141802667, 0.9731295415469444, 0.4038330614572176, 1.2081306120003685, 0.40086875020514645, 0.6066895479001425, 0.7081251812036179, 0.9554613430987338, 0.044514969014988685, 1.2088185370763287, 1.6942902523365106, 0.1997936731431023, 1.2901346555256377, 0.9344183544450706, -0.12557973281705662, -0.4658789488240813, 0.5542987193967068, 0.8861181838802665, 1.537609258588353, 0.6056757019731027, 0.15708452291596062, 0.49712001111552123, -0.5920959375556964, 1.877524398980116, 0.7386796190593682, 0.8728025255582981, -0.12742614272063085, 0.37357933970063356, -2.608749932040504, -2.22337564329286, -2.0062739138146237, -0.9438701433714543, -2.1047594571278654, -0.28519210539093476, -1.0037700023575413, -1.45643211912474, -1.1387651544824244, -1.8766334412624965, -1.3360669343869247, -1.3723637394912032, -1.9659716045412092, -0.861976027879107, -0.49885945395482667, -1.8424923681440208, -0.6002281405498588, -1.6889678275763476, -0.3885935713908379, -0.7146469872669263, -0.29657860869888386, 0.3626231185914983, -2.098747068841053, -0.7494902440260721, -1.4973940680075317, 0.5107310190328861, 0.1377698613353393, 0.617656804175731, -0.9950701854213877, -1.4467248692253942, -0.8476286552673916, -1.5044541716137656, -0.6915415986777971, -0.8344210892882266, -0.22067304427028753, -0.2531784661748282, -0.7144490970789887, 0.4944831270694282, -0.7068943884962412, -0.3705415309683768, -0.31746522291652635, -0.12574806844844985, 0.11625907337615163, -2.17141018642944, 0.304206543246175, -0.10126041107213991, -1.5114357050221168, -1.6161593731575605, -0.7641765257973823, -0.4003299609415893, -1.195418913329124, -0.42575847889299, -0.042485288350879294, 0.5977393237055969, 0.5716959480392052, 0.1794301988611655, 0.2230200841092172, 0.3913586618866867, 0.5225247013780958, 0.17471608280134185, 1.084008773581152, -0.9315185664473989, -1.6042283219856999, -0.14350898520072605, -0.2725259566382047, -0.8912642144497157, -0.298833024497339, -0.028423585472994718, 1.1414278072988413, -0.6155462376284412, 0.14492580423386714, 0.08565756465763485, 0.5163440335054712, 0.5274163845316074, 0.3398204376278974, -1.0314762052480708, -0.7130550908188, -0.6663934608273728, 1.0862739303086995, -0.4598500831767407, 1.2275647781462922, 1.0508097836384962, -0.8354826243814786, 0.23776243409035774, 0.8074116406495963, -1.0295228849143148, -1.1218185113767998, -1.2547678781040306, 0.07039878067558462, -1.6037171197300313, -1.1376882686926102, -1.7071882832667558, -1.5332282127486276, -1.0211871617365251, -0.01903327839873645, -1.3671079335414582, -1.4955976854227162, -1.1446633847652703, -1.9876773656041706, -0.3105700029483259, 0.07282620990009701, -0.03345917977419663, -0.017288950900855905, -1.7514901189591634, -0.6243167391650237, -0.028588402904187567, -0.25955385223327543, 0.8857270420784231, -1.101479054978036, 0.975422420538889, 0.8196485371252165, -0.9227423847920716, -1.0496252089457847, 0.08076530565896774, 0.4293393109843896, -0.8501709841896986, -1.1545725924853547, -0.719411334982744, -0.2927683481759732, 1.3560992911237164, -1.026498688643562, 1.3841269745452625, 0.5735296357575604, 1.1426163816972899, 0.5112878566801049, 1.1319744818979287, -0.5481792251107477, -0.43012578158598835, 0.5521979357362901, 1.509819314673164, -0.8543565456108235, -0.9208588446565373, -0.07047388948981434, -1.368682015658407, -0.27704465362154157, -1.2317351547090838, 0.3918667224952776, -1.250177844819987, 1.137321682867027, -1.6052873173059885, 0.5792577019964472, -0.3322886191957714, 0.3979535006320625, -0.5682800811687053, -1.3821754033999814, -0.3121934538576958, -1.6121295257926473, -1.0567470163293724, -0.7253857152486711, -0.15040436099738544, -0.1488777697727555, 1.288166768231264, -1.2705940990450333, 0.9263062957147047, 0.47329565349930214, 1.2857246089642882, -0.669068305996255, 2.015666681353307, 2.752770296069854, 1.347079797820561, 0.7087121192894644, 0.9355147703392698, -0.9975993385234609, -0.2983434669817374, 2.305123053323397, 1.2679860433065333, -1.1617969607999727, 2.785483107329443, 2.042891161607705, 2.2233239180465865, 1.1303272509477114, 2.691722128338413, 2.0946278252936414, 1.7876963671496864, 2.3652735816207837, 1.309527736936967, 2.472835171997244, -2.2547195742421655, 0.562815349926196, 0.2663486312700411, 0.8344120508604288, 0.2593326032147193, 0.6257526908313027, 0.9700526155795198, 0.4148292531608558, -0.36024128049899107, -0.36562422628268104, 0.0867535509920642]","['area8', 'v44', 'v7', 'v36', 'v48', 'pred_proba_m', 'v10', 'v31', 'v43', 'v53']","[np.float64(94.10194591309136), np.float64(9.373869138387816), np.float64(10.489543634432113), np.float64(20.05766507914231), np.float64(24.790314111515926), np.float64(16.259987247482655), np.float64(15.133521868145918), np.float64(15.68665223781973), np.float64(33.12080665782328), np.float64(1094.8065626396487)]",3.3332844218923703,3.432233695579272,3.412590742724079,1.2112253913029205,1.283834208030663,1.0555891641930664,0.9061403159540138,4.702239515718453,4.702239515718453,4.537261115592984,1.5297284002638882,1.6238071058182961,1.291033226289203,1.2118699046437449,1.007019255829853,1.0068089435721796,0.9559963856703471,0.06062694657928063,0.03764910752461581,0.0325246145019321,0.01930720561177457,2.5173376955769955,2.8460122828225343,2.9041456783608095,1.1165177913066833,1.1732799093583965,0.9936341681915218,0.7960584883377311,1.879257782789547,1.7151175093649564,1.7301081071040216,0.8656597601924195,1.0028855541026063,1.0117211566961057,1.0886094205659707,1.0065838614391247,1.0594062061724412,0.9866074844124015,0.2879687106923759,0.27457622095268475,0.24083726046813445,0.25237916195901033,False
f832_a,f1022_a,"['109', '110', '111', '112', '113', '114']","['552', '554', '556', '558', '560', '562', '564', '566']",f832,f1022,False,2,forward_no_out_standard_k10_lda_nc2_sex_on,forward,lda,,standard,10,2,54,6,8,True,0.9847309589385986,0.015269010327756405,0.9976875185966492,0.0023124595172703266,0.5381627678871155,0.4618373215198517,0.964089327950726,2.137914465592973,-2.5176761492009216,0.5813018977403259,0.03768208195775045,-0.04587375846582798,"[1.833115582087366, 1.0658901370290637, 0.12760587666153653, 1.416894374370809, 0.7841745458109574, 0.5568554517446237]","[2.0028570116462965, 1.5830168226515595, 2.2483489236355783, 1.3977610205271096, 2.8045011180906725, 2.7910018970066224]","[-3.281448866851965, -2.0695134405189757, -3.0317259836739994, -2.8734115290077513, -2.7021477177211177, -1.68994980426644, -3.4182388654966007, -1.074972986070522]","[1.2632660544124343, 0.5242245997194185, 1.2649252298802034, 0.06271763069825025, 0.22300350948991984, 0.9648270801126126, 0.08209110358718709, 0.2653599740225813]","[-0.4130010137454197, 0.530463142738688, 0.4573392252350109, -0.2732742763433999, -0.6014548801608848, -0.7998028825364314, -0.6316702972460084, -1.9147066058053417, -1.3095585924346382, -0.15331997806331135, -0.4888438431352155, 0.7329221733046389, 1.0986539197702743, 0.1266327762021344, -0.2176281232667682, 1.745079226479317, -0.15035037301734328, 1.9312948138484571, 1.219241551851137, 0.7436665774277, 0.7530568319081821, 0.5007375024135887, 1.1879348768313722, 0.23559553458292684, 1.7194630953941656, -0.6160352783365908, 0.36937816056693407, -0.4983613433885307, 1.2456276240191206, -0.6266017332507725, -0.25417394256965875, -0.4367486274787873, -1.3732916582352102, -0.4892449850083436, 0.5701619053923623, -0.0015957883942629275, -0.4234742304882929, -0.06661682139210208, -0.3137526559512927, -1.4484944907936987, -0.04865928943340569, -0.6457617900191335, -0.1718488012832043, -0.3716516181955821, -0.05593335624528398, 0.17269107947805817, 0.4299536493156805, -0.11463505749628275, -1.0167011086768656, 0.8097955639860542, -1.0350073215304687, 1.4981759720253387, -0.6264546851578714, 0.2087815117402485, 0.14162647424734098, -0.418540813026247, 0.3854422735025527, -0.2942890583384091, 0.4315331820533048, 0.3813846537876615, 1.0748710289551666, 0.6827787594972337, 0.4095892388308247, 0.6250238021488156, 0.15137981287002067, -0.7046975450494687, 1.2917267494401903, -0.23584507860672757, -0.7875341050627594, -1.0082297722716047, 1.1900553393544129, 0.7242800309418924, 0.34537836320119986, 1.291755063612554, 0.3063714120366776, -0.20553623580616345, 0.6095583297773561, 1.1026973874035857, -0.21243168906448964, 0.5532982347460244, 0.269821198335333, 0.989331122766106, -0.4123179200608628, -0.08259942178376102, 0.38915512153836274, 1.1503911339861812, 0.3177968305092481, 1.7789006921665977, 0.5807678993687593, 0.17823035569342316, -0.2588760243429448, -1.3716803311317662, 1.4277933974518282, -0.8441101274341756, 0.9471513762729176, -0.1521264721062853, 0.0959061653104252, -1.2228885019741074, -1.2486780192614992, -1.3291561771558258, 0.007265389329778615, 0.3710510780655829, 0.9751831315254713, -0.3522587688856284, 0.20508273414843212, 0.019258985811838606, -0.05378305529796417, 1.1752253906112755, 1.5206386748751595, -0.21617592466409527, -0.3397319031650777, 0.6001852570572511, -0.45951550531769564, -0.5695950971354237, 0.7503979731813327, 0.15107895936395865, -1.8753780284327328, 3.045792111345148, 1.0138707923736252, 0.4094306058635646, -0.33722560861503575, 0.6087192513610914, 2.1266127055161217, 2.5052694063088943, 1.566958542907472, 0.9628684266075211, -1.4272272605259897, -0.5492560180267086, 1.5029382268880638, 1.4548842418500174, 0.7175790098770232, 1.8711065331621695, -0.22223108682970746, 1.2452387338796176, 0.7282963001932728, 0.7822622069384415, 3.3001675085799396, -0.3856251219106128, -0.7180488041047435, 0.7504752645879412, 0.08008193327092818, 0.969187543534725, 1.0555587364161207, 0.12228864569801387, -0.026193225858309445, 1.115232521173002, -0.4663720250365178, 1.223968350473049, 0.7918379255110062, -0.6309058364296016, 0.8098130028099878, -1.0479734409579318, -0.021454673334786113, -0.714629060971646, 0.25652289362389213, -0.46149289021804196, -1.1756394465091087, -0.6845137074047692, 0.5613219765964752, -0.6239777184333509, 0.5743810028429966, 1.7078293478463078, 1.1480511023019597, -0.6135554669836724, -0.12357677536544481, 1.6871246865739988, 0.5143780235349621, 1.0256967022667909, -0.20462421282863347, -0.10924668011921508, 0.4417306809294579, -0.24164000948070444, 1.9046703377058904, -0.105350766695207, 1.315176043312174, 0.18024476981360293, 0.8518791919677008, -0.02434887500798063, -1.0894568203067092, -1.0288523317504883, -1.1620812363658857, 0.007219126559320344, 0.1577874912113349, -0.39373002059539547, 0.07616551711671765, 0.06010855391838017, -0.3554151129921454, -1.9974957637973523, 1.9244211968898366, -0.8105829211205389, 1.3630158042627645, -1.3742191878748444, -0.5755622690880802, -0.6464191718555516, -1.4590174578659099, -1.1602922849827457, -1.4234557037222642, -1.3180274100443279, -0.5820583311279804, -0.5857722761863424, -1.7588840160384611, 0.6956743238331039, 0.08631575525268861, 0.3766263019124188, -1.3486495514294037, -1.457355386080798, -0.01272674943525871, 0.22362088519641263, -1.6887397599256275, -0.1874457518988727, -0.28941244728530446, 1.1717545035645014, 0.1329928378409356, 0.5087640485547035, 0.8944392744620839, 0.3194373244604073, 1.3311029057851214, 0.8531208277079702, 0.023316475853645133, 1.3926177121398693, -0.13611079072670318, 0.4365395592363678, -0.4636395722588806, -0.5057728077846049, -0.10714791141991677, 0.492926927246134, 0.31098283195708065, -1.5135243818348814, -2.041415861673217, -1.7882887157666134, -2.12575301941068, -2.5539746108787393, -1.8425944025902266, -1.3648313506492504, -1.2514512333827652, -1.367038025727814, -1.0355619999881076, 1.4970113165938512, 0.18673902947188795, -1.2551481595340914, -2.591336783330936, -1.5697898483601864, -0.8247959011788109, -0.0498659845510086, -1.2396759630842138, -1.8063796846920417, -2.542354433399129, -0.10319716397112631, -1.639378233245894, -1.847133534509476, -0.34971563133587247, -1.27114460539997, -0.8477267248495208, -0.011047336601243758, -1.934407741143302, -3.0044855564045823, 0.05831652705954383, -2.437197597597133, -1.7609379633443711, -1.345881479388032, 0.0740235126064454, 0.3125428631366507, -0.6381888497145193, -0.44579778491636357, -1.1937990624408061, -0.3691081792940128, 0.8165574519184563, 1.2060661329021876, -1.118966474824505, -1.1570665013697632, -0.5816870463554268, 0.8550250778931586, 1.0888204910025332, -0.06293456734912051, 1.0919093356221445, -0.21906551325282506, 2.5548128981697213, 0.5461197819780906, 0.5880419321534965, 0.4953773322994977, 0.48948803526094053, 0.14609946519837205, -0.5254214890294278, 0.670950080953773, -0.594536927388725, 0.3415116963022877, -0.1771983742923931, 0.741763208009146, 1.1385257381839538, 0.32344045008383476, 0.36641666607709733, -0.9120942412189078, -0.5077670383610228, 1.1354501661549472, -1.1901518703995682, 0.7582843829635556, 0.10939356082066165, 0.5337274353052388, -0.2953452969308454, 0.49860506431587853, 2.0860622226677967, 0.18209106336955164, -0.5929180229792688, 1.1474035712599802, 0.164998694599681, -0.8666336513377947, -0.8126037696182601, 1.091788421566728, -0.3517161015929202, -0.44979249062624815, 0.647160054711182, -1.4239826760751175, 1.2105346028129276, -0.674952141150591, 0.6837034612686591, 1.1592209595326053, -0.4888422186027801, 0.10545856301245286, 0.3495102062937599, 0.10564495983764613, -1.1405280466847842, 0.23219346771548988, -0.7159720117615334, -2.025527048885658, 1.2380345873298282, -0.2728885876669467, -1.131607121091036, 1.665679751599232, -0.10647732027671339, 1.335522107761397, 0.3835183876866448, 2.115672837461908, -0.5756584843135527, 1.0255208856861295, -1.7045420565490415, 0.008611014026861347, 0.49555197622094665, -0.5345418418625779, -0.47821760863009405, -1.0672245685897888, -0.08465753039466759, -0.6404609305821958, -0.806831283207575, 1.6717847340577072, 0.8964414168095705, 0.4107073539523665, 1.8707571151092324, -0.46571335962057553, 0.6202299666078164, 1.5263778761864368, 0.7632288256869028, 0.35126023654743815, 1.5771255491452207, -0.0027379884915538825, 1.3243036435904851, 0.9416575289015997, 1.124590449464187, 0.023199020465993057, -0.1329701791099614, 0.4527853999520048, 0.910781942880504, 1.5595494738592275, 0.17358551331167904, -0.27820787564332605, -0.35703391177925853, 0.8997462465267856, 0.7844956912966347, 1.3006511117101884, 0.14914440789537425, 1.2426413681021031, 1.452234446820255, -1.3707547109094063, 0.878183718036567, -1.1580734428557384, 0.04426163289852471, 0.0676040601623077, -0.27259241141666324, -0.1486020690146584, -0.8903804586312197, -0.23397463677669314, 0.26708035912871153]","[-0.36753692534494503, -0.8853742145754319, -2.0665467509581847, 1.300327198308675, 0.21053755566141463, 0.4983413018325747, 0.334349284965185, 0.836620767373173, 0.7272350530530348, 1.027411400749673, 0.7979224094543172, -0.06440303715047388, -0.9290097581596638, -2.304409738173756, 0.8133165492484876, 0.02037089813844863, 1.1853042067688906, -1.9009572401031594, 1.1851474558278072, 1.4092666841202905, 1.189821807259493, 0.9692696621673514, 1.5261684863986658, 1.5522125639501243, 0.5711233556382841, 0.8130412880349375, 1.1959148195309575, 0.8786199107967969, 0.3524204448650099, 0.6381889041620713, 1.741076497991312, -0.5273075640857191, -0.021128097025260504, 0.09625447111296975, 0.1444026808276509, -0.26205199803940643, -1.0200569627775082, 0.3722664444870895, -0.4556461283129219, -1.0140649678420266, -0.31383264821783163, -0.18902974740349943, -0.5554319621329783, -0.5395346962466319, 0.19955343271447404, -0.4386004994238495, 0.42078675113335196, -0.4232369133987863, -0.015525699450624486, -0.6739938319231337, 0.2488337226078544, -0.9086581513129566, -0.4367298850579867, -0.9265329224144321, 0.31394753115773044, -0.8242275973099032, -0.3503608848411731, 1.2207582915563526, 1.694366946095568, -0.6832063555937313, 0.4082581130977214, 0.3648429143480068, 0.6975694464243489, 0.24247884979067463, -0.10395042348574764, 0.27834958207581284, -0.058623653691880426, 0.4034429322128792, 0.6072694813723707, 0.6522467178224479, 0.5065541921579998, 0.9566280189330267, 0.5439029632447974, -0.642203505695382, -0.2252740608029408, -0.43710190594363485, 0.19638147580963183, -1.5774789411804633, -0.0496902217480258, -1.2277788729973778, 0.031202357000429944, -2.457876105599427, -0.7840415442708519, -0.1221791342492975, -0.03462616851488004, -0.6020934809051127, -0.7318682170008153, -0.6984879189801492, -1.059012148717385, -0.1550582442812791, 0.4254732582684631, -1.8283114472716442, -1.4196077818670803, 0.23592227840303948, -0.6884899876403956, 0.013815608167278566, -0.18518259665208137, -0.2184696801812014, 0.8482180002563023, 0.2104502309106921, 0.6118315179072191, 1.6875241797813998, -0.4406917845340745, -0.3890550977647075, 0.26838298372177355, -1.0042711252117678, -0.5777533657059637, 0.03601888576014014, 0.8506747879912298, 0.06876084461843596, -0.038337700362367375, 0.016681877448582325, 0.8128010862545023, 0.23655399768008792, -1.258749332876037, 0.620656915447796, 0.053002691355705206, -0.1488104797422207, 1.2008648831163713, 0.4825126037889352, 0.5824460215596897, -1.8947191606778457, 0.9088050177965288, 0.030636063386604413, -0.9323828733482593, -0.21348423438876052, 0.16863588524411105, 0.14607005821800298, 0.6847732452172824, 0.42009498406696577, -1.2276005585335794, -0.23474857005961147, -1.0670983698882002, -0.43447662686621324, -0.7245029201830967, 0.5630996494051485, 0.742508731853075, -0.187745927340348, -0.16991107469423353, -0.9575472347401079, -0.42056240586955695, -0.6856569462039978, -0.9320718756661658, -1.379297538690411, -0.028123743086497906, -1.4985088550317454, 0.20622693259128075, -0.2605957717344875, -0.3650199691569082, 1.7279725694243098, 0.742081692935011, 0.5087419724829463, 0.9400835223851052, 0.6844432897704688, 0.05405373196932861, -0.1390770945384596, 1.642737875262175, 0.4658660230334635, 0.296315744409261, 1.4134577033651927, 0.7600244102327887, 1.2451166487090986, 0.3974679280893861, 0.8207047096502328, 1.142361553112469, 2.7502831943524426, 0.9055549210970667, 1.3904978446127358, -0.031966528065695575, 0.6097365178178389, 0.34896610825512664, 1.8838406401003807, 0.9527056042279523, -0.2948174120689794, 1.143148847901865, 0.4735805873165681, 0.5096958833959101, 0.9813437645025876, 0.6818358753714793, -0.04082837288426285, 0.05859915710232838, -0.11722667876810357, 1.33492801886693, 1.348885935200682, 0.3756544153167992, -0.1399753597272428, 0.13624557231284415, 0.6240274502392774, 0.6222086537196893, 0.894288277199846, 0.9326239586909687, 0.9369381853032465, 0.3477934916200706, -1.2731225824342625, -0.7191948710063506, -0.9622759053531651, -0.2686349939073964, -1.231437410601647, -1.0149803000639646, -0.6606994558735227, -0.507665225552678, -1.1428676939436693, -0.957633790855544, -0.7419618625751588, -1.184892321388114, -1.4413191409304869, -0.6682939043150969, -1.4038794802814247, -1.449556361994426, -0.38954215671478976, -0.43704239524308297, -0.5756178154141027, -0.8970876485621401, -0.9803174605475982, 1.2385502380368345, -1.131716163857767, 0.2291612459573744, -1.3374337824785112, 0.4936557476752636, -0.2731627284845219, 0.38381764066595225, -0.448521531354832, -1.033834551126133, -0.572533394623584, -0.4208281512153244, -1.0169510383152511, 0.2204237237149606, 0.2623877028889849, 0.7128812715619198, 0.6174392212900383, 2.524519867212204, 0.32348969117246373, -0.48504576281539824, -0.007250322194476579, -0.3745630170264538, 0.9692018620512022, -1.8580263703747353, -0.6948453097925504, 0.11976157691848449, -1.302640814670494, -0.3331546673785236, -0.047225298162116625, -0.07347842690017892, -0.6421982683692903, -1.0736931249730115, -0.2484671750118733, 0.10937965117810222, -0.08539378299758878, -0.4161846034707901, 0.07061277191587867, -0.6308497051440056, -0.4591593103112303, 0.19825868264322397, -0.5877123180609999, -0.4000854985609366, -0.4535329983507941, -0.8890668914399816, 0.09010974971933534, -0.554644063399021, 0.3938885874689084, -1.1050764978608234, -0.3821486187852143, -1.0148692708450031, -1.3483440808294735, 0.46284131168747966, -0.6569827082146273, 0.4821990308057608, -1.9113942916236826, -0.030009012441634023, -0.6856487005290273, 0.21565923394463862, -0.5986151368556551, -0.5805577340101992, 1.4902477058973709, 1.1360184365503843, -0.531386905292019, 0.9428028460647566, -0.599571829331934, -0.7197353856610251, -1.3330924675122844, -1.079409244511472, -1.1432908391238232, -1.8298420480026927, -2.3004121069903234, -1.5337862468337131, -2.046272429356412, -1.1606029188859697, -0.7764063290453984, -1.8811559370992803, -2.4369454071289858, -1.7636085957419168, -1.4660481695103833, -0.5108984329141462, -1.1540326027857446, -1.6053067884410692, -0.30063850702786454, -2.2141868737096657, -0.014632657750088242, -0.15295145935243512, -1.416424179223212, -0.6733103758970309, -2.0734856733409655, 0.6713704976415247, -0.06759952328308608, -1.3104614349514632, -0.9671294083132483, 0.770464832066275, -0.820852636255719, -0.43110156433173347, -1.275578057931561, -1.252811683464534, 1.2242635084364142, 0.720205927247144, 0.6045785979421703, 0.7017857932761128, 0.6237735710448431, 1.0488470184868546, 1.1117554615385052, 0.15868042560861115, 0.5903032295903327, 0.8661791825814347, 0.7111151898269712, 1.7740357841675964, -0.9239846648608786, -0.9171821546293885, -1.0557368075056466, -0.6222600108652462, -1.878929965695604, -1.5549171411384224, -0.06344928007354877, -0.562438267277238, 0.2053085361987738, -0.6775116379785382, 0.006924594268380703, -0.5919143750410311, 1.0297649755251823, -1.1353156309611876, -1.2285986139293508, -1.2628941892156822, -0.12994164768821156, -1.1982193283744318, -0.8370644272761059, -0.5501931643025542, -1.363458376429666, -1.0855764369200103, -1.7432767256807922, 1.6628848185981853, 0.540831696827923, 2.543575839576126, -1.7442260830832754, 1.9462137690863686, 1.8504118016733413, 0.8617625487189899, 0.2054015209733317, 0.13258947445838992, -1.8965243209830314, -0.8250197630162779, 2.61666128729141, 1.1341275627058216, -1.0737037282549953, 1.496891311423241, 1.1891340274271422, 1.9848621784946805, 2.4127842643182906, 2.0772534617738794, 2.1534224399047392, 2.3195017508650073, 3.0865282922972517, 1.0286581198985865, 2.638798986088854, -1.8477397708979606, 0.8695210738107336, 0.4235959917170715, 0.8326765210603253, 1.1752658175037274, 0.5882017989157096, 0.17111478643954764, 1.3597401784060095, 0.7690296256744821, 0.06418498308442916, 0.614575190042165]","['area8', 'v7', 'v8', 'v44', 'v66', 'v58', 'v73', 'v28', 'v64', 'v60']","[np.float64(86.34450095762797), np.float64(9.688963768546222), np.float64(12.29741335742265), np.float64(7.790245433571845), np.float64(9.830186992914957), np.float64(4.9954278694436365), np.float64(8.55898698378205), np.float64(7.188727011528007), np.float64(1.0799880444497905), np.float64(5.989083981561642)]",3.813886931239815,3.914697627152476,4.112360588594429,1.1178864035716893,1.2535499823859253,1.259389706485988,1.2293344271116105,5.038378045004295,5.038378045004294,5.121354635228432,1.4861685672732061,1.6036163613515457,1.579425756986668,1.6140747278058798,1.19546399974932,1.1925324303139047,1.2083182782852515,0.0917497551660958,0.07726077520329844,0.03349382255338396,0.023906491277508657,3.4817654771516477,3.530811668489907,3.5344550642559716,0.9758400256043377,1.0489410362764087,1.1576500828200866,1.1820045385591316,1.5724489558250907,1.6061629216217048,1.6843886006863256,0.6173774427186369,0.6222180693754983,0.7584091853563829,0.7938684729343776,1.1791739116800501,1.25734458231553,1.1783640489279326,0.24241003703166947,0.24924886385260026,0.26991889885708215,0.2416678122315823,False
f832_a,f1022_b,"['109', '110', '111', '112', '113', '114']","['553', '555', '557', '559', '561', '563', '565', '567']",f832,f1022,False,2,forward_no_out_standard_k10_lda_nc2_sex_on,forward,lda,,standard,10,2,55,6,8,True,0.9847309589385986,0.015269010327756405,0.998424768447876,0.001575226429849863,0.5381627678871155,0.4618373215198517,-2.6956479440699734,0.5088192283778346,-0.4164431575125037,-2.241549775844927,0.051195362006613954,0.039053760725701755,"[-3.377181687036634, -2.265896389013064, -2.2324098554424703, -2.5491037731666166, -2.071418822705726, -3.6778771370553285]","[1.1880183612992297, 0.4802666184941633, 0.18508390281927178, -0.010776041069824828, 0.5225527721978033, 0.6877697565263641]","[-0.8395802909582645, -0.40688304000629266, 0.07299179819580542, 0.08559100321054268, -0.7911863840090761, -0.492599550962377, -0.5019509635478694, -0.457927832022498]","[-1.7889779085549382, -1.840266014490983, -2.195667444492134, -2.937899572054299, -2.409923847723309, -2.375557852832094, -1.7771504708318797, -2.6069550957797767]","[1.4370922734712352, 0.38287732363957117, 1.6135322901699334, -0.21110307887259472, 0.5492118022921401, -0.6685866018132443, -0.46552574561122645, -2.3674048781794292, -0.15605037576183242, -0.5558173354513419, -0.8939048962068494, 0.6882542338305073, 0.7778285714096683, 2.491998154309151, 0.6739587508196433, -0.7425454686762206, -2.0535921462151587, 1.801616917122531, -0.9060861743831499, -1.413065116254213, -0.8843022853779962, -1.4473341015371388, -0.7861292703383274, -1.597592737538769, -0.924694455587371, -1.3725545267132326, -1.608343439637418, -1.548800084678759, -1.8007550230861105, -0.9765478801518643, -1.4080418968141422, 0.4512497784755421, 0.33535693750923723, 0.6022787896001581, 0.6134007912644694, 0.5473694892187886, 0.7134950803718452, 0.0792262941927701, 0.00907722065281367, -0.36816470320903033, -1.4111468849909556, -0.232525345180371, 1.263741621440108, 0.3067747781526536, -0.2529210568358401, 0.47933906614538063, 0.44944962141936495, 0.07875405350734196, 0.2210880761660599, 1.3286760665901916, 0.11082907031703818, 0.7479252582058872, 0.8989431088919559, 0.312956188118115, -0.09552380201787511, 0.8991402667897719, -0.6659784980394533, -0.17571134478985787, -2.2409632523297307, 0.908728397434669, -2.002707325390753, -0.14123537756808943, -0.7518682745222947, -0.19588220229828807, -0.3524552408666153, -1.2044381877186314, -1.557490397071041, -0.5043625883768136, -0.681664619662003, -0.5609292370420111, -0.49479686326815614, -1.9424995541212189, -0.28225650523424517, 1.3021339778765042, 0.8129238063586436, 1.0369936760947371, 0.34293892075613824, 0.8271266226316327, 0.8225206159832916, -0.23767896484239462, 0.9899658713926808, 1.7718335868849562, 0.029534579618149877, 0.9006318331859019, -0.12959742136027294, 0.3229903394866995, 0.04251281077726028, -0.3708308640974991, -0.7015640646630853, 0.35755767387936344, -0.3003217748188627, 0.4445302254325219, -0.38111833920424154, -0.984606515479945, -1.1599997271272928, 0.08630095551200725, -0.1598958479922027, -0.030903092862297185, 0.3272286404216694, 0.3304065081840178, -0.5799833595053064, -0.6491920255042741, 0.44293185691904635, 0.2608370202681674, 0.8149049228239601, 0.04442534455315692, 0.5413582311047347, -0.42079442264204264, -0.5848456490330379, 1.4776660947781057, 0.7506504496327794, -0.7200091293863836, -0.5181467950363045, 0.06652277545823249, -0.385552635089653, -0.41080644555340456, -0.07561309041317775, 1.3361831718684665, 1.6205122810282107, -0.5472869754238896, -0.21522513111275546, 0.8135459587712874, 0.8416621422652666, -0.4914721586105981, -0.32612362198504474, 0.46057760807959813, 0.45988872834391703, -0.6782731157933569, 1.0122271566567105, 1.0408837615568522, 1.0519225527289986, 1.175695793207652, 0.5254533628452076, -0.7699443664223331, 0.32975390939800525, -0.14422403635929687, -0.3368221484093164, 0.6063491831604294, 0.05907188430161604, 0.37421116790589065, 0.6866570013742976, -0.49136956739407395, -0.714838613171408, -0.6278398574145025, -0.42739117477980515, 1.5709585269067385, 0.01296884178013511, 0.1701635842214992, 0.31705889908411206, -0.7002173041461873, -0.6726948283070343, -1.6514920330407032, 0.6377985934388906, -0.37028702004461456, 0.029274153483282567, -0.6455191641019028, -1.3684867765581166, 0.019020772287186835, -0.3980290528296874, -1.1210961546450653, -0.3086162968086687, -0.9055450706979364, -0.548830019878699, -0.5036436146776323, 0.9576546776237528, -1.3073875582501515, -0.03224431160184306, -1.1661624431988085, -0.312689843822533, -0.8205490230940381, -0.4009357137772692, -0.967594040965858, 0.6815883027194196, 0.7354901153044617, -1.4413042922014099, 0.9454808194904104, -0.8208840453129361, 0.5435519513856673, -0.7224069684649538, 0.032657055736336926, 0.12647253221796825, -0.7633686009196027, -0.329288235115004, -0.35593625000918727, 0.9917281170211393, -1.2520351067791236, 0.23561076665606992, -0.12222496531381734, -1.6290595359482332, -1.6215004184393398, -0.6858346169020348, 1.1316824723282872, 0.9915136449043926, 0.35663741895585604, 1.6437481364826434, 1.2244118928115726, 1.4344638419910731, 1.598466005529553, 1.2589123659363168, 0.9793533246577595, 1.315872746484694, 1.8957862337800826, 1.954020854994888, 0.864406201842231, 1.3770842267177268, 0.4470579500109755, 1.003173761998001, 0.23821379002088905, 2.6548418085355268, 0.5705833608866916, 1.5105008635703947, 1.9182507290283863, 1.924143394031789, 0.1889549398570873, -0.37283660673974295, 0.05319072302290133, 0.6539152299922172, 0.6735237344438988, 0.05150939875071072, 0.19785163198871736, -1.0842728402731918, 0.6974316159029574, -0.0438684164635461, 1.723859051994496, -0.6678780040893966, -0.6467802199582936, 0.2598980030317226, -0.313887619726719, -0.08853889790554618, 0.2946312437583963, -0.6165456835845948, 0.6150117871440868, 0.029846058892912457, -0.36398318158305376, 0.029197828994669914, -0.8015355170262956, 2.358377043689032, 0.9781826266407487, 0.1276736832149357, 2.7166576599167724, 1.844311409704636, 2.3431963253838393, 1.3508562283037104, 0.07380361353010018, 1.3148887406252567, -0.27045539163593035, -1.1082659606944083, -0.26311045497844343, 0.6631105423977399, 0.11352353058678322, 0.8695367448380417, -0.5633926207324871, 0.3912607383525117, -0.5755226751488418, 0.6806571794631192, 0.8206891378422349, 0.38660422015788226, -0.9595385380265098, 1.254037312893003, -0.2586464914219377, 1.697361424332787, -0.11536460665427975, 1.16715048229154, 1.3467478015085543, -0.9128743975716613, 0.0892984949629925, -0.608643214475488, 1.2124779719001695, 1.0491516272892314, 0.2953886040953675, 0.6350634920523468, 0.4762605563751384, -0.5510520174302407, -0.5962026208708755, -0.5950563220259222, -0.6287654327143827, -0.5731745315124438, 1.2652666538889306, 1.672357054232037, 0.7802810859847088, 0.8736118619326549, 0.5155246188958678, 0.09050179649594801, 0.7425340909496662, 0.8315583152750036, 1.0862296132278022, 0.1765491482982928, -0.6515197493844926, 1.1214104693881055, 1.1432700646327012, 0.9973921629535298, 1.6906172796241161, 0.6510214290002371, -0.1824911603244133, 0.0421040271763024, 0.5767014138824229, 1.5512739204791546, 0.20799324279156903, 1.4371415590531116, 2.375933516946189, -0.8102709078064587, -0.18017971142503766, 0.037874813787239336, -0.8159344383670039, -0.03459609974088015, 1.0643382088686457, -1.3039695218852467, -0.780158415219026, 0.7709124925125451, 0.7210274485468682, -0.6362367183557233, -0.29292690298261137, -0.5035380722202701, -0.32941225449377365, 0.15864619838602317, -0.36063378943616475, 0.0038470076907334513, -0.024175736760458474, -1.3476342345330328, -0.5097118525738772, -0.33420166836186366, -0.15919133387154272, -0.45219407030526027, 2.2956930172433987, 0.7363024368737955, 0.5535095805306693, 0.04368929186041118, 0.24983400657094926, 1.7431997604467409, 2.778290300254725, 1.4532432514086904, 0.9965207213606507, 0.41932180937112623, -0.3844187365886028, 0.44773647912172015, -1.8795387456013386, -0.2739449309662046, 1.0539886935292166, 1.1137846035474102, -1.1656681649813916, 0.49588364395008966, -0.5218636273205888, 1.2075907782803865, 0.7403657015923603, -0.3407619955944998, 1.298338953858983, -2.3929634397967865, -1.3628639538114609, -1.7468095370606576, 1.250500515158531, -1.1428610411874893, -2.615497306767572, -0.7595072860159648, -1.1325442681913063, 0.5801256020436243, 1.2423842344856562, 0.37927916539820006, -1.7583616284792891, -0.9906977020284485, 1.0502209116851524, -2.3429443582986473, -2.028271634610542, -1.5439503847193388, -1.500476364859811, -1.9092711302234902, -1.3900878660426375, -2.7819324524936344, -2.511309318659889, -1.24859401206562, -1.490296979335699, 1.4318464186305964, 0.3643192280139629, -0.38319237216048047, -0.7871049211470321, -1.1855185035724194, 0.5621937821571411, -1.3478845400468549, -0.1570358119886895, -0.007920850980208406, -0.23885841437817623, -0.8759797097437786]","[1.4777365398797362, -1.4022964680093617, 0.24134419334857057, 0.6509931103146795, -0.4616318490345004, 1.4812731631259752, 0.07521217279302064, -0.660040770741981, -1.051355053000706, 1.3843187113789277, -0.4376913602498007, 0.808919556552133, 1.4544382884184373, -0.7731968863716138, -0.7923433493410516, -0.8959939403142076, -0.11466534793056961, 0.732089973083862, 0.5133950212424201, -0.884724083114229, -0.09561812649862818, -0.2195313287681138, -0.585840861196767, -0.10473807570295572, 0.09381706461073322, -0.5137397944636003, -0.575182406604902, 1.0116130456633277, 3.3991759467010247, -0.13384492090661546, 1.118305768573726, -1.1259331980875147, -1.0096472079708958, -0.45261376653377194, -1.3812128638165102, -0.10221170121035274, -0.3433647826978372, -0.723102043121212, -0.6882342017002917, -1.6688126509260912, -1.6270267017811126, -0.06557164392661124, -1.3242566078725255, -1.2423420552072173, -0.3945031600924184, -1.4985719632119663, 0.34627057875929756, -1.2072272514566689, 0.18772692265856475, 0.5224276815586456, -1.1057950781508532, 0.18539938034153866, -1.2568985891429618, -1.3953778363531069, -0.6576928440781737, -0.9156905389181326, -1.3911017279922488, 1.1054453082399638, -0.9313572257839713, -0.9176202417121263, -0.5450038807009666, -0.22997801846874755, -1.0197992398766227, 0.6111363566422628, -0.2117434889862818, 0.28607116137372907, -0.025105672356052045, -0.06504750674854035, -1.2767905810258928, 0.22012268550388558, -0.09780362008080634, -0.4825854930311568, -0.13729842735326328, 0.4209954406445986, 0.8977001698943378, 0.3984018852955875, 1.7625755024921768, 1.4977903454221355, -0.2857914838430486, 1.4147662093267719, 0.6905050362289427, 0.6740265384265607, -1.0405855159800728, 0.5238941068993285, 0.40005843651682244, -0.17732639645819798, 0.23325305735573867, 0.30506277026236783, 0.6586612999647454, 2.0975755615858405, 1.926314636222929, -0.09737148765242039, 1.4023281409165063, -0.603868299127395, 0.5738965521045425, -0.5947616912459668, -0.28292962790752374, -0.3452514531921896, -0.4348367287094645, 0.31446516203802083, 1.0742739973963735, 1.1362311940262397, 0.43907141964762797, 0.3767644979020038, 0.9970559847054632, -0.6567932434360304, -0.4686242646968253, -0.3417294015609882, -0.5118376558077087, 1.4971359355072436, 0.35236093954379716, 0.37056265116686166, -0.8702145133671715, 0.9499589789476001, 0.1807869406511504, 0.26491262933951676, -2.5636863182050265, 0.8267321235399749, 0.8512749963823285, 0.4568775253664331, 1.1941474789869946, 0.9229215816101798, 2.614134780919283, 0.9855960258553284, 0.14929894392145598, 0.09752629240616546, 1.7748277669964505, -0.279486034854128, 0.685051944397111, 1.4218689169232905, 0.17465063119485746, 0.4245643177448906, -0.33625973388633734, 1.595111636846429, 1.5788571434791256, 2.6805240687565552, 2.327630576975054, 1.7556031575356934, -1.3157176493371159, 1.1082078721616944, 1.1561711728893769, 1.017061654730494, 0.4303839140250943, 1.4680224578383132, -1.5661454920622042, 1.8219185133559237, -0.6467929917428619, 0.030614134552268232, 0.09668946490464683, 0.7011515574274955, 1.0503124989271482, 1.5132265430917642, 2.650008434241248, 1.4283213355523916, 0.1654187493642431, 0.2690846205752566, 1.0260054663460247, 0.18988311393380933, 0.8660752706660236, 1.230572738985328, 0.9834350688766708, 1.1979646414171434, 1.237765695495967, 1.2115623632251904, -0.05108055134447131, -0.2664240088325735, 0.403750226962702, 0.38881352627107946, 1.7830233810057385, 0.432906259152239, 0.9117677469194279, 0.772131033690868, 1.5445197679501361, -0.5281658646619855, 1.4379345950504885, 0.42346345614891967, -0.13202268168820666, 0.015723445496466693, 0.7654935208607714, -0.06680750369253927, -0.17113656908848854, -0.973713071679503, -0.5137230749970019, 0.35337416749428247, -0.11523401532259248, -0.06200406792820115, 1.1209837277749588, 0.5920936978327905, -0.5324143554239748, 0.19413705119576674, 1.8676442753962188, 0.047614622851492074, -0.7363926773577105, -0.3753863970667154, -0.5818119660702845, -0.3210577228921685, -0.44040807691689016, 1.0416532371192313, 0.24399064418912192, 1.069762647285797, 0.054686387485590154, 0.16955824430801827, -0.14615261235779778, 1.1226488445203966, 0.2249455318415747, 0.4823663550370118, -0.08069042869132165, 0.9428217693671738, 0.6254503518004914, 0.8185317536773598, 0.5319625268751494, 0.7104817433652391, -1.0891762100470315, -0.7224072410773055, 0.9310438183181503, -0.45802691448324323, -0.03618601152177401, 1.3395404827788269, 0.670978176146176, 2.0048786248681396, 0.9255730791130158, -1.124057522711247, 0.40150124835955336, 0.03080246921567462, -0.48209639037313706, 0.3300339835973216, 1.23810030711328, -0.15542909947768765, -1.6838191590602456, -1.3852635245387808, -2.70107143994638, -1.4529392784014132, -0.3431458755563086, -1.4176357404152367, -1.8771677452195223, -1.5210970241062685, -1.1235920587893098, -0.6278298740784325, -0.23848961600059237, -1.2705301119688688, -0.5794945934339963, 0.8006761799694198, -1.468260811870056, -0.5657164848758012, 0.029879299318982335, -1.3406141432570533, -2.0242161066354845, -1.8754665960921515, -2.56686692639367, -0.6676960262740294, -2.340149713812721, -1.4763822049979143, -1.0331699720271776, -1.3951504859019461, -2.1558846936533307, -2.482734120891604, 0.07925040238573298, -2.0597567953726066, -0.6617819788620783, -1.430583646105975, -1.5241709728874968, -1.563784479767015, -1.462011124990301, -0.7892772286801526, -0.8566823681697545, -2.81568241224486, -0.06358598466655138, -0.11464299925804312, -1.5267069054078188, -2.924823727437073, -0.8961950492652834, 0.1536404920312623, -0.5615452379969229, 0.9459404399314975, -0.2863649505373555, -1.3815392950688388, 0.8755779101161173, -1.5242602598211241, -0.27336024955257165, -1.1298223160147765, 0.06305168846363472, 0.42308375749404276, -0.38711378170883504, -0.9743696748359348, -0.9419508490893674, 0.7822616691935402, 0.1662601239420362, 0.9219120310124646, 0.7414065121379695, -0.2873007163181324, 1.5157165720797758, -0.8212793983537243, 0.17724052280812255, 0.5585981086416271, -0.11204227332163817, 0.7562857315646515, -0.5879567777288952, 1.3228755493462163, 1.0396498143031212, -1.6368755777521533, -0.7330179956001588, 0.9552385343774878, 1.9501212985319578, 1.2997058353286883, -0.8780237991103383, -0.04651035115814815, 0.13552072993338568, 1.4241737304833597, 0.5948588070552606, 0.18126439354913362, 0.33776781785923243, -0.31600697449455817, -0.7218344235343183, -0.021058745931781073, 0.26772989789134305, -0.004190614856266313, -0.2402947099734971, -0.8459655692287538, 0.346761198142676, -0.04937193217922596, -0.41408177957210557, -0.26671170868475835, 0.18515472596731197, -0.8339723428702873, 0.5147045908954212, 1.1955281376566482, 1.5387193213354442, 1.5956473420621147, 1.1170590819383623, 1.7006119109143782, 0.4929470047193278, 0.7650262276215705, -0.1010995112495805, 2.34690474146671, 0.7130452734485773, 0.3439228510066449, 0.3283480712162114, 0.7006303493940184, -0.07200085071565941, 0.6353786252324355, 0.47955333542938594, 0.2441702969175271, 0.4225908804360076, 0.3695345351165961, 0.6934994660960526, -1.1005071130807322, 0.8028689450208873, -1.9985076552192784, -0.5311131710144571, 0.846164002712314, -0.3066726437404193, -1.1899710958463574, 0.4392437896283244, -1.3697372845076912, -0.5169560677313532, 0.36980166187418523, 1.0163598714899582, 0.38489347816921915, -0.3191869969338736, 0.9023954897597778, -0.6144378604130611, 0.16532616184163718, -1.0453891510001427, 0.06653437692072887, -0.21723953291973525, -0.3290914275078691, 0.12158144823762021, -0.4578380941083133, -0.20772999780818444, 0.49850457129701425, -0.5357248718190937, 0.06858706573015946, 1.1380059263960727, 0.6233961381681885, 0.5617207711397341, 0.17776746498439203, -0.0875956696245959, 0.03789671573254373, 0.25625577136478844, -0.18634279875541832, -0.3298036507900979]","['v78', 'v112', 'v15', 'v67', 'v47', 'v59', 'v91', 'v51', 'area6', 'v40']","[np.float64(56.88510869861774), np.float64(15.229151315602056), np.float64(7.0516984436858134), np.float64(10.628640840974231), np.float64(6.097906321884262), np.float64(7.484433363402652), np.float64(14.677753073232916), np.float64(16.25678936443648), np.float64(37.531969969509525), np.float64(28.65612195726553)]",3.572016813854015,3.6004203553786405,3.4376696093274792,0.9847203989578832,1.317523260913045,0.7067815550856877,0.6843445163801698,5.029573790780232,5.029573790780231,4.77499291672277,1.2862753451569493,1.6194838860744651,0.9007485361603118,0.8741455339904156,1.0028715195795825,0.9809149753627041,0.9858339838576077,0.014669260202065952,0.008359816875422643,0.02605384883572814,0.020953404577363444,2.7503690042227618,2.83453348261497,2.8730074687718647,0.8681158167267015,1.11128529802357,0.6343880862289675,0.5823852492250376,1.7323708439635683,1.7268846434246747,1.6794196091723248,0.7164730574907333,0.6286822839817583,0.6347250296690158,0.4280560491841541,1.0381339407544354,1.0429124260980471,1.0271101318049165,0.19301830017225885,0.22771754428173044,0.17022353625822959,0.16587971679393976,False
f832_a,m1084,"['109', '110', '111', '112', '113', '114']","['595', '596', '597', '598', '599', '600', '601', '602', '603', '604']",f832,m1084,False,2,forward_no_out_standard_k10_lda_nc2_sex_on,forward,lda,,standard,10,2,56,6,10,True,0.9847309589385986,0.015269010327756405,0.08153398334980011,0.9184660911560059,0.5381627678871155,0.4618373215198517,-2.206983651314862,-1.5593711661698422,2.0799940382817783,-0.9745276205339646,-0.019837371325271882,0.05013517900881494,"[-3.1458153637565895, -2.0756819057193634, -1.6022975234243841, -3.0092589377185606, -0.7524647198019971, -2.656383457468279]","[-1.4183866692176115, -2.24442334638408, -1.2095143321307225, -1.4584129836916935, -1.190245660743707, -1.8352440048512395]","[3.4071226100534013, 1.3818100020032775, 2.1250661107553013, 2.0857248069724297, 1.0026723728402092, 2.141975273756625, 0.989283269654701, 2.316766151219185, 1.942397175509249, 3.4071226100534013]","[-1.400789424399722, -0.8261161054871328, -0.5979329487040834, -1.3563401790338934, -1.6462068438656203, -0.5446874112659806, -0.5076655717556223, -0.6217759622994657, -0.8429723341284029, -1.400789424399722]","[2.4038727732615395, -0.3669117820682555, 1.474162795869382, -0.14691119450680268, -0.058030257296813055, -0.01582805416287545, 0.029142624431205792, 0.440409324585881, 0.3500490927782621, 0.2007980561722626, 0.5040985079815289, -0.08996350959735716, 0.7729542987656282, 1.8780370494796668, 0.396588753023287, -1.2688443728680723, -0.43880165970855595, 1.2445896071864657, -0.6363604445599823, -1.0478559189631678, -1.6426600309949981, -1.176965285133099, -0.8820780068722771, -0.9643318214749179, -1.1183899995051645, -0.8314729233634219, -0.3443300081145938, -1.6614095968483715, 0.17388815835021015, -0.8954369152139681, 0.9839985580338231, 0.2059517742473454, 0.017770916839764766, 1.1135257584662088, -0.4348920958245076, 0.5052907488304388, 0.7363841276363062, -0.6132642393933959, -0.15206287266386828, -0.16299920908622365, -0.8715661425669842, 0.189088692749999, 0.11093192580126057, -0.3145711839905684, -0.6895992907866608, -1.2515120972999603, -0.7682874128362, -0.1563129184369537, 0.6018663346442952, 0.8137699880015666, 0.6592393490986925, -0.3528359398880055, 0.6653007706612905, -0.27866101591713505, -1.0439177264688977, -0.44834242785396855, -1.1479293894521017, 0.2569313895800953, -1.1590434789250907, 0.1871285667348526, -1.0745741656332235, -0.42955324400170836, -0.7429452606611748, -0.35407610472167805, -0.36117925114942295, -0.8181302845414529, -1.5712945424221305, -0.1140529954365377, -0.8517829739288978, -0.5746639773717298, -1.1858142443936246, -0.7444069671732843, 0.532413593942646, 0.7553749654527662, 1.2560239509587001, 0.5864523039250787, 0.5004240304926062, 2.0441260883638424, 1.8136728709606713, 1.222624574280051, 1.0972406609195962, 1.1591426761490369, -0.5234011989000235, 0.44819597371318076, 1.374891360223418, 2.506998857977319, 1.7485510752874236, 1.1869890967430792, 0.38563951128922147, 1.4811795045920726, 1.0793505691453682, 0.9697042151875301, 0.4607532353067688, 0.6862142378651762, -0.20961954197923766, -0.796979486361367, -0.41997975589137865, -0.09018589107856691, 0.6599280777181837, -0.2677564329484344, -0.33096687247543205, -0.27619732074434483, -0.035401188753400085, 0.29050618304685444, -0.03479263403909768, 0.6930242497349074, -0.7516296414274483, -1.502955292791065, -0.9297105168617071, 1.589890843184534, -0.5942946225911455, 0.18657019481955656, 0.03145073602206855, -1.170514833691725, -2.070661742165101, -0.0024919975397366097, -0.24137376217145218, -1.2014672699671267, -0.21275159997460738, -0.734458530254138, -0.21830431191324226, 0.11122560589785499, 0.3674129774156443, -0.42289986070661256, -0.5119530024389715, 0.25899401275042555, -0.061248937818985195, -0.4579188739352984, -0.8994127113773003, 0.3010442322528451, 0.8839601354676732, -0.540157884814344, 0.22991893205352867, -0.566213291972017, 0.42322410370449093, -0.48463491644346984, -0.983479084473088, 0.9369219240271071, -1.2008392442583216, 0.45797788865405004, -0.12491171539390836, -0.44964076850311735, -0.47668764261016033, 0.0921845605121971, -1.0396005161086823, 1.490746577744401, -0.4656213384608025, -1.2614480909592831, -0.8744014913205613, -0.26119563258865114, -0.7241033543739555, -0.5578216693812936, 1.302744041428158, 0.6787935089598428, -1.1059920459737391, 0.22568998733942788, -0.7152414036049263, -0.17320221923937237, -0.5737559626616995, -1.0738066014427259, -0.9878590618372529, -1.704901779897416, -0.7314293796631111, -0.9995649564747844, -0.6516820518881556, -2.548267946395057, -0.8367732736106834, -2.4661464450642248, -0.30940020325346884, -1.6781610782236245, -0.7574928135276647, -1.0765470762297107, -1.0576402517030197, -0.5118379099351333, -1.6563937215709408, 0.5770027924647662, -1.5541946368300814, -0.9589229312557428, 0.26732097399471766, 0.4793560119537122, 0.5681020537710156, 0.04698646719940438, -1.3599030961925431, 0.2644156058526505, -0.27790836397439256, -0.56057573007207, 0.48880687521367844, 0.6706565550551021, -1.214357967064092, -0.287112091143459, -0.515224253929066, 0.4954685245185415, -0.45793316916332266, 1.241015716169307, 2.0002950347890907, 1.4864352367503375, 0.8182438167281829, 1.9445138182867796, 1.7012778170268301, 1.5481459465438179, 2.0088375308668542, 0.8238680200499655, 0.40638418636498386, 1.7625989729404328, 2.035270669571739, 2.0189763801378806, 1.582191984170552, 1.3177391039608293, 2.2126389405251343, 0.937460298664885, 1.4728121199728976, 0.9527465550774038, -0.42794018502235154, -0.549776508306932, -1.0621098265723061, -1.0422401995335704, 0.018372442362077586, 0.2271341252134442, 0.7230351042494035, 0.3768972669258377, 0.2819988962881621, 1.3210348968276007, 0.22608570626985602, 0.3847751446003482, 0.41102652554033026, -0.690990325976155, 0.2152462520443118, -0.6298296909836636, -1.8453517830078396, 0.00025610693768058035, -2.01635277096227, -0.8467934464076998, 0.31447614695814463, -1.5515647759927216, -0.40476587714450185, -0.9467594551631648, 1.2975758713501515, 0.05740391354160299, -0.38234266699521136, 1.667788698073733, 1.2565129401280977, 1.9953941953036418, 1.1855344047223761, 1.2513605687212654, 1.512888852480713, -1.3386876466364923, -1.9017301523710766, -0.8564737228115303, -0.8050491845940388, 0.2972616018311988, -1.1302601275826696, -1.5192212794906028, -0.13408493133350652, -0.8047157801812935, -0.29984996123944585, 0.14710925507887787, -0.2879989256475964, -1.0048612666601038, -0.27999480349702577, 0.4795524806469243, -0.2512146117675168, -1.3673552566851392, -0.08166726649644773, 0.06669603928330929, -0.9779250399933088, -0.5069735303614903, -0.7175469062411471, -0.6140055648240837, -0.5563654749119308, 0.19778990274944747, -0.10180361498494912, -0.5652776325860541, -1.4322903733640107, -0.5336193269821069, -1.5709392347997724, 0.6844032663224977, -1.1411854309488432, 0.05290266662556107, -1.0112229529708927, 0.23662437239257522, 0.46068611054772984, -0.683786290818933, -0.15048477461395746, 0.20844310860971144, 0.435918416137174, -0.06895448232080212, 1.4146752669985938, 0.3853725848721135, -0.5215475625441254, 0.1466293724949864, 1.4310236150166378, 0.9974637491371503, 1.6942084992639472, 0.32463614397099383, 1.9637620115980035, 0.8697840763293304, -0.06319568137219847, 2.1183342512370475, 2.3176947560350785, 1.1629621387652957, -1.5468878005470315, 1.4676969932561006, 0.6949587074844976, -0.7914375794322852, 0.25394184445691803, 1.7455512935361006, 0.6901759603426921, -2.3181168240902097, 0.45490326112825596, 1.0388936476823056, 0.672480124728571, 0.11596461546882668, -0.3705296359104627, 0.5224540021488143, -0.19462004800175006, 0.2863675268171465, 0.43843977675986984, 0.49234490316922064, -1.8108521394933599, -0.1891706163332882, -0.0952573152510087, -0.11457236351631785, -0.6126852182460714, 1.393515357918084, -0.47767560376585344, 1.1273344954162567, 1.9514320528269766, 0.8345911092524432, 1.118529277187607, 0.2197499741566598, 0.6680545072699465, -1.1937044703314668, 0.7985677002463691, 0.5283506229181626, 1.5282127110772057, -0.2954711959078048, 0.23441439782619375, 1.78997424555902, 1.401005842999532, 0.03101074314884169, 0.612792872416201, 0.6609775472032707, 1.7889662303058238, -0.180380795696984, -0.9835961526407883, 0.44696134500803536, -1.3905894485758414, -1.0106711315467116, -0.2921977002374204, 0.6727974995962318, -1.8347554701656488, -2.333940891682545, -1.0193610461253866, -1.2921216729501561, -0.4135007366861535, 1.2639549287605303, 0.6644044608089215, -1.3448633049138592, -1.3703445714264733, 0.8182568812079153, -1.616138542314919, -1.9615627717669772, -1.6628990526371321, -1.4875173008205849, -0.8901809050162358, -0.9684802857806177, -0.6579360439833192, -2.4675849411084556, -0.0758940132938626, -0.8680757283183328, 1.2621447385627944, 0.41894487316943557, 0.502828742455225, 1.2626732887687613, 1.4824126846169234, 0.704479527362584, -0.24870708427814162, -0.506469877484721, -0.6945750278005308, 0.20558623502880952, 0.1002198933306656]","[0.882182364115187, 1.3794633146496464, 1.3928542124081962, -0.6003718084000408, -0.8800096270718065, -0.8180806280272681, -0.3396462150237309, -2.006091854565041, -0.4436808610193965, -1.1140366486570732, -1.1817129519511902, -0.500718512361639, 0.9212183474860742, 2.207113378954853, 0.29385708999679794, 0.44290346938774194, -1.248929491870201, 0.5555893841629406, -0.6560291043125726, -1.7591641348330729, -0.015576449860338112, -1.2564824651537885, -0.3400563133041803, -1.998446979889004, -0.3794295517641328, -0.8368106282585627, -0.6877394101800481, -0.044784836244932395, -0.3316708159969516, -0.8773604129671019, -1.0411537811843643, 0.014912399220452297, -0.2101318880310614, -0.29960395125224176, 1.9088409235834916, 0.8767488898039344, 1.464108618787013, 1.2981290709575573, 0.2957336602872158, 0.9660480351615539, -0.532752267592951, -0.5101111913220729, 1.3025375231831609, 1.5412148249065856, 0.5177206753762084, 0.8897427537342788, 0.1964359564301643, 0.46846980717150144, 0.6442874339179889, 1.647527132777085, -0.34360843062248697, 0.9918157947678354, 1.3478425123563271, 0.37426957671137967, 0.6862449842143358, 0.6035641105054761, 0.6126812980507875, 0.10971603187520093, -1.6772998083141732, 1.1839187467325099, 0.476092400037694, 0.48127344665733074, 0.01112408794334255, 0.43538194615400433, 0.7459758478457168, -0.44221523922489353, 0.2570161353646939, -0.5614218192979386, 0.6791197517177228, 0.13714372869189456, -0.5106097839683298, 0.7087366381922467, -0.29901348976673664, 1.2605227349976418, -0.2294807815437525, -0.7578834653642079, -0.7893280473844886, -0.13948147828145102, -0.26053793271182535, -0.5712922301942155, 1.6527522787840936, 0.8328388285808306, 0.9913925824089976, 0.7374905820083357, -0.5862196337885055, -0.18562031269872523, -1.381867588812912, -0.72301367492847, -1.0581949855829031, -0.3389843491057849, -0.3288811827230614, -0.6616241172534997, -0.12419591411195145, 0.2651213982606906, -2.0437666967638646, 0.8848513551280645, 0.5872081477722678, 0.8785969882219197, -0.6317949050067544, -1.476149954666317, -1.1379183724764153, -1.7662822854438538, 1.2498077353291277, -1.0862909587006355, -0.32346516169469675, 1.2192449279654094, -0.5101875769249499, -0.7495549954919906, -0.5955627728062248, -0.4515339794839491, -0.589642279669189, -0.524205512402057, -1.2938380537081065, -0.12286209039602194, -0.45084055383590743, -0.5184846464885654, 0.42503859639238145, 1.0275524040657582, 0.07567048902239058, -1.9052869845590072, -1.6546683786362348, 0.6232304270587534, 0.4940000873932689, 0.3100467349550329, -0.8436919940286215, -1.899838004760262, 0.44690446947378404, 0.03830320513097232, 0.6971627238756803, 0.08515131435287844, -0.1834109829610541, 0.40644530163404924, -0.8258475794426169, 1.0626949743011365, -0.1042448316843244, -0.15834979102261829, 0.17292056995310878, -0.2901213772936361, 0.0479919678570811, -0.11534535834990513, 0.7179410880210485, 0.7021114440834358, 0.06845796650222115, -0.09383571275790963, 0.5685770077849285, -0.4309624114591805, 1.0536528174585391, 0.5136080784841481, 0.8676997403731224, -0.9807086321066728, 0.862805677145519, -0.32954084388885974, -0.4845487830298009, 2.1658528361436797, -0.2467020395704809, 1.5487965821581826, -1.9201361781076283, -1.0891480680423797, 1.2155917721628655, 0.7194074469140911, 0.41753332217879585, -0.06884895680808986, -0.1295883252206822, 0.7592824157742388, 2.0022374901256903, 0.45524420766193746, 0.9903044814234889, -0.7515821630929898, 1.3530615197283602, 0.2885257518309439, 0.660790214219228, -0.5737355985398188, 0.4993508769197373, 1.6800783844089784, 0.14450505384028178, 2.4803871858102493, -0.21797687262532378, 1.0129232537589776, -0.25378675528509814, -0.9823908680672213, 0.049097632302927054, -1.4760696671411304, -1.387988062967827, -1.6772423852796117, 0.2496192301967289, -1.1481752867186152, 0.9542351911198658, -0.1435422214951549, -0.12205389947779766, -1.0245163144052152, 0.09648694801322112, 0.35525075777499837, -0.04211712627023366, -1.785497091441948, -0.6100928078286195, -1.887795068859334, -0.39167998834929574, -1.003869857620428, 0.044956552837142616, -1.3352659615131828, -1.1334465882275717, -0.3978900628168193, -0.8893862375024808, -1.1754524746691861, -0.18238563028940685, -2.6366764358562254, -2.1381490364072078, -1.1005604437503955, -0.7106239746071188, -0.7086622847981385, -0.8013077523921222, -0.40927012867492735, 1.7294376825886946, -0.5652410592921251, -2.135234533869332, -0.7103435936332237, -1.43250707958992, 0.07366884301649855, -1.1190492167710406, -0.5419184524794396, -1.1213181325375388, 0.39070467784735874, -0.01674651447797174, 0.9557257344208784, -0.42051060035189436, -0.7298771592475916, 0.11391355810202053, -1.3465270268380993, 0.7323176534533027, 0.13004630271255607, -0.31251568568601684, 0.9790541126746929, 0.08689227827605345, -0.3054947842594837, 0.7265343569533284, -0.5103201860528017, 2.587488567892135, 1.9527805326112857, 2.0862448931931596, 1.6694518141595058, 0.8178133350321873, 1.7515421583479476, 1.7146224426493817, 0.1315416578870918, 1.6187796576008329, 1.019932004649032, 1.0398007858027671, 1.6181933082788673, 0.6687736056082436, 0.008855462478151664, 1.8168050117897547, 0.2849301570517602, 0.7533125977716754, 0.9147640356438962, 1.925259393744614, 1.7392412193158513, -0.27996224167262157, 0.6523732869806437, 1.5980821644060925, 1.2281827209598124, 2.1336571157746795, 1.5433746254576146, 0.6397776617424341, 2.209873407790314, 0.6196259652892727, 1.5492335591348683, -0.40659529304715103, 0.24640616122575737, 1.6600290301932334, 1.8274597295447403, 0.8254066243914322, 1.2454678151734881, 0.12754939921584385, -0.8069954931058544, 0.8032372308933683, 0.7239611350344148, -1.3022448670817366, 1.0231161427057678, 2.2520168807484433, 0.9102256498720048, 0.69023889057302, -1.150942647191747, 0.2341778383484745, 0.06622328515972177, 0.4387878942968754, 0.22496726159584177, -0.43868032088324743, 1.4889754004213358, -1.0100931617673268, 1.1147260957273712, 0.02517503800860334, -2.033962290448358, 0.9969319098772151, 0.4786312351808675, 0.41599591913407735, -0.5238486170036005, 0.25382889153777705, -1.3499927734300199, 2.4462281370570462, 1.241686716342426, 0.07370272979489366, -0.05190806720951662, -0.5981032847348232, -1.4287240668256667, 0.40994828488124774, 0.39945365639308134, -2.206442027239948, 0.4947439112701317, -0.2419561541133474, -0.10155017647542475, -0.25625111203642714, 0.42418092547058994, 0.2496634188557557, 0.3823964043346508, -0.5976084662245154, -0.0015516164019707033, 0.571724092874976, 0.6896188745170772, -0.9785642885121418, 0.1236967891923234, 0.2647600603822103, 0.2797694067147846, -0.6208620850697223, 1.2893590503769503, 0.40987071514616985, 0.6888876819526517, 1.006504773987169, 0.6907188442113773, -0.26883224415616613, 3.436115147363034, 0.0802338872775857, -0.06600690756274023, -0.34042068110457485, -0.9255309317918199, -0.9492307980596271, -2.2465437519343863, 0.19813121122234445, -0.34661911218101643, 0.40090723035209525, -0.24680704752671798, 0.8222904693611022, -0.9221632749931252, -0.1632787316088367, 1.6021205478130511, 0.0284901101991956, 0.592812846135139, 1.2700668347455448, 1.943952344851115, 0.2318757572834625, 1.0008623865003081, -0.26501065843142835, -0.5248900887262616, 1.1638858863564898, -0.04191828938890145, 0.04986330339600829, 1.3390069270666096, -0.13323346122310167, -1.047966711386446, -0.09822891466995377, 0.412774698628911, -0.7106648066445869, -1.4214027260040973, -0.8052997760073053, -0.6207133302437865, -1.0260868990469694, -0.6127477224172222, -1.167720619583289, -1.0833340514396863, 0.7705586514461167, -1.3351269306419606, 1.3586540419348185, -0.48904643510698187, -1.0448318798953178, -1.4862018751436608, -0.8883909167774439, -0.45985866256803615, -1.9772791921918254, -0.46447974048107404, -1.3816999647880768, -1.4682077660632904, -1.2530573188519003]","['v84', 'v80', 'v1', 'v87', 'v104', 'v112', 'area3', 'v102', 'v11', 'v110']","[np.float64(31.36336649853081), np.float64(11.524818835990468), np.float64(10.605956167040787), np.float64(4.667301874695625), np.float64(5.19817421949448), np.float64(4.284845874376932), np.float64(23.59515098295514), np.float64(12.975648446909215), np.float64(6.131914178181341), np.float64(27.124508292336813)]",4.326686917720219,4.36609896507181,4.3459147310583255,1.2775518502223335,1.2258200437552471,1.174565801343704,1.1532863794050636,4.8718212352325185,4.952648762123255,5.084692904766163,1.5970961850161267,1.679815606764412,1.4750884192652027,1.3658470484468004,1.4947336613452415,1.4210818652753991,1.4846981173476625,0.049183704316615215,0.02407168685879757,0.05045566106823943,0.011045656953089455,4.2869776895966405,4.2869776895966405,4.181077364583229,1.1569212791514698,1.054085934043895,1.0670247179892405,1.0903564588342163,1.2308077768160048,1.2768806687730119,1.2656489431741857,0.43179722663918063,0.4045628489060016,0.4896850025088278,0.49071064962494115,1.830900249598685,1.4781362769855886,1.3889816083834199,0.22562434200975273,0.21342914808772545,0.24288934859602268,0.24691711680661574,False
f832_b,f832_c,"['115', '116', '117', '118', '119', '120']","['121', '122', '123', '124', '125', '126']",f832,f832,True,2,forward_no_out_standard_k10_lda_nc2_sex_on,forward,lda,,standard,10,2,57,6,6,True,0.9901077151298523,0.00989234447479248,0.975538432598114,0.02446155808866024,0.5381627678871155,0.4618373215198517,-2.7598544428546696,0.6629099878028192,-2.432000689282758,-0.7493690525737603,0.08176149814389644,0.001361560075132833,"[-2.180815520155452, -3.088598196966262, -2.606266878372215, -3.0495707441654583, -3.1848995095033694, -2.4489758079652617]","[0.06940599526240557, 2.387017969324229, 0.0740746397678479, 1.0735616114997029, 0.340565546256514, 0.03283416470621518]","[-3.446722726418926, -2.6326963708830826, -1.7699934199638145, -3.021404754138097, -1.6755625697126082, -2.0456242945800196]","[-0.9946016046025026, -0.8391763450357418, -0.4276440300423092, -0.21312694040700692, -1.1341561363600783, -0.8875092589949232]","[1.1126887888313517, 0.9626890996286408, 1.5484966521547001, -0.6955559788370334, -1.2413575026541888, 0.3042498593286127, 0.35635837396823755, -0.9298543839804659, -1.1224839797903023, -0.3441263674147371, -0.11781614347981245, 0.8653901674723459, 0.4708776970600342, 1.677588898848355, -0.8102577558089906, -1.8493176739043509, -0.29778051541049083, 1.5181207916094417, -0.6634793899214135, -1.6234339981962258, -1.872955915015442, 0.00928023758318164, -0.0743969631287705, -0.829797464701305, -0.9021153099626972, 0.2145206798648734, -0.7663066584842176, -0.25913315103722667, 0.9827801904517539, -0.35930185500511047, -1.251125832708529, 0.39706502895846735, 0.3166151345871758, 1.5562112766061702, -0.6872084952092608, 0.8927251356934334, 0.3082156088968854, -0.986141728466481, 0.6560629595177255, -0.8151851190968002, -0.029679866729148248, 0.3752016006838136, 1.0124318821771534, 0.10199699859573565, 0.9924241933013083, -0.17431757230867828, 0.3279260467571653, 1.114461227971449, 0.6704364367073238, 0.10399311955865102, 0.13617458626638995, 0.19754494820724064, 0.05327879382781122, 0.7206953696951386, 0.16500905652624806, 1.010158111466745, -1.0331482834026553, -0.31462802402855844, -1.0610240001541977, -0.23620131257249707, 0.09469347821719752, -1.0982283677682565, 0.2801778861852466, -0.18466398234775988, -0.24187991323940766, -0.9781832410291341, -1.9634574741130932, -0.32719151334228214, 0.06263874732048043, -1.0652618182477358, 0.1764678884837253, -1.0032453065598135, -0.18569430138148382, -0.5659985863945973, 0.8091226376845091, 0.36427775517625016, 0.42194930871800856, 1.8231872091501626, 0.5302229064010211, 0.407907741407866, 1.3754984233705772, 1.4635899356943367, -0.07296617110462761, 0.8211211967244769, -0.06667181644955808, 0.1527523396269756, 1.1196280727347399, 0.856139630395675, 0.564083526460229, 0.9128179920772357, 1.3042794189480311, 1.0595783972217732, 0.3462189583753189, -0.4092087418484858, -0.1675664903365904, -0.2529250573811973, 0.5083941629184371, -0.4329695853866342, 0.5782469335077333, 0.22296344140501692, -0.8076564350271266, -0.4316077897351271, 0.11852681776506596, 0.30676064265622005, -0.2655702041193743, -0.47529521654341256, 0.9730219844488412, -0.8176332144753532, -0.7885116270985356, 0.10723576331421417, 0.8642835050752896, -0.7561574687815523, 0.2052847694036443, -0.48902197309037376, 0.04532066595731181, -0.9346792628943618, -1.0311282303049991, -1.3924727703705375, -1.4063676485561065, -1.7462868004528602, -1.3237901127444538, -0.44783630883691755, -1.8749227736890155, -2.6286966257001265, -1.2576946687207868, -1.24295616145042, 0.6919913487768133, -0.5267175702654203, -1.4806771027599925, -2.160559432340258, -0.37841346485928457, -1.4875229133890704, 1.2164991048000406, -0.037214719272965234, 1.2570263078996766, 0.7767404119526752, 0.3618272121566815, 2.045141258017622, -0.42305509926226476, 0.9269341602816704, -0.0019517751736961109, 0.30461450533885476, 0.7805140459316422, 1.9225888194408334, -1.0630488798458577, -0.188732951583178, -0.6035659677302543, 0.07921535868239026, 0.007323825771079183, -0.2822992351199809, -0.5209936393893592, -0.477273820320059, -0.6277417053188414, 0.3961837367008485, -0.6675476125871862, -0.9982089852773162, -1.7353593857664225, -0.6457465845294419, -0.36363522571110185, -0.6824550141448686, -0.9704609695089383, -0.8800767391491754, -0.4248305438149152, -0.12067898118086375, -0.491583769453276, -1.3636559357462161, -0.9250762711899579, 0.17409747727554134, 0.8299263374216233, -0.2582485028389302, -0.6792032009127542, 0.09348344097500495, -0.5118062102476035, 0.2530513126680998, -0.4814992919190519, -0.5650857998752346, -0.5246893974056805, -0.8604071362408757, -0.14889393716157656, 0.7757315949256495, -0.6671621396042103, 0.45029271947116173, -0.758948066258775, -0.2710244458815208, 0.419703433180638, 0.5460914375979465, 0.08656304411998642, 0.7286715344682043, -1.086089268708685, 0.7659589944463123, 0.2752158992656193, 0.44544733768534167, -0.700232602705493, 1.9168875512266832, 2.235081582507838, 1.5025847780434485, 1.509499793203246, 1.7167508032904162, 0.9196831369923132, 0.9080493502505199, 0.9891414952298078, 1.8092267297758762, 1.2495822351767447, 1.8988778431109645, 1.985018277448756, 2.102274788582923, 2.0805678799178646, 2.0535910692360453, 1.7531142567471756, 0.3218454220738101, 1.5907289764013972, 0.13988797105277267, 1.7275161675004347, 0.6376903897425715, -0.4290824640965771, 0.9498173211976122, 1.4106824576897363, 2.3434947407220164, 1.1773950040359742, 0.7552736182569986, -0.3721375825113538, 1.9899423065719475, 0.2579074876459107, 0.7488768573149872, 2.012154437878985, 0.9739830588365098, 0.47159858690934436, 1.1221156171985858, -0.3237047116881588, -0.1305916237020671, 0.02163912869869573, -0.36215733717205717, 0.44321885577651676, 1.1043802910304406, -0.7189373139325488, -0.3405638559589208, 1.0173213409811894, 2.1631685737652444, 1.5462101061783502, 1.6256729034747648, 1.4825195427107063, 1.6384023964068155, 1.3970715362876471, 1.3418001478241672, 1.4526009927305197, 1.6633422395525501, 1.1683947314980774, 1.0746423159557923, 0.0036345490086008418, 0.1391227110750237, -0.24300246794726493, 0.6655422192076971, 0.56186555899356, 0.5657016778854854, 0.885280779391051, 1.1750741674461167, 0.09727408581019215, 0.30615132290829694, 1.8594788449563926, 0.5494676147980835, 0.4336568738472646, -0.04537805070832302, 1.2375498098031537, -0.37264246408737356, -0.08331744467108937, 0.057554052115309014, -0.5076999876471051, -0.8230687327458313, 0.971904333622542, 0.5923007795336777, 0.28958228516302037, -1.4368560554771859, -1.056742299104413, -1.496969147917256, -0.9037390447424817, -1.832954736926004, -0.10287554437717748, -0.4398961330728673, 0.24751908872998601, 0.7384945809880763, 0.4274874965592501, 0.3326905892902732, 0.5454391704243791, -0.21484224815913783, 0.49709970796181635, 1.9925524945791688, 0.9405115574258333, 0.5873818728862653, 0.17184635059327905, 0.5712745085172753, 0.4903538349208199, 0.846237363565132, 0.35007727427133545, 0.2995761074410898, 0.6307996278092756, -1.1255170929485825, -0.37932829909030424, 0.3761019902514841, 0.7623039643195482, -0.5253314460656784, -0.8362583315279596, 2.15013664777976, 0.5349298005667646, -0.048082409308395996, 0.959802201263075, 1.1733058894391797, 0.35364892699639033, 0.912081456098219, 0.7844321509399982, -0.1383936194432486, 1.4441103863757099, 0.5360966814430944, -0.3410772303847577, 0.2240801346206475, -1.0978836685278672, -0.3223611498286329, -0.13850663484723924, -0.24203809631670298, -0.5758935551669248, 0.18902386837221932, -0.35252068523703994, -0.1869178779961223, -0.7129885100313743, 1.5814883603234735, 0.7927184165218916, -1.157986367976183, 0.9551926922852134, 0.8727073061097113, 0.901256210514503, -0.5541207451902461, 0.3896403377679112, -1.748880221989348, -0.40674827393720775, -0.5630920764492522, 0.4068824895919672, 0.1590216017616267, 0.39676517764876246, -0.07979617072308945, 0.900322779915635, 0.5771119790353453, 0.3878406536585972, 0.2634147099622799, 1.1729499545904871, -0.48047567680309583, -1.028193037202101, -0.37269885887341647, -0.5506635432242731, 0.9204758613956489, 0.15213065651923133, -0.1448977790732595, 0.1363842016265944, -2.7308867366619003, -1.1867819484963626, -0.8754907644436912, -1.9931773737359373, 1.474598279970353, 1.6844791404224848, -1.3934192236900003, -2.6060911522357104, 0.7605023284565395, -1.5208108301015342, -1.9741990002421943, -1.5000519547618028, -1.1779833730818976, -2.6523467988871756, -0.7161545395639557, -1.7318356874825789, -3.9395629326578354, -1.3327268494448852, -2.803345903244077, 0.8418555316486317, 0.5219685996911703, -0.11344986230270528, -0.752360366677464, -0.13922226353727438, -0.2792186119706004, -0.34406368715027863, 0.36424176499390615, -0.8547019182472231, 0.8197572517280317, -0.2726401480262618]","[-0.5071080282949503, -0.16163437347771645, 0.36561267081606214, 0.18832289338123046, -0.9149390918470167, -0.001387115375014225, 0.5774038202722801, -0.741626965191327, -0.48063780644680026, 0.33550275524356404, -1.3330152906077415, -0.27287442782116833, -0.5886224463682452, 0.1391014906684841, -1.4600942308170166, -1.0071433038195277, -0.0010656855707898902, -0.4069034760617363, 0.4690460762992431, 1.1295446212253366, 1.0873945622125618, 1.2346121653583118, -0.9570881491677462, -1.360796382691315, 1.6420328638154456, -1.0074276809098253, -0.5724653652931432, -2.4244360238744997, 0.18460577760601118, 0.1896434956937862, -0.04721996926873132, 0.2597730451230315, 1.0138046707588801, -0.16499110440036768, 0.20568799429193554, 0.3452955283098964, -0.14657113352480394, -0.0718195462804529, -0.27964131011674387, -1.422984096176713, 0.46968306741504984, -0.4838567808739601, 0.19295724775484469, 0.36885192779647447, -1.329684326603357, 0.3308194610249232, 1.3241922033231193, -0.8665847531244303, 1.9552408474893144, 0.6843673722979733, -0.27254584923807096, -0.8914382818144864, -0.9426411334598991, 0.3520152287060948, -0.2539969803893226, 0.8844728538167512, -1.7038535461523265, 0.05700116960505502, -0.14144375255738573, 0.4661004416540925, -0.462456036380037, -0.30915352379070205, -2.6335262233020496, -0.15428406946474157, -0.4539204024484223, 0.5511533897929514, 0.34889702157445873, 0.5124920375740731, 0.5113015585342322, -0.6232819486317651, 1.1213324661059016, -0.00756555152400526, -0.9688395049836979, -0.44806501092864726, -0.23360385409201678, -0.15050273744222673, -0.2412789943853045, -0.08331047300541077, 0.7913073448336725, -0.45486096467235354, -1.2912338179888034, -0.6541274470326439, 1.5248689553232544, 2.6172863063173004, -1.0832818165124822, 0.13880794770448426, -0.6067692601028647, 0.16743592326939663, 0.606545562456089, 0.6494638326688836, 0.679546295234464, -0.16389867916678966, 0.12028171820752166, 1.4760196044235228, -1.6008625081726313, -1.3409905436493856, -1.0646155372767492, -1.3503174806307314, 0.19183308076862007, 1.2807281950978857, 0.6732112372331253, 0.08332344552756198, -0.7729580262356851, -0.005223171939233248, -0.009326103496705323, -0.39233102437292317, -0.20598878605191667, 0.33796387243112674, 1.1864696105552772, -0.0108484242231291, -0.12142966221184762, -0.653125028654119, -0.18249304110975026, 0.12339007863154929, 1.1049062045598843, -1.300966769989277, -1.8247228034191592, 2.6306225224705577, -0.6809354097582494, 0.18529310502082144, 0.5948905610947983, 2.0522600637888178, 0.5715089562804796, 0.411295993769467, -0.021869274171538534, -0.5001859375706718, 0.40430338627370266, -0.9782404439019824, -0.3693041157881162, -0.12974152454925728, -0.05884888841725372, 0.45655733720471975, -0.4368465348022969, -0.9441824437314545, 0.6287806619067384, 0.4447377015691344, -0.22030350405802546, 0.5530005631242588, -0.12334408267990189, 1.2162610732057324, 1.3101339142358241, 0.2931440435421823, 0.7473705826379956, -0.07478344636106064, -0.1023061631776035, -0.4078121664221438, -1.5225723571630594, -0.3086051634404721, -2.214817633418983, -0.14889424331463005, -0.5329908001344305, -0.5144611541187213, -1.5847248194313965, -0.8290044519025571, 0.14830979961016247, -0.7203665856058615, -0.3697501998331054, -0.3763542786278768, 1.5331788701843212, -1.1901902965932434, 1.0932921486962957, -0.4977654231171073, 0.489766360987992, 0.8198166668047963, -0.5088354873990797, 1.073058277487853, 0.4711216447167138, -0.04408895789891601, 0.44501208334676745, 2.5923375080757682, 0.9069656771962447, 1.226668464626755, 0.055101668258746454, 1.2785330349253972, 1.352556929351121, -0.031718016796954865, 0.015121423773403588, 0.4517885325364021, -0.9793365211296929, 1.6080867471746585, -1.3594441035316767, 0.8449167563308101, 1.7915933182850958, 0.8249962488103967, 0.3974045240919595, -0.07847360475965609, 1.2515655185528587, -0.6658345480469371, -0.7475166229602576, -0.08527168635372112, -0.6471209374757758, 0.32156149722147503, -0.9067743252998636, 0.9369945549117981, -1.104450831481719, 1.9558179769061428, -0.5174078044230309, 1.9933053594374468, 0.43727622394157406, 0.3648426281183864, 0.45078103877277653, -0.5522454691838142, 0.9570539198415576, -1.1231208909387458, -0.9903896275723004, 1.759034862699747, -0.4380109529196805, -0.02896845942290298, -0.555620488476803, 1.1218933312630552, -0.5617147577241081, -1.0947221253739157, -0.7091735483482026, 1.1089666291623463, 0.2800893044275116, -0.14802327733237197, 1.3724057955045652, 0.5161173866506943, -0.7724431745421312, 0.3997069478013798, -0.22099026976981984, -0.04559828025711597, 1.0199017738352534, 0.5536414324233143, 0.260417154167365, -1.3014652786347414, -0.5095058147210898, -1.470575714943088, 2.7305849974190886, 0.4953396968722678, -3.2301553902217046, -0.39161823362386067, -2.437183995704521, 1.3710777501270532, -0.31977978870121604, -0.7903630035777864, -0.8002431829705661, -0.5259706012029384, -0.9858081449646926, -1.403703779165663, 0.9370915712000499, -0.08197827051975119, 0.45814156892371216, -0.40934009780979475, -0.37318183527212645, -0.8711639905563509, -0.22362723010230115, 1.5975154545303787, 0.6022545291175487, 0.10884706767409294, 0.7486558445549807, -1.1925184797858805, 1.514110071520142, 0.04045544794044891, -0.4748585467351596, -0.09283636013236715, -1.9582083195579432, -0.3031329583455666, -0.8372292924792412, -0.2089054870641913, -1.21388045981216, 1.03874826694782, 0.048966985389420396, -1.2799818276069184, 0.4887762186428154, 1.080352241037124, 0.4327724068992748, -2.150292569478933, -0.15320246734305432, -0.9623015668725957, 1.8189877448114369, 2.1242938542450194, 1.5695880362286525, 1.9645710315387546, 1.5710596777666894, 1.6990854266778688, -2.6761148369900756, 2.3110509934231716, -1.096281695342571, 3.0633655250149037, -0.25805739634862274, 0.483030073007818, 0.7201226889488662, 0.047862078082382645, 0.36753707103568917, -0.24024854873041668, 0.0636778013152611, 1.7210572941571907, -0.0313873111837704, -0.6520255815945131, 0.8982091944011017, 0.5038493449817911, 2.106630910195828, -0.020347312232351308, 0.15067960973327907, -0.31876637820483916, 1.8720034448518188, -0.21663459226608014, -2.0107865694599107, -0.5014940366976091, 0.20866605744140337, 2.064912062425366, 0.885438596247675, -0.8613321550140262, -1.3694938021858136, 0.13896602971383096, 0.05085886003062785, -0.9689439623998968, 1.1486656414839458, -1.0702273087598648, 0.3186404005743699, -0.10799242101984774, -0.013590432901814128, 0.4778548595922372, 0.2498824424706009, -0.17575135489562238, 0.14223898139838162, -0.1874800993711047, -2.7008180021638983, -0.06923090993858583, -1.349762628859774, 0.8468589237885134, 0.3907067311978549, -0.3268629247470407, 2.49884879247519, -1.0489704961053872, 0.3921806586872805, -0.3848138480293908, -0.3405316884846103, -1.4402066466488859, 0.3621068621138656, 0.07972848303750638, 1.146481213553159, -0.7046639070123869, -1.4376257604687417, -1.7087748754562402, -0.5551496016121542, 0.3538419224486432, -1.053371251777174, 1.0617388854541634, -0.02215764013056027, -1.8602087260436795, 1.1560928810278155, -0.2502375759793465, -1.3854579918148726, 0.2588765559675148, -0.20460958739270488, -0.3371796193924023, -0.35780494838325727, -1.0342981231198791, -0.7579609350182818, -0.8912805626387927, 1.176406338253141, 3.3654488139205965, 1.328644046435885, -0.3023406184657575, -1.0616756641482483, -0.1923044353832266, -0.00615640603481067, 0.07517365939955667, 0.32595097668798423, -0.2831351518384587, 0.5747353932909784, 1.559411349656064, 0.2511140101823814, -0.707263088844799, -1.3163255425873337, -0.41863492391408264, -0.4510051104196008, -1.3560717035489946, -0.1118791115973145, -0.34206803232824456, 0.2779392558529603, 0.8114282474311245, -1.1009120682152314, 0.35291798659761386, -0.1876873284502211, 1.1154278261467412, -0.8369510600400674, -1.2881349697248443, -0.14290800671496326]","['v57', 'v98', 'v60', 'area9', 'v24', 'v64', 'v2', 'v71', 'v54', 'v90']","[np.float64(8.752427195394645), np.float64(11.699243157336179), np.float64(10.794586994769036), np.float64(11.796793670615022), np.float64(10.16860970020745), np.float64(12.35701424830768), np.float64(52.64222586085829), np.float64(347.8218311795545), np.float64(65.54129723107772), np.float64(3063.025895594075)]",1.4498345324960997,1.6498914511205218,1.3803043710983927,1.2237139032021023,1.0933858075212737,1.0489282638178963,0.9558322173941758,1.7401327939484912,2.107432608585337,1.9247678158680044,1.495497850521764,1.35248381062533,1.303430565317508,1.252113592494811,0.13954234929997789,0.16202170854066536,0.09116794845030513,0.0643228805921731,0.04665688135196244,0.030519985227394703,0.017191213531054572,1.4122790403765795,1.4802993401995934,1.205896453875205,1.1527704685056663,1.0040839893479174,0.9724613457365906,0.8627029509192681,1.0631477083292458,1.1396104773293767,1.1257683824159261,0.764256877873418,0.8485402456848876,0.5052668237655432,0.47977692564533636,0.3296758641173213,0.35317617366677817,0.308658055356581,0.20694371660311153,0.21206678592243003,0.20556390730439203,0.19933063269782705,True
f832_b,m849,"['115', '116', '117', '118', '119', '120']","['297', '298', '299', '300', '301', '302', '303', '304']",f832,m849,False,2,forward_no_out_standard_k10_lda_nc2_sex_on,forward,lda,,standard,10,2,58,6,8,True,0.9901077151298523,0.00989234447479248,0.001088462769985199,0.9989114999771118,0.5381627678871155,0.4618373215198517,-1.7311221396327154,-1.4911465368495387,2.3094236400561043,-0.8204885703245912,-0.02123006898333988,0.04071072909106018,"[-1.738398583802828, -1.7370413938964357, -0.8664391866602236, -3.354811079742956, -0.5910841400121967, -2.0989584536816537]","[-2.4736011842406693, -1.8550196207379548, -1.023614607489984, -1.6873760238274962, -1.338352928047574, -0.5689148567535552]","[2.3956211982615754, 2.006459068863432, 2.6021876562548596, 1.6083955418434757, 1.4981407479448021, 3.098587596641877, 3.113240107477489, 2.1527572031613262]","[0.6223588316420934, -0.6330000803378298, -1.2139361489534768, 0.043105121719944565, -0.9632166832194881, -0.24432312441354911, -1.8293752201850846, -2.3455212588493386]","[1.256583535528984, -0.9496677183297105, -0.04493854029930255, -0.9481960836152069, -1.273416655520528, 0.15469903146418795, -0.939140789911162, -1.3138575863654636, -1.6761264934725832, -0.5472966935645439, -1.2239572295264904, -0.22280207695927487, 1.4136747125630316, 1.3318155406802932, -1.1479283271022171, -1.6502882697046835, -1.038174191767799, 1.2566792741218653, 0.09703898026590602, -2.268776986685667, -0.8392709905849157, -1.6312335548521664, -2.221829324060681, -1.378430263241332, -1.6767702339640842, -0.0057633578711278124, -1.1853863597699021, -0.35235461616493224, 1.8595447625163501, 0.09291011378291812, -1.2650371017641262, -1.0932601012550298, -0.488388004803679, -0.012324725495536946, -0.916501443698236, -0.17624614132728433, 0.016852431845492774, -0.9694582742519563, -0.6511167531451215, -1.1074408537761062, -2.176516169809022, -0.6412765006015629, -0.20774073617559857, -0.0041009716354779065, -0.24382767369974406, -1.5537616362722024, -0.39835783081567727, -1.4722804433187926, -0.1948997299244398, -0.08528418241515406, -0.9623948577120889, 0.003822962937347772, 0.05121586543849799, -1.802635773518785, -1.0741851499168054, -0.8256828724005371, -1.8718080474721612, 0.20533763415908665, -2.276421513719764, -1.1360897986660772, 0.23963474273524424, 0.19529153333771052, 0.08727714071883817, 0.6172557070226796, -0.10839191527801868, -0.6227799507615628, -0.9171597467306697, -0.05151514128508237, -0.8907870169923422, 0.058831301536362506, -0.9887322284574485, -1.292259824070436, 0.7353908555850619, 1.8526670202907407, -0.5626045290269008, -0.5578268098439181, 0.6647767204222109, 0.8777251431829506, 0.22899372725214234, 0.0953105744654678, 0.35595559166059587, 1.150912410217543, -1.6609300880927627, -0.1793692439690623, 1.4317561468315094, 1.6761772140391518, 0.32051235537601624, 0.6850821000374144, -0.61791271927548, 0.569984793287244, -0.473323085385787, -1.9847890860141797, -0.8496284322100861, -1.4162524017233356, -0.8862265142715601, -1.873788701642346, -1.1690540965423526, -0.41009948942480856, -1.1491595898961608, -0.6355095493624597, 0.7233896749369875, 0.16165499352862386, 0.27657959780156427, -1.163935102064766, -0.4108770189381385, -1.0345517555542034, -0.45742337983640763, -1.8490855334635217, -0.9351189109828356, 0.7845554466227613, -0.6463282819663142, 0.18485205156500548, -0.9659941932026084, -0.22829393161802133, -1.1690934095738477, -0.7343969823114891, -2.1951196041578265, 0.49059731671755136, 0.21701189130074788, -1.123598613841829, -0.3163203986038343, -0.16543047736514033, 2.2921418770946844, 1.4769569690524356, -0.21080586446056626, -0.9651410022418326, 0.7864138404219433, -1.3175048536517042, -0.3298120658494747, 0.3908091907724484, 0.004760794890970403, -0.775157961654415, -0.44925098364226845, 1.1069076743260995, 0.8321713707875747, 1.211125722133967, 0.9661662012774175, 0.7848069046342495, -0.6173400740720519, 0.5378152463016294, 0.6726987925996081, 0.6141169832616171, -0.7721211644795398, 0.6753233457240613, -1.7908857419245794, 0.3899737543181958, -0.28614641843724764, 1.0874197166656185, 0.38500225108791775, 0.12368528334194573, 1.1041384660227438, 0.0923507767925963, 1.2993623015546043, 0.9214388835355433, 0.1541875316399851, 0.2021020938689698, -0.030660415549216183, -1.4564153231033505, 0.6532749629298708, -0.9104063174645101, -0.03535255223964749, 0.22704932854536083, 0.4673227707100021, 0.07632992550845598, -0.18300545677482788, -0.4679152081400266, -1.04136985761659, -0.16633056249890146, 0.856932170357737, -0.3295394592874195, -0.2893248313989634, -0.20922864673086114, -0.07729595383899777, -0.6931645185915114, -1.2494391523858137, 1.1282655861820174, -1.7712618264575606, -1.076426390115256, 0.058503575030130234, 0.015151732939287996, -0.044263032562371775, -1.470562117663312, -0.5519700036997018, 0.24134295880021928, -0.8123161857186362, -0.30050644718194514, 0.880323560443689, 0.7966655383214066, -0.8717517111008676, -0.966072800066863, -0.19021186509902965, -1.0399037731516851, -0.8044503344483506, -0.059937659665310346, 0.6423629290820975, 1.6398900465988935, 0.14651129265263288, 0.9181056110411707, 0.8301250616429655, 1.4887886273664324, 0.9929793667111738, 2.0233878370617866, 1.3197433883383207, 0.2570483148785031, 1.7039664332089532, 0.7612535669459528, 0.35389898111088813, 0.9062727842761039, 1.828156648972236, 0.09421292820035498, 1.0492648517005578, 1.5139372547418568, 2.0898255990132153, -0.35030660141563963, -0.19425556080636128, -1.1260123175921368, -0.38721478602866355, 0.8363253520174735, 0.27271262218091014, 0.4682166902820282, -0.5768575282412441, 0.43099685959939793, 0.1937918988884862, 0.07850163853134501, 0.5734330406649919, 0.6595631723104756, 0.6170888320212872, 0.03486632077091087, -1.0690158687524707, 0.14659794447163912, -0.28438433236154953, 0.33029069076198747, 0.9451274929844115, -0.6405984869669217, -0.21676512462192146, -0.18533843044595008, 1.8483345224230738, 2.083542723071094, 1.1583203732654728, 1.7251111723353567, 1.582310090245224, 3.3191303987422285, 1.2467765054574094, 0.7872160319081438, 1.1216515523032164, 0.24283728930460843, 1.5148617088270229, 1.1717985006980274, -0.7432464594084635, -0.3140280480352447, -0.3411228216887071, 0.862074529076034, 0.2818027046674443, -1.0956770101288247, -0.23193336815153753, -0.9992975010742162, 0.4750717215788975, -0.6312330788212378, 0.7104552644980007, 0.8877783737356458, -0.6602249198597195, -0.4841761993503671, -0.14578680969715746, -0.3811530170403668, -0.7994128083353674, 0.2719232555519159, 0.49637966528506955, 0.7853596583166274, -0.4308596962046341, -1.0367833843261622, -0.576787945723401, 0.8364393130069456, -0.1256413359941802, 1.5765422178139732, 1.117836090936657, -0.4549147914954588, 1.0095827455345516, -0.3191691620637827, -0.2314680353083256, 1.0141195940229648, 0.013090479570299395, 0.4655311255509076, -0.8291840503927537, -1.4625576691429691, -0.7761756960987509, -0.3197706936448864, 1.591644794849993, 1.1180609506694958, -0.06751518907420193, 0.2896758977488529, 1.0894229210828046, -0.43893764699061316, 1.3561137238310548, 2.9160360631470845, 1.5264283083825307, 1.8362940655741304, -0.24445042643637824, -0.08375516076966491, 1.0812870362225966, 0.27529302936079264, -0.9485200731469573, 0.23678210485161044, 0.8586553199902675, -0.7686510731857914, -1.562037387333751, 1.6650499646842833, 0.2540632504042075, 0.23424797705513128, 0.48828213123586933, 0.1714932907952109, 0.6185603303270919, -0.6676197533743948, 0.29347837277814626, 1.0289921943015787, 0.8864868789671576, -0.0684639152172405, -0.8991394523760831, 0.6139631780009952, 0.23966461562119312, 0.960550070894134, -0.26524543823296903, 0.8342736703301785, 0.48662259846744826, 0.7531437887125594, 1.3258182210294471, 0.8528710397390145, 1.9940166587416421, 2.2675907448609887, 1.1620046607587156, 1.722247547047686, 0.3797286353546905, -0.4982911912285019, 0.6126441540946201, 2.14667623524954, 0.9420297483846971, -0.3589641861158288, 1.6305064577632564, 0.6145208982426945, 0.8461819434350967, 1.0762137889643009, -0.26707338900988886, 1.2864425136418396, 2.3573185909478385, 0.7324994204670927, -1.2935946896928363, -0.37361281892610665, 1.3611016460970864, -0.35370505327842167, -0.4099763164522893, 1.3745902286281957, -0.356974674671732, -1.7815263804733117, -0.10787929021945347, -0.7975784161868658, -0.5862286982405078, -0.4989451734408588, 0.820644420887646, -1.0677103473061305, -1.0804392747953804, 1.0163176901495692, -1.6325883057946533, -1.2666022048341745, -0.6555647217471186, -1.0713853117956, -0.8167741374333605, -0.6533295354966628, -0.47644329677886066, -2.234451870791396, -0.6356659528476377, -0.7033270995801498, 0.11258179277657454, -1.2742115979052302, 0.0706128624509503, -0.07674696432909342, -0.3564335742379607, -0.8612129288369674, -1.3813501367193612, -0.2007647382433144, -1.9694201078020017, -1.7884711838875522, -1.4144008329752884]","[0.8248387248944815, -1.0011169789038337, 0.7948302129081449, -0.10032462618873474, 0.35835119934404797, -0.6140387417705171, 0.30159632225349225, 1.4597171706014362, 0.6827647786956103, 0.005282536828316422, 1.3164367715612206, 0.23371533474162856, -1.433264210892065, -1.1469743923642572, 0.6452024018559516, -1.0116643767885831, -0.6546570617364522, -0.1702953079115431, -2.082393360509173, -1.038422935045112, -1.3990075558394977, -0.6545143924722155, -0.51396752599106, -0.49782083467293425, -2.156391607023208, -0.41588384027057373, -0.0708852997036148, -0.07867330945810445, 0.06598642177963951, -0.01276767790796109, -0.2270026069741624, 0.06435339712360819, -0.30148560191710083, 1.0385244664023134, -0.9589019632414593, 0.9196141463372951, -0.21812262811343738, -0.6120951598613404, 0.5444252171098158, -0.725785991282565, 0.764796200628035, 1.5131091106076076, -0.23036488680927505, 0.5456241335756152, 0.7832398764813254, -0.5328966773665995, 0.1945577533019386, 1.5550777970321696, -0.3504359111322969, 0.2255743092610741, 0.5296658983855838, 0.2310531907760288, 0.47591554771707134, 0.060919871376746315, 0.2796130750305145, -0.09149393636649363, -0.588587761894529, 0.1449296613655738, 0.0036399022738694787, 0.5820024077750557, -1.1875271907666796, -0.5657175794770746, 0.4143717252739995, 0.5142862246028431, -0.2694428827384297, 0.7845005682552436, -1.3554371072277287, -0.3971320400409509, -0.6029366148326848, 0.7668716103506612, 0.7722271238070061, -0.2929318716061181, 0.2288738118027049, -0.8235245190335326, 0.6848939634602477, 1.2820081496674096, 0.516306945448105, 1.0692289640299597, -0.35854908006469866, 1.4156318168933677, 1.547584731569814, 0.8848324761809429, -0.797355808622699, -0.2967939492432471, 1.4197615671088215, 0.1970930960217382, 1.7546981671740158, 1.0417452708407478, -0.040966069587347054, 0.5104682815972135, 1.0619983818378511, 3.6470266570445435, 0.933482133925004, -1.0839494990999239, 2.0951716544533974, -0.8363363975199065, 0.24344556986023674, -0.22570167776336902, 0.26638175741976305, -0.9885281477188659, -0.9809033339112382, -0.6314800386336034, -0.5711327664402016, 0.8406748717261261, 1.0206881184667282, -0.35547051625924675, 0.5144966420627826, 0.2274232377622759, -0.8105075456478711, 0.5265770517948384, 0.7284840405447475, 0.45178806680900196, -0.17477455799738206, -0.13775549570578524, -0.23366166003863523, 0.31395031504063975, -1.3376209316020746, -3.178670078559872, 1.114608075043734, -0.05197458914956321, -0.9483175753898027, 0.06337502967998922, 0.12862583848364575, -1.9969951668770214, -0.4915668439446045, 0.9655248671050134, 0.7352257661390047, -0.1579781449883897, -0.7033754197148456, -0.39429848491058767, 0.702910456492898, 0.9891782116908734, -0.08820566105252516, -0.7403783927469548, -0.4143101274323528, -1.7844565100286502, -1.2565882740167893, -0.4097012525812318, -0.35911623481621907, 0.6023630423783956, -0.5448707463107462, -0.8851609469892255, -0.27941388590791966, 0.4713638004081102, -1.1885530929318135, 1.7770867260167758, -0.7227737738440102, -0.39029748995448477, -0.19017349354858187, -0.004724962331338342, -1.4718979807297432, -0.357785908760596, 0.9223952355065841, -0.19279109777662654, -0.19057769935739757, -1.1106918479929508, 0.14098855258910037, 0.9615765895224121, -1.0578851233995241, 0.759588438268969, 0.25296714569674095, -0.1789960523311977, 0.37209118969424115, -0.9012598451522077, 0.01306391095053534, -2.3362094591277187, -0.7088154671886683, -1.115753300498473, -0.022955304384524866, -2.33061473527512, -1.2274839494700458, -1.4723768319559338, 0.37463996687827467, -0.4197847010071451, -1.0065325074327913, 0.15925384184573, -0.6198157829295037, -1.0933826141342953, 0.1107527545456808, 0.45601330506458193, 0.5387382772641846, 1.2467506821792755, -0.5869269571239474, 0.4518814125858839, 0.9042291100881851, 1.1042702823646655, -0.06288428781316519, 1.6297609767249372, 0.020411966790666036, 1.3064834306956035, -0.18083747540226155, 0.35286745677042375, 1.1537974052384665, 0.941724862157229, 1.1559242233846303, -0.49602167005927483, 1.1043327081945409, 0.6366911003521961, 0.2761439470382977, 0.6078188463413445, 0.9783121881350881, 0.42922194395300745, -0.4862960642342801, 1.2428527664022289, 1.9129593345002054, 0.8697211119587839, 1.7600918518095725, 0.9462471784261722, 2.0660387658815638, 0.3078610067426909, 1.2610286582815862, 0.7825544363395732, -0.6531836556264802, 0.13056804212855444, -0.5095939365930244, 1.0453432987146907, -0.35798227250460074, 0.5633838059881869, 1.744876167627777, -0.25434897857976274, -0.10265494293560645, 0.7900573481265041, -1.9866643679516405, -0.4853434064298946, 0.17067872116575686, 0.7417957669148492, 0.21588465098951934, 0.36919994564131436, -0.7349749691020958, 0.42382435264806445, -0.7260027476776405, -0.3801685743329782, 1.0453141565324522, -0.5071575948791106, 0.4698570176973725, -0.20785677932953905, -1.1885778139964676, -1.0515051675390796, -2.8205817916806097, 1.5724722196155696, 1.3455697868427527, 1.327727367113699, -0.4108330265254792, 1.1366440957672637, 0.7879153776139423, 1.4846936963883457, 0.5128822719110548, -1.1435528297786497, 0.0635189241481652, 1.778370800970847, 0.4188149399913041, 1.3946153678422561, 0.9711019675363751, 0.9835673107201551, -0.14443353469558118, 0.24926669690419664, 0.2556778230301513, -0.1666632785165955, 0.4599224060687862, -0.44839166131631847, 2.5583086320581554, -0.5499342613714975, 1.1437629558284617, 0.908439072644512, -1.14193985234585, -0.7484543832041878, -2.2647276435661556, 1.220220144752978, 0.23684152633991437, 0.9600627017990804, -1.2834030814095203, -0.9064746151520084, -0.3610246957931151, -0.3688279740929175, -0.6839394117795486, -0.9447026374861894, 1.6813149522948245, 0.8459565816413784, -1.0130863510404862, -1.096181151393035, 1.328723194540829, -0.6106216834409757, -1.208945869603878, -0.4713804608729761, 0.3907674699253177, 0.5494668648175554, 0.2717304875464341, -1.7031931838844565, 0.773827833069676, -0.7399737228049014, 2.1298771486676187, 4.222794926041844, -0.4033692250302632, -1.0581836999665615, 1.430081826684345, -0.1910749009820667, 1.049027122075292, 1.9296362788312127, -0.037984412127073805, 0.9926374276186376, -1.0332055001964693, 0.19206641525873072, 2.1035133635952166, 0.05766154131084418, 0.3794958993458785, 0.006635599252673054, 1.6962189268115602, -2.263518691280287, 0.007968863187762283, -0.07309881269740119, 0.5388936487405631, -0.0015458227366383155, 0.6201363436566198, -0.09517514496366071, -0.5125020288905517, 0.8587018421133324, 0.10593508384887232, 0.127190031886062, 0.2239561614938405, -0.8953229849438699, 0.1462877870959373, -1.3204469605020683, -0.826754352175469, 0.9941498392400017, -1.5497034209500753, 0.2345116192525859, -0.4303115551683964, -0.8804843686299547, 0.616481852904649, -1.0498720183913655, -0.8433300616936286, -2.2890656680889983, -0.6810742916698527, -0.12397307931818029, 0.9296966008434582, 0.5077893014033131, -0.17017815450591345, 0.3065456151419691, 1.339581398729777, -0.8625614454634584, -0.34836894524302664, 0.36645822526946314, 0.07877018320444469, -1.0767589662676058, 0.053998662409757064, -0.4853780506402523, -1.1815567634666841, -0.9795035845666842, -2.3656569424771123, -0.770502779000115, 0.9413523226361649, -1.6653811329967605, -2.289169108361645, -0.9546952325419493, -1.1989802918584398, -0.09863454060769264, -0.16164926904401017, -0.2015374809943212, -0.9711314857198077, -0.6847556595722445, 1.064659059196648, 0.038697175685770746, -0.2269330350167512, -1.5028977715952574, 0.028855417523412582, -0.001534885100653823, -0.870352256091636, -1.2566312340887624, -0.43291718044245, 1.3417499248886315, -2.173413027672076, 1.1414143000369403, 0.16388399101114315, 0.9886585400704336, 2.059802539532316, 0.9004034906188397, 1.828360214546774, -0.038483049248531055, 0.22139684633417153, 1.8295203824745883, 1.4714216296349751]","['v115', 'v2', 'area5', 'v57', 'v83', 'v66', 'v108', 'v23', 'v47', 'pred_proba_m']","[np.float64(198.91036886615555), np.float64(6.672295995549105), np.float64(7.034372813600721), np.float64(14.754213611061598), np.float64(9.445004722224029), np.float64(6.436293843247743), np.float64(5.510336768555553), np.float64(7.4350295857674995), np.float64(17.022420231665276), np.float64(10.76204128405236)]",4.0958262055200185,4.241642446033757,4.083174186029774,1.5700968176030807,1.6264326398683178,1.5235861681612277,1.523565916727739,4.7112037462137675,5.096507938118997,4.956468550561716,1.9922812975055926,2.26524619736594,1.9344044131236413,1.7110706711549808,1.4954610557997898,1.436078554826879,1.484172986317192,0.10448608015269271,0.06138674408883782,0.12102312522608158,0.06954160010503851,4.04054577968882,4.04054577968882,3.928091285133127,1.414699911903061,1.2861047639843997,1.378994928713593,1.2562000913266722,1.290122763944694,1.4928234048923255,1.395746381675427,0.6359902103573144,0.7011541883653551,0.848966478223077,0.9674712038255033,1.6302100654485694,2.05815046970543,1.693922691358905,0.31542055523266366,0.31046544624655964,0.31597903352042905,0.2926584609627192,False
f832_b,f440,"['115', '116', '117', '118', '119', '120']","['451', '452', '453', '454', '455', '456', '457']",f832,f440,False,2,forward_no_out_standard_k10_lda_nc2_sex_on,forward,lda,,standard,10,2,59,6,7,True,0.9901077151298523,0.00989234447479248,0.9783520102500916,0.021647978574037552,0.5381627678871155,0.4618373215198517,-3.220124850660396,-0.3434825626098808,0.5420161112002532,-1.9152524072277564,0.04075232631380719,0.040597538651584095,"[-3.6699722006086613, -3.7632755389437142, -2.3580064695084557, -3.721705319395709, -2.743865240184174, -3.0639243353216625]","[-0.8222368552572636, -0.5401569436117353, -0.12333165924000045, -0.4933461887557044, -0.27526954439446627, 0.19344581559988513]","[0.9994244022087267, 0.8382513951146563, -0.24786616404147355, 1.174800437326784, -0.413510494940973, 0.6992949275763417, 0.7437182751577102]","[-1.4776410521152488, -2.2800258577937553, -2.5483930645095465, -0.8347748346228435, -2.2878614114718117, -1.944601902761699, -2.0334687273193905]","[0.9701685483860715, -0.3087652694881994, 0.7443449136958614, -0.5835682117962049, 0.5399603830403866, 0.4755954746548992, 0.21208187485414007, -1.5680187709964861, -0.9615919276647218, -0.7756219730662188, -0.7879667013872088, 1.4473172037918105, -0.14894853967669627, 1.829885345578627, -0.021114273858818713, -2.227070840111906, -0.774474277598384, 1.2462037805257784, -1.1234040474914275, -2.2056403305433654, -1.5130019894048565, -0.8394456275812257, -0.5984352745931151, -0.9476377919746835, -1.6651470398561043, 0.2422723111004024, -0.7853316276755176, 0.5136607663296329, -0.8307400350257549, -0.5146689072644959, -2.012496533939088, 0.558042479824861, 0.46013383926637563, 0.9959347408733066, -1.0012666100809018, 0.3290229151290221, 0.6293091413543516, -1.1234577482227421, 0.48975569110984774, 0.22851910350966534, -1.3239333126744348, -0.21949706447864245, 0.995569634495605, -0.4573733154912253, 0.470068283465812, 0.5447537011390545, 0.36429809129790963, 0.4040194337465822, -0.00881646751830343, -0.04920498939716719, -0.2999307297693643, 0.05656800603301651, 0.43401999719911993, 0.36713313016758053, 0.05550685144233924, 1.079755708733751, -0.5993799199766895, 0.4012437121815382, -1.6835924702607075, -0.0051206061659461255, -0.9966564925314211, -0.8910409575508966, 0.4493771143524745, -0.46931939073910717, 0.14665436418115935, -1.1128238284130627, -2.2764808266174787, -0.37079096924686267, -0.9881609471080616, -1.2294431596260795, -0.3831878493390161, -2.245689079441528, -0.7512823532971437, -0.11948375728225404, 0.5952680929875748, 0.7417988581765619, -0.16149652150688698, 1.1828151083124248, 0.5020225927028559, 0.17300005904979623, 0.4107671678979984, 1.5560863499865625, -0.049511429985259384, 0.6115262410322606, -0.15676985824430997, -0.6113291804725337, 0.9175878605432729, 0.3993407278797535, -0.38776720220891536, 0.508297325902405, 0.38926622006494555, 1.0164234191798456, 0.07279354387098669, -0.7081474169067768, -0.07662917312941693, -0.019103745492107086, 0.1985955533766142, 0.018812895567295436, 1.3413991592656294, 1.086272264318106, -0.6371980021110655, -0.178332855353803, 0.4577827869083403, 0.6935828116583711, 0.5438263476272021, -0.6914611758526699, 2.1007296825777404, -0.47543477361909736, -1.5211769324363797, 0.6407413287670598, 1.474036213660054, -0.1522026414503188, 0.5290094121835844, 0.551501482411528, 0.3357046354674586, -0.6790648766621991, 0.3742757287630517, 0.14280237148389482, 0.40316368291333665, -0.9617024731305996, -0.5513431464489581, -0.10723636789248298, -0.9063383979372419, -2.8335120371479836, -1.5405397956019709, -1.4674932535113494, 0.4805992555532862, -0.4975523761878064, -0.5345363150450606, -1.1042303838064185, 0.5607400846231275, -1.1149712777997354, 0.6327878308113126, -0.22594484172698287, 1.1392208930375265, 0.01764553223117064, -0.3198398950504075, 1.5971981651407712, -0.11618750177376658, 0.9737877637107207, 0.38346261270216286, -0.8002492158212784, 0.24544984030772657, 0.918034962330884, -0.665799095822766, 0.017398146751992614, 0.34329462620742224, 0.6859415940889603, 0.9061790668313235, -0.48634721517989304, -0.8911196012473146, -0.5315588544028667, 0.2605609658842347, 0.14629653993175895, -0.2748236790294984, -1.4418299427598296, -0.9385939621885365, -0.03546078051458587, 0.1923657856067686, -0.2259790525652645, -0.48966624416533594, -0.5364485704339214, -0.2383893684555593, 0.285446781943922, -0.2607544860573635, -2.394099874987593, -0.19711975334939863, 0.5801081193055784, 0.6872191434804273, -0.05874808054876721, -0.6715714818549738, -0.5541099680675043, 0.4167769895168904, 0.06150374576180583, -1.0942621782166975, -0.21812438664009592, -0.8718765604546226, 0.36590938560361785, 0.544132295583335, 1.0636767663357503, 0.07893049812904819, -0.47338934250091125, -0.2869261555173838, 0.09089711247597047, 1.045979487834547, 0.30855001483267475, -0.08129583011736544, 0.6278955436370912, -1.1540707978197993, -0.12948631276270756, -0.274544169503613, 1.9387076126220997, 0.03434024417794147, 0.7381546001692093, 2.1894520025070334, 1.0786681656951698, 1.2250456191848935, 1.1210496101602963, 1.0171735558914425, 0.8013650945328233, 0.40055890624002977, 2.0156746577474736, 1.5897435951853935, 1.4211732467178142, 1.6122669498795887, 1.1058472699799324, 1.5940874451250941, 1.3731337318702708, 2.637675818865172, -0.6120033655498205, 1.0433442480202715, 1.0999501068051645, 2.0454725962355873, 0.4530102096288521, -0.0369129816633249, 0.5260009117109513, 0.5338866931378584, 1.5018375111465463, 0.06674416276107775, 0.24210088161348803, -1.738209691600355, 0.37785463252862983, 0.12815102220902086, 0.6667015734301116, 0.32924469750058477, 0.4480267263482816, -0.08767857624697874, 0.9854000166125695, 0.16756287503339543, 0.508160387474381, 0.6416803249059786, 0.7100600145916219, 0.8259200641900918, 1.3180641839587337, -0.4722611300860952, -0.32435836812813, 1.0655994339987087, 2.0800910967602246, 1.026810255522841, 1.8821865205987267, 2.04660325384109, 1.9847778947681893, 1.4308262004564225, 1.369072252900001, 1.625526491615309, 2.406241690546612, 0.6193970316111738, 0.6169270108997199, 1.2826381539774447, 0.5203215409699445, 0.19459939673675677, 1.821136952242359, 1.1454849261463267, 0.8586712529853291, 0.6170889773954146, 0.9257856781877257, 0.5695340095558082, 0.742513987954159, 1.9110581410959975, -0.0689969918752486, 0.7347760745869515, -0.1234835764529917, 1.7050497294755336, -0.0014024646379858896, -0.39833406543000716, -0.0919235568580359, -0.2531929906798518, 0.5256877873797092, 0.8983788981567351, 0.48518048284040116, 0.41317770003559307, -0.8497624126575551, -1.3292782880467924, -0.7190887560519825, -2.0049041429245706, -2.1604461536510104, -0.877700087684594, -0.882039324589859, 0.34521773130536315, -0.12915171843926035, 0.9341671857506648, 1.414608263762925, 0.07397429791538253, 0.795237499172722, 0.11631909439483161, 2.195923283065863, 0.522562534329599, -0.8164440139598914, 1.2290339679622044, 0.5845347880860419, 0.9756241420015881, 1.224653731630448, -0.36063140615173095, -0.286842357682902, 0.06680817198887717, -0.43485823945779567, -0.19938895957009636, -0.4187474499904036, 1.0942067903495905, 0.44654539052042863, -1.5272965805636893, 1.061012492729329, 0.5364986207373029, 0.10768695650461212, 1.5296669350494363, 1.6987350963235723, -0.7879771771326298, 0.27564408888730324, 0.38825559247912106, 0.4074674596134519, -0.5967798243160835, -0.21953187952694314, -1.0150051009920713, -0.03087098249100893, 0.1109293341092272, -0.9623207653422622, -0.12075410879734129, -0.5067163369038911, -0.513854592316886, -0.09538314315444309, -0.006698323755321104, -0.4057084673470635, -0.48438775971456927, 2.013056417179838, 1.2512341793178268, -0.49392442818799687, 0.424953757201084, 0.2675417224220258, 1.4572668579738484, 0.6331367563325053, 0.7885413442737635, -0.4561937666826418, -0.9047811973546609, -0.3151335113689979, 0.37416217701125376, -0.8842366357197422, 0.0032699115365391615, -0.032848242738535705, 1.013737747468839, -0.1257868140870589, -0.40586929495453833, 0.13526025798578206, 0.8497148800431259, -0.7237417721786749, -0.806903745652533, -0.24463060465921882, -2.1358585017297043, -0.8841342172802269, -0.9194176640824503, -0.029590937792626924, -0.16961027172353765, -1.7694604216425809, -0.9541173805990539, -2.570162631606198, -0.9603119012910872, 1.2061688165056654, 0.34701466372085277, -1.7930043639012934, -1.8656908266650563, 0.25618040865665204, -2.21594578813031, -2.020597842232158, -1.8132942307448987, -1.9839171769611357, -2.489903009370117, -0.868302974083886, -2.2288446191467144, -3.4217196394550156, -1.301624838753114, -2.614912554182437, 0.8395743772266693, 1.6105601430031813, -0.12475876196951283, -0.9916947931451329, -1.313651322697777, -0.001543830926240964, -0.5476855349133567, 0.18736464770337838, -0.14234593007676308, 0.8419978826703398, -1.0960451403579692]","[1.7105161366958885, -0.009026622765005664, 0.5412871097017725, 0.2606263846895824, 0.45610273739076757, 0.8047034660136702, -0.6811251777753242, -0.6415514295609926, 0.3234724786392933, 1.168546375894753, -0.16837156267922132, 0.47645028160071756, 1.1288551704611431, -0.4869860829654524, 1.1589478405235691, -0.06716888933380762, -0.2585392322615117, 1.2680217840169856, 1.4082125122395148, 0.2691113223365401, -0.15342313612380803, 0.2497153058955772, 1.0689935484950688, 1.1100455139240408, 0.6490036377243892, 0.3769596974181071, 0.41448791681259356, 0.6523273740305509, 1.6564200118029564, 0.38334756755728894, 1.0275037242895197, -1.0934149919430651, 0.16062115876603267, 0.1223788908234033, -0.46428926882697463, -0.6284746456163511, -0.3739831617214146, -0.7567494564075086, -1.0751340244388286, -1.6889083046041053, -1.2693950068977966, -0.623054422302318, -0.17836724674514917, -0.5673949922290092, -0.6327367117191548, -0.5075634085721729, -0.07386676236025591, -0.32426563880858134, -0.4879488043857976, 0.7229459689121174, -0.03230197334034971, 0.9389645697850674, -0.20314201403077184, -1.1530119855272165, -0.6398766695140174, -0.2277281910732776, -0.5494215409120944, 0.6966861648399888, -0.8056963365888221, 0.22973834155775233, -0.4808935959307058, -1.5607646304488743, -1.0220655534580034, -0.542910986047628, -0.9729862330296645, -1.1648650029506704, -1.373580918773097, -0.39396168830315254, -1.2911500340297926, -0.5332765703511804, -0.38116550231346924, -1.0069123684512875, -1.0262291613002263, -0.17953684377628334, -0.1534130260549173, 0.055954549838139724, 1.3199207257008714, 0.8275370548052173, 0.3208287720749116, 0.2840783002014835, 0.5768644616241323, 0.7837023334678382, -0.4979498096691712, -0.4735950454145843, 0.8889852162926294, 1.0832059616790686, 0.5422674741664671, 0.06812750711731058, 0.43884405656088105, 1.0033627060047885, 0.6550627295423328, -0.5680094175490237, -0.9235690892584197, 0.3500543754928754, -0.5657614017436907, -0.9017362332382403, 0.9706012973129996, -0.1694622360172579, -1.3256927764402402, 0.49100281089185455, 0.2119560811933993, 0.42403795614720075, -0.1391711513056207, 0.5300500787804496, 0.05376898693355707, -0.16302487037981223, -0.4580612920860683, -0.32197450597495936, 0.13134466651051813, 1.5878092931620222, 0.7836793561470106, 0.3923767796517988, -0.10290705910325461, 0.2651084056103699, -0.48330827076561045, 0.050068132537973147, -0.7512852411913608, 1.5566123712947382, 1.2636177605642207, 1.6777551620563058, 2.263386918404469, -0.25408382680398967, 1.9579519995375876, 1.1790643402031116, 0.7568822011151454, 1.865781907142456, 1.1471072968977831, -0.7080260077832957, 1.4522087458736206, 1.3652256740542497, 1.0091198373930323, 1.9653811092521365, 1.2518921614619212, 0.29145461722015503, 1.6604401052728266, 1.9935655088177766, 1.9740920067500798, -0.37081539343630426, -0.2473636658321784, 0.7753764896860851, 1.0890648152782407, 0.6099204568784433, 0.23015167916263912, -0.009894895539272277, -0.8184855932962727, 1.7636904484341114, 0.39657954033463677, -0.2726388899123603, -0.35689983984968904, 0.3572977280614215, 0.22793332524598797, -0.13871547717152882, 0.9473664121893346, 0.42848354536857586, -0.08430964019698013, -0.5727243896663244, -0.6615707573823374, 0.6218443651507414, -0.7224480814038466, -0.627959104776569, -0.46336948669482153, 0.35688956031724617, -0.17641170841334802, -0.20972209579050421, -0.07733925565795496, -0.8221012132273511, -0.6719776217119652, -0.2008066511250055, -0.23590363746543774, -0.702566866943729, -0.0917740040758579, -0.9777348832936806, -0.019155508944973976, -0.6888092816286995, -0.3476671304789177, -1.310260685691617, 0.006834720418455323, -0.9631308841017981, 0.33135469030040793, -1.8594633797420017, -0.49357638097265155, -1.8560923841151138, -0.6616761761418615, -0.7963522560758638, -0.2760981758724741, -0.8397430463492906, -0.1349311049107115, -2.09490596115823, -1.1034375257870577, -1.7071786725713831, 0.8679647871207302, -1.1716040580030032, -0.7328864375039937, 1.3033445117476374, 0.622642654120934, 0.0674240748906674, 0.27573532570977427, 0.6928189982542677, 0.6851011646350731, 0.6744408353381673, 1.5394995936755174, 1.483756630784034, 2.0024342619493365, 2.5029745159487047, 1.3480257253362402, 0.5661567648921517, 0.8254307489817773, 1.023857273762583, 0.7640149622718323, 1.8693393092940918, 2.571772524717985, 1.3576502102818166, 0.6909591035576831, 1.0418297181222047, 1.6064065582796054, 1.0849424598665447, 0.6018233322997099, 0.8413780549519061, 0.964874000200851, 1.4846393940733456, 1.498716773688253, 1.3788169210051542, 0.6556245427384032, 0.23402184564052725, 0.27774931703280165, 0.99577919481609, 1.4018186556439454, 1.1384886747383285, -3.146060476989076, -2.1100397722778013, -1.6238021460858192, -2.5439842602538087, -1.163679169307008, -1.0405366572228685, -1.8428618990531467, -2.0445254286741057, -0.10958854915481309, 0.25138809334074014, -0.21930873454792912, -0.043254297120123616, -0.6478181817529106, -0.035458895350109695, -1.5983302276313487, -0.9112203679315412, -1.6968777225271938, -2.7148291955520545, -1.679049705921843, -3.1282126423866052, -1.9239303115710644, -1.5700999156295905, -2.868808134910342, -1.616941436703082, -1.5198434245124357, -2.078147286072902, -1.4452516922223968, -1.3908434758150743, 0.3088830455205434, -2.8441317893285736, -1.5929063766626816, -1.6409513548784533, -1.545236762338926, -2.3494808587325537, -1.021989300620023, -0.9815851548186307, -1.9799734449896464, -2.6170328893849026, -0.6372104172700616, 0.4234566223522147, -0.24577017482369853, -1.9438561497108302, -1.2903261342254528, 0.08932776473583716, -0.18664513393025803, -0.7030751879704118, 0.6690938031520908, -0.10257478736961258, 1.3783957518597598, -0.09164503394068767, -0.11769040837112231, -0.34774723372000926, 0.6697696923621753, 1.1495194951849619, 0.1419466283355511, 0.09157763423760325, 0.7437289590412751, 0.6286364353631113, 0.7638852436456115, 0.24782558936462548, 1.1249358302400234, -0.286566443028211, 0.5217886710506494, -0.03696067105788203, -0.47301373119923007, -0.3642557935312131, -0.2716773272351113, 1.4259065213722422, -0.30549508836628864, 1.1616449838173946, 0.7442217956584684, -0.6833781672350099, -0.37406089710561696, -0.09130911596807556, 1.6841205975993996, 0.6992275288311579, -0.02280589583955927, 0.9893915868890307, 1.5273156798002148, 0.43655808319411665, 1.2393732185490587, 0.963738778452945, -0.31636244333062785, -0.15483608427095866, -0.8003115900149234, -0.7578590432014857, -0.24128903607450242, 0.22015063074072377, 0.3456341395632663, -0.9097596587712128, 0.36749006266597817, -0.16646033205861613, -0.36327207701718445, -0.3770706038110298, 0.14155089436636784, -0.13386057148622235, 0.7113998860582811, 0.48436992133233414, 1.0786886940601392, 1.1307385383632782, 1.3355162302038068, 1.9617865552446931, 1.4576221613889815, 2.361424815178371, 0.5817598049043954, 0.955270742212756, 1.1499873147287771, 1.102272374502998, 0.38298226896032267, 1.0025255753863183, 0.14895480436819986, -0.1718236071573672, -0.16691203205405508, -0.08288835240643132, 0.6934359355722702, 0.07352255005841381, 0.23975158556746892, -0.004441606894683873, 0.6353903324386555, -0.5941243416038802, -0.010579326661013341, 0.5217941337759492, -0.8009204241547916, -0.6873248125609495, 0.30699911939911345, -0.7264754419347204, 1.203011008294858, 0.1289114210343187, 0.8339679845767932, 0.6787404840786665, 0.13165065868286607, 0.9775324532989778, -0.5176638919232596, -0.1764064342348171, -0.3382173174930962, -0.4320739123733088, 0.15300346207473256, 0.30445451331098355, 0.3607552322013242, 0.839977092801706, -0.8187502140463402, -1.0197745304752113, -0.3453057668080294, -0.2557879592705888, 0.34845583705381955, 0.002454862854021188, 0.2614603712738739, 0.7200559515802698, -0.345633913650332, 0.3542539453656608, 1.0876581005156445, 0.35986398698588745, 0.8761950739391441]","['area8', 'v90', 'v62', 'v57', 'v51', 'v76', 'v7', 'v48', 'pred_proba_m', 'v89']","[np.float64(260.2029036425394), np.float64(10.840526417695054), np.float64(15.310082849109133), np.float64(11.970651214515257), np.float64(15.90772136784156), np.float64(16.5647905684407), np.float64(23.641169977613394), np.float64(46.21773012547019), np.float64(38.41849721735643), np.float64(114.3296846270811)]",4.077274219544213,4.162660516184856,4.076771695740531,0.8727945059745689,1.0018625870488822,1.060244541372803,1.1232443636535492,5.333910806478525,5.333910806478525,5.2958731112732735,1.1408586201240054,1.2842976979768093,1.3804942628806929,1.4116214542511043,1.1687118318056695,1.2154873529711974,1.230754343013965,0.009195734649393213,0.0040746627845791306,0.1419711306863784,0.09923561254689528,3.7621409618606494,3.774877982752718,3.7532544526454523,0.7772427835152691,0.7336027592116204,0.9362859473489896,1.0861175591561298,1.69586289033762,1.6206663648216197,1.6044060083934295,0.7104710935211986,0.8243158886870057,0.7498099604601765,0.6530332466668096,1.0804293432325862,1.1617698030071684,1.1128572713349758,0.1651389898008557,0.18621394177943826,0.2940441881325164,0.29669036207722044,False
f832_b,f1022_a,"['115', '116', '117', '118', '119', '120']","['552', '554', '556', '558', '560', '562', '564', '566']",f832,f1022,False,2,forward_no_out_standard_k10_lda_nc2_sex_on,forward,lda,,standard,10,2,60,6,8,True,0.9901077151298523,0.00989234447479248,0.9976875185966492,0.0023124595172703266,0.5381627678871155,0.4618373215198517,1.3821144314692766,2.1398660246998835,-2.7831320157155073,0.7657616622321639,0.036672885923644,-0.04977766258807507,"[2.091258277352861, 1.8093037390934739, 0.9526245747328257, 0.9890692863981108, 1.1027373126170326, 1.3476933986213566]","[2.729188148369523, 1.3872810822602122, 2.282424346970188, 2.19230876689272, 2.0347351701873246, 2.213258633519333]","[-2.503001019779654, -2.579423560193015, -2.910870331164846, -3.0683178162171223, -2.385983203846428, -2.623302268832864, -3.402436908814, -2.7917210168761293]","[-0.13784401370101454, 0.4385599727394342, 0.919684722491653, -0.024085022956319056, 0.8164805338503173, 1.6121852797507175, 0.9866086692017144, 1.514503156480808]","[0.5063538128081022, 0.06765716772392327, 0.9873802839229325, -0.07876983174494617, -0.2712682680322204, 0.5777433723179067, -0.46995496107595075, -0.7026367649502026, -1.6027811677131953, 1.2226869688952233, -0.41048535210449544, 0.09637488028156493, 2.6801748667000354, 0.2316354239275482, -0.8735908435035229, 1.4363030291013341, 0.39477955327673786, 0.8775104981854304, 2.036278600592592, -1.0728163461279532, 0.5555621205965958, -0.4328815229674633, -0.4240680226895688, -0.45009518113527053, 0.5447111292304979, -0.65878630860284, -0.28069738904547126, 0.19612483344104015, 2.006941245199347, -0.9623062850885956, 0.6236241835726615, -0.8793515866682703, -0.3850038619162585, -0.10093597187098098, -0.2872900833008556, 0.6975369513990227, 0.5499911706088029, -0.257173732423813, -0.884396179485841, -0.4189395130695667, -1.3216340257216357, 0.31776154057665384, -0.6292920637453904, -0.19005683725492512, 0.1184592635552561, -1.508711648244629, -0.525265815340464, -1.0186742912084112, 0.27197426314766177, 0.4558206957304834, -1.412665445491302, 0.9070432349628744, 0.027502704828460154, -0.8275750063521589, -0.7456645801731856, -0.9501003636795858, -0.30792390018258065, 0.6089887749767628, -0.8148851687955708, -0.6032480312025637, -0.846150307317759, -0.12450473419829379, -0.90741114893319, 0.042857750880841136, -0.4038427105797291, -0.4482420634706332, 0.8453957182217545, -0.346956854862232, -0.12511989450538588, -0.04084505975128712, -0.7576572117025636, 0.31116477131768194, -0.3539412638582731, 1.8652469992454783, 1.537084089392576, -1.190215443414888, 0.6278202861247779, 0.6502509807660094, -1.0430403084399904, -0.8748243879666597, 0.8969317737734963, 0.9528169095971593, 0.16322889076812508, -0.2811373209534267, 0.03902722186559625, 0.7307060727506811, 0.6539543452921514, -0.25278213858161597, -0.3217059139381274, 0.9009460596403416, 0.12502932225020025, -2.150256947496343, 0.13218456503403336, -0.7357281542049323, -0.4406806302263029, 1.03096247705041, 0.23691904634160474, 0.38292626166664784, -0.2439497084705524, -1.2974538997230616, 0.3335001937749833, 0.0024137004472189693, 0.5738566250514601, 0.09817793256215032, 0.05158857213852758, 0.2073879547239626, -1.6021471258447364, 0.16247559771060877, 0.09621938442870034, 0.45907901671419277, -1.297720767172367, -0.16147873743196, -1.0328645363262714, 0.6151713892646795, -0.08382515995458772, 1.1205722013060144, -1.1545671074836035, 1.101227894194894, 0.5112304187221415, -0.2776580836136253, -0.46324261978420583, 0.25887446671526054, 1.373792705457966, 2.6366428519869687, 1.0373610766925052, 0.9480037855480085, -0.8477509561916882, 0.05478170271319407, 1.4803574017496683, 1.7594745998210748, -1.34619253802016, -0.6135990341505887, -0.8733004691554052, 1.5657401968982552, 0.7870603308112061, 2.4763258452385486, 3.2002700622228186, 0.5987260616665653, -1.501358770780248, 0.6019383719993642, 0.6970190762885442, 1.290426847108978, -0.44422117905372976, 0.7094741241513047, -1.3533621265935671, 1.7514648858261295, -0.12348856368184857, 0.11794446925428204, 0.2910443546953668, 0.4343748418125837, 2.1536671385254924, 1.2800792726695511, 1.2989640211044817, 1.5040197177207564, 0.3940721219495192, 0.832057873601496, -0.12837397735991066, -0.9062183823532194, 0.7339808809095371, 1.3279996859912502, 0.12727207200068727, 0.5096618390305769, 1.581139091055139, 0.10734590655820046, -0.304553112442516, 1.6801556427508628, 0.6122402959410175, -1.8809996703325558, 1.5483115237611786, -0.7746793184691292, 1.2523004086321694, 1.217129330420944, -0.11881276367871604, -0.24542705421459482, 1.299807883403733, 1.0395916629295705, 0.3440545274574471, -0.013179477080172424, -0.5451886859834194, -0.8997678512663055, 1.2059095237974655, -0.027258469457168203, -0.5640522491117627, -0.34991887039691927, -1.359868686995389, -0.8894468402646042, 0.8795777609760393, -0.36722102720819266, 0.32304712548376063, -0.06286645827974777, 2.0225190634041423, -0.78685702230337, -0.32306510126922977, -1.5689334491284161, -1.4500931595947915, 0.0712625359134702, -0.8988178562287618, -0.2826071270086704, -0.3170356594792519, -0.22704773887345864, -1.377876936238403, -0.05121029979075123, -1.3330056485506352, 0.22932515984192964, -1.0864334042285821, -1.552419812731874, -0.7118685115491404, 0.021460272994444717, -1.1932063233246841, 0.8562572241739385, -0.43338960049435277, 0.13967409189289431, 0.13448782696628706, -0.9658625905278196, -0.17334983954702357, -0.8159468482803532, 0.034041480769219, 0.13514250719767715, -0.039342660987457104, 0.9629701933573565, 1.1458238870607615, -0.4892308855564015, 0.20958697557183953, 0.7936507853746974, -1.5216749108815328, -0.9568627942616369, 0.3597056141012279, -1.1140807036624831, -0.5392437449881073, -1.243169532784212, -0.8384894689155673, -0.6519947802287033, -0.07211162735231959, -2.2635488549031346, -0.4779875200675594, 0.05663203281084962, 0.8064164109923019, 0.5714474518156284, 0.6706265280994841, -1.044770063666086, -0.58011373912757, -1.2185949621444097, -0.6656436847107114, -1.6529644134534731, -0.1414310945683978, -2.0126424765058, -0.6608310933438738, -0.44664921996075724, -1.5449609093641785, -0.7269269015887424, 0.09442028603107701, -1.6151513003009905, -1.9847131605219996, -0.034010307285495374, -0.6937292975492519, -1.07765140323299, 0.5350839996727752, -1.8583019121080855, 0.4521874452037358, -0.24818233577895002, 0.7507935784153029, 0.19822950006656023, -1.6045912586033477, 0.39808570416432326, 0.4701573315503316, -0.40907711656776075, 0.8036438932449965, 0.48960643865029463, 0.29680630401370206, -0.12846146873595304, -0.3087123732989046, 0.9007320016466166, 0.693228446631727, 0.790020303940881, 0.7793290549612041, 1.012308725889428, 2.1843149871003176, 0.4530080935745937, 1.879248829595512, 0.6477218528227929, -1.1828165710618839, -1.2076388188474556, -0.5566023629159423, -1.2521606128210567, -0.5202828591562687, 0.1969245601734814, -1.0365070531460876, 1.7220919871131941, -0.427350588642004, 1.5921261773216513, -1.0529398562864056, -2.3738389031140397, 1.0579440545659295, 0.9493515052334951, 0.15729356915410206, 0.9292732389477801, -0.12618956382292276, 1.1408760193928094, 1.2683589825667085, -0.943058532187907, 0.8226621534183312, 0.008059572027503419, -0.8796338811365079, 1.1252618882073575, -1.7172389806285828, -2.4093551736668557, -2.2905611851066414, 2.547139815693039, -1.0412250538400398, -0.09562648512485102, -0.04905285363226716, -1.4370697953281626, 0.004208143888266087, -0.855955297434395, -0.14457451091235754, -0.03247327219976276, -1.2094231290479192, -0.547023147176715, 1.374551841264759, -0.506474393484009, -0.5916111744899251, -0.14540940160028043, -0.11484660124779052, -1.418347535920688, -0.7320378984413118, 1.3320122210928909, -0.446495236680308, 2.884332686875473, 0.02198886354792449, 2.6319926553841073, -0.6514372365096104, 0.7831632444882429, -0.48146713522838724, 1.6726709456230464, 0.03199041675831915, 0.744811188286703, -0.08702264435573144, -0.5713935580091478, -1.2860325171548666, -2.2872990748722737, 1.5562760436267922, 0.4911368780436553, -0.43457019801920516, 2.048338682297554, 2.3089282171856502, 1.1159063835901577, 2.059966177900771, 0.30274885241556265, 1.5529601670948074, 2.5130081521847325, 0.6240832068075338, -0.3241564836441141, 1.793128972087703, 0.0021287910860668603, 0.9775269438248958, 0.9972017798903797, 1.5068071369573761, 0.4341445953478804, 0.21581970760803318, 0.7915012084947128, 0.04632711990505013, 0.5872844031545547, -1.0295555208812899, 0.39036471717457016, -0.05200215316793034, -0.3935597583620209, 1.0437172699346675, 0.6114289585035994, -0.14980210700709226, 1.5432715391080647, 0.14156491853293662, -0.462259417747148, 0.8953769141775434, 0.30776480216050256, 0.4523921766641142, 0.16420214907633135, -0.36244475154704686, -1.373722993668284, -1.0855750833766649, -0.8327817019609621, -1.145977141967908]","[-1.89515113438925, -2.0729272304583164, -0.6890802292748928, 1.6572253763871791, -0.36134303033993254, -0.6789166691816372, -0.21019368530492535, 1.254662513437806, 1.0431815990739084, 0.0707459189209699, 1.042713382090008, -0.02021603277817434, -1.2540937838084565, -2.458658766239237, 0.7416728760392706, 0.6590979785609267, 1.1094616186475625, -1.7358401624278965, 0.7189739071515486, 1.1037334046641594, 0.8795411237640097, 1.1863937195370622, 1.0684672986165182, 1.9004412503821544, 0.9046804436593843, 0.7692944005805034, 1.6959779732694613, 0.7075224438832634, 0.47224459909071737, 1.2800406109088114, 1.0091439187036308, 0.38342733418507624, 0.8683842690896901, -0.6174465294007061, 0.4712647474638798, -0.13466865841497758, -0.3723291372839708, 0.36569845700203807, -0.34305885429086913, 0.03880900072875598, 1.1180639825475918, 0.16828101617710353, -0.7301015869044291, 0.2998192418518562, 0.21839795211396296, 0.2859700198413929, -0.051576129743474954, 0.4202455923489515, -0.44334894087398957, -0.08135713309425098, 0.3709263943288599, 0.7949897554032859, -0.5739389076111553, -0.388064723410614, 0.521087389447235, -0.1821402918535833, 0.36189908682375715, 0.12214377968392409, 2.2618136053395412, -0.11707325697263461, 2.1048457260248736, 0.6899993626932192, 0.22464648778591612, 0.4962551191261184, 0.6401774190092376, 0.9621399146720876, 1.344242873558142, -0.2048464516047662, 0.6137486333660935, 0.37665904102595693, 1.0463386084787516, 1.442263445278633, -0.08109740110530483, -1.6834883782049073, -1.523494192713761, -1.130848003288712, -0.20214245194302316, -1.2450346493350548, -1.1562915283056778, 0.3426885907863502, -0.635420995268373, -1.1545651659035798, -0.434391869495502, -0.8552843340889404, -0.010173294287185136, -1.186824654293726, 0.1464701004062562, -0.6131760715984133, 0.7433530132919396, -1.2797127602889233, -0.19253589710115304, -0.47744583962424664, -0.75783068335218, 1.7218350648267218, 0.28851341868109354, -0.19530956834019714, -0.031226169995125865, 0.1312328390514239, -1.5521216671324043, -0.4228340689196689, -0.5492814170002377, 0.20371584159931347, -0.8718568364007286, -0.5304871498849556, -1.1643845028483428, 0.7021272564673233, -1.2229781524549228, -0.29671762860082296, 0.35798484581025103, -0.9009578582763608, -0.13259196020538735, 0.07820694590863973, -0.14018462596104678, -0.15387558875005972, 0.5105567865949202, -0.5371049084731544, 0.3706150077921533, -0.4835478106971332, 0.1986296826206008, 1.1375408183538767, 0.5945345497200907, -0.179966496310446, 0.6866590176469696, 0.871581986429575, -0.33728360356604575, 0.32839731965048286, 0.08952045332125769, 0.7444486639187815, -0.41829064093131113, -0.32811400352478126, -0.1950083892020523, 0.20109783338245163, -0.4586546046149896, 0.4710033028574275, -0.4452594609238257, -0.8675595897636019, 0.06110018894979877, -2.2891273909024883, 0.10850364614008408, -0.7263307361827654, -0.3197520598777063, -0.1999060653171741, -0.07184103760423939, -1.0089058729941816, 1.0957922475411128, -0.9190077493765475, -0.28497100249541496, 0.5977497718661797, 0.5560521554679294, 0.3399643368493428, 1.469146882857281, 1.2648929780984548, -0.30317026222798915, 0.5002218350054742, 0.20294719434625777, 0.8743769022939994, 1.0339657516262082, 0.9564479482168217, 0.999361651199653, 0.48349365284275403, -0.07241165209866901, 1.2326467655671498, 0.8898164319834682, 0.4250524999720786, 1.8732270020901467, 2.4990564318330772, 1.2687399502825192, 2.2328897046981058, -0.06742400531925402, 0.5603003351313746, 1.5271055305904122, 0.5197680047835588, 0.7327909684258836, 0.29764044091551844, 1.3462154711916678, -1.2317310097018261, 1.0617049046846005, 0.072858477528669, 1.3069826530192354, -0.5255520749199312, -1.590904840236944, 0.15623880186740177, 0.8982432786524026, 0.33321535035069927, 0.024018888006915887, 0.5941552152950754, 0.22503661779660267, -0.2579447458147355, 0.8306924343128247, 0.42250848787907314, 0.37202533573398205, -0.4023131097378792, 0.3780533300006506, -1.6625965577902815, -2.2697637100621932, -1.8648680315668964, -1.9218941027262153, -2.23208090366558, -0.6590436332778529, -2.208294907251268, -0.18114685632028926, -2.148861058566, -0.46665781586783484, -1.5075600023941564, -1.3736280027049477, -1.7912413537742997, -2.0262380818931063, -1.2733415998530087, -2.476816632733817, -1.787506088967852, -0.6480475725723054, -1.1375051154814766, -0.5471013235137047, -0.32208338121756835, 0.40094290382107595, -0.6297752248891245, -1.4773732407607705, -1.9377582812500427, -0.2924198809265187, -0.6472120688569607, -0.3229126608970471, -0.7763174686456545, -0.5552006301653737, -1.284879736970192, -0.5668146282860261, 0.15270897470110845, -0.5647762877079171, -1.0963115162215882, 0.41539164161694064, 0.12666924477075064, 1.1217908631720839, -0.02631423577450653, 0.2281372535452991, 0.8025948061374716, 0.5465890768732042, 0.613997123124025, -1.3504612348827887, -0.8307648916739281, 0.07054777349821555, -2.780579249024331, -2.4750658660426326, -2.2613834996817612, -0.9367545009796924, -1.4656139246889512, -1.5041691331878957, -0.13456167240357544, 0.3405177832623771, -0.09082693719185232, 0.5278524308449665, -0.20043523610896335, 0.09637039170597451, 1.1873990322518921, 0.21300693697223444, 0.5070421707758964, 0.3288304544070508, -0.6506262930913759, -1.3294981359318743, -0.8684004924881796, -1.036509789736025, 0.5839132557461095, -0.9438004964426503, 0.033581353085306444, -0.2054635674198864, -0.22716182262403686, -0.04524422128344627, -0.7731484578587825, -0.13819739226109315, -0.562694104306894, -0.5968835920298762, -0.5263057647442494, -0.11292298241106967, 0.10228741388204945, 1.0597313562221504, -0.05162642772932555, 1.4862338939425783, -0.11106767413459172, 0.7755037824057384, -1.109358014576783, -0.6249387097517117, 0.0026579394099681673, -1.052398012517532, -0.6662890317081697, -1.3620072268465417, -1.5494956565889169, -1.1430373605290454, -2.104018715927943, -1.8915957836811148, -1.0235576233281531, -2.167831428868485, -1.4786538308123636, -0.9341466215991959, -0.45869602598108494, -1.1160089755218128, -0.9275505827226677, -0.304815466282548, 0.31577135900692027, -0.05756164714258377, -0.7999490597885206, -1.1172395266254607, -1.7930019699684725, 0.3653241602825145, -0.8162210195595255, 0.24403868180134627, 0.15699206292972492, -0.23581525747851625, -0.8289647923855779, 0.5027310607224399, 0.811609671477808, -0.5078197467045046, -0.7771945239585443, -0.3065070302320181, 0.33908003361262856, 1.528858883854072, 0.5827625717821491, 1.0922879501707194, 1.003235770309131, 1.5530706913767427, 1.2418617035349302, 0.20037059990634082, 0.31783535829168386, 0.7809334093174273, 0.7906741978769112, 1.247349948312301, -1.2195491134958136, -0.35782682585735615, -0.8473066020165829, -0.5022300361644034, -0.7921085162695936, -0.6449106982992922, -1.6752492991249917, -1.3608646071964152, 0.5427914219464661, 0.3395252358072066, -0.34386475940899125, -0.9606875653769756, 0.7619499948964235, -0.28396487058342573, 0.2685194167882147, -0.4436388421506401, 0.3826521299883126, -1.2605618603124629, 0.23063732494438352, -1.3363159743601831, -0.48391532747806537, -0.7305983916088317, -0.9258115774168268, 2.2912804734275753, 0.6562085289994004, 0.8505761956461251, -1.2544180956699558, 0.6565506717229834, 1.287222527040074, 0.8649124130798123, 0.3645391206436484, 0.4301977650852012, -1.2585721139459904, -0.6087771064472536, 1.3560960794474326, 1.5328042357163707, -0.2409573656407596, 2.441411080636582, 1.1540665946421462, 1.512728319518385, 2.0516156781641635, 2.0808189615951727, 1.3516345136017518, 1.406370277349727, 2.5645377528630067, 1.6025377052860088, 1.6258060237114251, -2.2059759532137866, -0.33422976237334173, 0.16863165345604011, 0.019706104207856418, 0.8761615122718837, 0.10198776210479063, 1.1441377195648126, 0.14688320002738908, 0.8877617535124116, 0.18181303857199524, 1.3116216620188133]","['area8', 'area9', 'v13', 'v41', 'v86', 'v2', 'v93', 'v62', 'v11', 'v14']","[np.float64(151.31558915518133), np.float64(11.440909381335992), np.float64(16.79814165958307), np.float64(10.301375966808925), np.float64(17.58284386044421), np.float64(9.394677267734034), np.float64(7.8714269447124305), np.float64(4.885298909131149), np.float64(25.40635603235848), np.float64(23.72887289584341)]",4.38605070248148,4.442387053370491,4.444502204252434,0.791390998114255,0.9462151032480922,0.9459347895024109,0.9591425078431137,5.539350809652504,5.554022737640466,5.552719181615263,1.0581587123141565,1.2875878917312382,1.1712505431176798,1.121185407438578,1.3002734977534143,1.2962152928678414,1.2900552699466101,0.036446992231757035,0.01232702149631082,0.04604597222215994,0.027363845117381658,4.165246447184784,4.165246447184784,4.098400759056359,0.6704509782649438,0.7435648787315043,0.8729655409161564,0.8093590472606926,1.4729113673605545,1.5200997690318179,1.4422726123078857,0.31547420272715737,0.37562198505018496,0.6656651682272905,0.5855759030152321,1.2862333581834484,1.3783345143566823,1.2486506699338,0.14735780437412804,0.19054100919411432,0.1675118024459099,0.1585721336668693,False
f832_b,f1022_b,"['115', '116', '117', '118', '119', '120']","['553', '555', '557', '559', '561', '563', '565', '567']",f832,f1022,False,2,forward_no_out_standard_k10_lda_nc2_sex_on,forward,lda,,standard,10,2,61,6,8,True,0.9901077151298523,0.00989234447479248,0.998424768447876,0.001575226429849863,0.5381627678871155,0.4618373215198517,-0.7940619683791416,2.784070849845189,-2.8088829117745524,-0.6274569002572843,0.07148408163903253,-0.030668687393734503,"[-0.41560671210591316, -1.2568272468592934, -1.5636137307908389, -0.16744826638614246, -1.024702621577135, -0.33617323255552617]","[3.1132877660419283, 2.7464546716706604, 2.3113548116065257, 2.8978308511849544, 2.8134192387026316, 2.8220777598644338]","[-2.4878633705152957, -2.304600863751914, -3.4447167424870315, -4.14644345046436, -3.5776500935460214, -2.4481140494551394, -1.0472953321744436, -3.014379391802217]","[-0.9965198214270684, -0.61796367663995, -0.7688130806320133, -1.2765325584617184, -0.8809045053382925, -0.3641643241327474, 0.29588163392844796, -0.41063886935493193]","[3.0297717917195763, 1.5677646092189146, 0.3120374593755151, -0.43845839076034576, -0.6075002813389061, 0.16906088357623614, -0.5526974358252725, -1.1537802978539768, -0.3769245285556398, 1.0463233441950046, -0.36249175044162607, -1.5506319830490556, 1.192209762659151, 1.075031367926157, 0.04106263483927835, 0.31765840945352014, -1.183301582598889, 2.072237716745544, 0.1555150515716899, -0.4443613933773715, -2.0234028394702634, 0.3185399503622179, 0.7720211141336184, -0.6604254104204902, 0.8089628273299538, -1.9678894224555705, -1.2845008210528825, 0.7072430365772381, 1.6739298596946357, -1.2764181025308685, 0.9723642088038413, -1.2730625246744975, -2.176261955185897, 0.17819347260022594, -1.190911246094946, 0.4210661349159117, -0.782612741318363, 0.06452734085744956, 0.3507804461843927, -1.413325419360916, -0.38524974424053676, 0.13436223847004788, -0.24174012283164517, -1.7226861084206957, -0.26105531737424703, -1.1062412368346757, 0.43726240434722574, 0.4590313801729203, 0.40017772931837486, 0.7705740490117203, -0.5814453703705827, -0.5785135635820998, -0.367879380895748, -0.5083714416540308, -0.5298598081941044, -0.9131003160686835, 0.8407359668252629, 0.8018498399463864, 0.5363408553272021, 1.3781637908617206, -0.3656388041455581, -0.8482373151050294, -0.6549733068819088, 0.36089679574503847, -1.2255965370332464, 0.47774521596031305, 0.30006537396133814, 0.4688690335592214, 0.1205515723976495, 0.15880667091677284, 0.1489438422091291, -0.19232965986982947, -0.0038335890493671914, 0.8167487728421944, 1.6265526973842992, 0.8961201285983805, 1.5013501059767833, 1.8971637871894094, 0.45032061726608774, 0.4760219937294031, 2.146004385758884, 0.994815354758243, 0.44532309179944085, 0.5045790004258528, 0.5049299564025043, -0.4767075689631774, -0.3620348592988414, 0.1038443467528566, 0.6286140032543724, 1.6841237655542514, 1.5146986415194605, 1.2025355799940844, 2.285440185956475, -1.0936997159018071, 0.34584349063123887, 1.041060229656348, 0.9113942913268881, 0.7874292783774105, 1.103435553497319, -0.41727375739756434, 0.26725815165610384, 0.8355368678077477, 0.27078388127846104, 0.6440000082726944, 1.388198916059795, -0.25050022463303034, -0.7558100947417854, 0.36382624020160637, -0.872524051797549, 0.8844455695943979, -0.12893773777636425, 0.25511440338876784, -1.1084161098806304, -0.6924552362733071, -0.7346789316680803, 0.783835904942094, -1.6065949654212508, -1.2860246859969846, 0.3766758922751107, -0.44516640769811877, -1.2842955040881938, 0.8316670799990054, -0.006778159850367228, -1.1291561551734581, -0.5745074665262662, 0.5187846485441507, -0.1298865296606744, -1.0614682664201542, -0.13949803124304386, 0.2072164131651677, -0.6789884821555272, 0.9004823710285589, 0.7765553509080908, 0.6477800730376684, 0.12727233451772377, 1.8438639970010406, 1.5839725346976843, 2.5332135486218927, -0.5283761730200828, 0.37184913838957623, 0.04493210024943716, 1.0394926448141575, -0.05799988256150526, 0.953943977341591, -0.8064640928560086, 2.0772886786813833, -0.5424721500495419, -0.7929669070522348, -0.3877810884985047, -1.3345239876403114, -0.8714546689950371, 0.629937109545093, 0.6771580225154787, 0.33997568355639135, -0.3225003856194602, 0.19080562183451896, -0.31934539572840964, -0.09742118886872943, -1.5476543110027454, 0.26049680497157207, 0.17626051327880135, -1.4043614751337385, -0.6851348297203488, -1.2889723726916027, -0.38551492203497917, -0.8002171399605555, 0.2845753836351501, -0.8224918194231254, 0.2987650463985124, -0.2242613934145674, -0.6468670468401048, 0.6017409306090247, 0.5445085111467473, -0.24537970777425555, 1.0688994779630459, 1.3918220572397686, -0.10233218028415682, -0.49505128665026443, -0.7016904888012839, -1.2511529446247862, 2.1239312977839764, -0.30591914263667735, -0.8610393197542434, -0.6980103678331806, 0.11051246030808067, -1.7481899347808454, -0.17231837158516775, 1.183185936712845, -0.7210769666521921, 0.013136883076802148, 2.8095672593932486, 0.9133160969953571, -0.7891540094224259, 1.9848030584252536, -0.10321536744006077, -1.4114736053453152, 0.12802818744900868, 0.9448674775761329, 0.44588199487827257, 2.1094059377472747, -0.6678020022552722, -0.18541816577862996, -1.518968401438369, 1.2766796683959436, -0.6134091402464255, -0.4233928423915317, 1.2418618277664908, 0.27159038965397136, -0.3503002203705487, 2.5365648567046906, 0.7186229121985457, 1.3608610215346457, -0.3791802466094339, -0.7351110776881641, 0.30843974900624477, -0.1769079397362303, 2.3075931716460714, 1.5418075598222605, 0.7400984750164903, 1.3245123337646387, 1.7886457403908649, 0.7183152993508839, -0.2551929616553367, 0.8053901901518387, 0.6671979543579024, 0.3072012296264612, 2.564418874825815, 1.281295381912972, -0.12604395448701408, -0.7685196067276895, -1.7465170859253525, -0.8097369970181101, -0.3830576053535515, -0.43133562533610764, -0.6600233926518547, -0.9572150233082274, -0.42253960744809194, -0.23907899955633932, -0.6737301557427818, 0.023027213181563748, -0.5682091646515512, -0.9242852563829527, -1.498618538678182, -1.07350223255076, 0.9839963160965941, -0.8263876104767325, -0.9230640732772133, -2.693244383277616, -2.4204700969607145, 0.050805811135699576, -0.46794984390422656, -1.245249612320031, -0.3725473589434631, -0.4796911088049122, -0.8939271654449037, 0.264657109533029, 0.730913996083388, -0.2038010643271515, -0.5396280315423462, -1.4887835151814228, 1.0269854014757742, -0.36632698256533563, -2.0018471492350765, -0.08747294866086636, -0.47486570883030105, -2.3955632241360325, 0.5020871286278934, -0.6107744658716929, -0.16252981537710004, 0.2734024185813075, 0.2617833961601001, -0.7776261889527034, 1.782885981803851, -0.3577529911359289, 0.881479923064991, -0.6681379310117305, 2.502284316417991, 0.2856686127064187, 0.8602114463257904, -0.3892391872746886, 0.6336206534346441, -0.9951903150960872, 0.3854520380337968, -0.950053928793963, 0.7228044841044, 2.51325692045042, 0.2861496839148626, 1.1600100215401516, 0.7721159609471494, 1.9925783017564573, 0.6251363636442575, -0.6615321499269023, 0.4788495583715468, -0.3231623771463014, -0.6536026664950761, -0.1386392550977786, -0.22137032310442442, 1.9202018485616172, 1.0731745839638058, -1.1260440233459943, -0.4688565983999283, 1.7832708455106507, 1.198224448307347, 0.7788639367996721, 0.16568233115537429, -0.8363460995021468, -0.8929514782368797, -0.11724939038266564, 0.8800197518515571, 0.418048011967823, 1.4162591209509579, 0.012484028802581712, 0.27343799970618526, -0.043663688015529716, -0.8753390392345678, 1.3069683237743688, -0.8542626430823332, -0.5906893427638825, -0.7398272861997279, 0.21974390794717696, -0.1418241855093151, -0.7241439501573155, -1.0474516297116083, -0.3155912976822097, -0.4884215614764382, 0.375223822069696, 0.48757449706446526, 0.881754276745029, -0.5266316860787676, 2.7428553586050666, 0.7826876913494138, 0.7373346263383521, -1.0877713884929, 0.6975832699195997, 0.2869666552948809, 0.6292597832322326, -0.33688756684242466, 0.5172646389729696, -0.14428865774256097, -0.33684498294308235, 2.0327840668391133, -1.3431895764425648, -0.6164683142755017, 0.30087762486509106, 1.1465986835223483, -0.8284712894108014, -0.00081958181206654, 0.3713323737172521, 0.7937837948526548, 1.626546793613443, 0.3344716051214279, -1.4640787919553997, 0.7126179688694163, 1.8642604236359885, 0.5965066599145141, 1.7475855945592187, 1.8054058299221507, 0.7309479712607334, -1.2521077360347257, 0.048455269314826854, -0.7396793657183667, -1.1294709829023244, -1.775362178073449, -0.46100078529461147, -0.9592107762417923, -1.411973655854414, -0.6873908570015617, -0.7589990879494344, -0.3006687995532257, 0.38160496229908647, 1.1018823928143608, 0.10180388437059548, -0.5865547945906664, 0.1528002975537284, 0.7570246867842337, 0.5085398791852892, 0.11221503292358419, -1.5234224856563685, -0.48102694082868114, -0.6161481833510929, -0.08379805172519574]","[-1.3525930846733363, -1.6032110730529325, -2.065573621307907, 0.8755357274162138, 1.3965795496819555, 0.40573734914492454, -0.14496633200314044, 1.7184855356891635, 1.0817051070895636, 0.40651942644480055, 0.5171626285891178, -0.7989180813220005, -0.383392832448361, -1.9481600501655412, 0.383215192249397, 1.4826400435806408, 0.7169008750452434, -1.2221101258163478, 0.9869967681898252, 1.9739299756847062, 1.7808350243686142, 1.0852020171405057, 0.4862608249771067, 1.161880296589574, 1.4656063639617447, 0.07841842106288677, 0.7561544493850285, 1.2750986450508943, 0.7234937259906147, 0.1635440966456437, 1.1663083584278968, -1.1146703989672766, -0.7271592946881109, -1.7378795132998082, -0.2970188167709084, -0.23726773612360597, -1.0604732344255188, -0.5589183685934836, -0.8982062576756566, -0.1537924440256973, -0.02440652574802498, -0.4371445517196687, -1.8824756859440275, -0.752515245010783, -1.338383464609458, -0.5704918971884869, -0.9984720956208124, -0.5474749737781238, -0.27810763234131, -0.42899597922618127, -1.61903261008567, -0.10357998038008, -1.0346907032863586, -0.44406604469515315, -0.701967814754196, -0.9521591949349493, 0.7989561456285476, 0.29430428184624347, 1.7485733813916184, 0.13320013978756606, 0.46844364871693106, 0.14802587007607876, -0.31258390611314285, 0.0710155423327373, -0.2923024289774381, 0.6065390713306856, 1.4131617173756912, 0.23536556707021258, -0.05016610573557822, 0.4331691502207151, -0.4150757777903342, 0.36991909338717754, -0.3778538633040808, -0.05526977837455979, 0.5744415020356607, -0.7204555091001407, 0.08640947883628312, -0.8522721608561117, -0.5941725337663618, 0.18716294289590232, -0.9232570653990579, -1.3311105134542411, 0.2683472076925118, -1.3173521586923738, 0.2535095676703487, -0.6061997880477723, -0.5987644508568093, -1.214725396699753, -0.7132360041510187, -0.5435799846561898, -0.1718277476713082, -0.38234700321028503, 0.7331942729685699, -0.3234122192817095, 0.30836406081694384, 0.3058337031750278, 0.14009470375071018, 0.09156012583208031, -0.5136462469342674, -0.18278725208962318, 0.5021182465440251, 0.2482326109622622, -0.24358527172231068, -0.22424721348833251, -0.14653077069459566, -0.13182418215266728, -0.759256704358444, 1.1146469895861064, 0.6279111762563091, -0.5075171042923136, -0.5609008429938317, 0.5064474946456111, 0.12598057846856756, 0.46178844748964576, 0.4727726729975809, 1.2061889582877634, 0.26993962557412265, 1.2492172621618152, 0.6036555728121613, 2.264993096084059, -0.03429181166919038, 0.7255071931092187, 1.7052088585822425, 2.1573525936406113, 1.378378603768739, 0.7479394622476849, -0.5715433156394769, -0.06107271478357784, 1.8170655049748357, 0.9768209995645825, 1.6671979505828018, 0.7271669782143461, -1.3377462422572322, -0.10156400698535181, -0.5596858949100373, -0.03503927209470768, 0.09731336734402882, -1.9189931680993793, -0.1613701467010083, -0.7266313675020657, -0.7050154461429778, -0.6716147761431731, -0.43550502186936335, -1.1576999212335652, -0.1451780626082841, 1.0693174114031516, -0.26889596874055516, -0.1865703322432521, -0.6927434604792232, 0.48606297697926837, 0.3889850496179266, 1.1361144840440753, 0.06311993905893416, -0.09995911873087238, 0.21551806140504082, 0.9252019435493329, 1.444350455207593, 1.1593563995315617, 0.7151781627325529, 1.0182097326145183, 0.9753312372364504, -0.03474419756310876, 0.419569130427497, 0.260222387772677, -0.4958011583331873, 0.8356364861998824, 1.3647193749210575, -0.2598861892926958, 0.5780401757141344, -0.2047730070223784, 0.8341683127691099, 0.10504782095270712, 0.15709345544802522, -0.07035898518447876, 1.3566804399012116, 0.28726884586924833, 0.6354189801285751, 0.44627192097890567, 0.6146991045330139, -0.8507547851941026, 0.838404802527393, 0.5839621125754463, 0.5820965802727711, -0.13733607555850336, -0.17845256524727893, -0.5576934714222137, 0.04655475415439187, -0.00940133960163494, 1.7616668225822012, -0.6395642202956652, 0.5464289771471211, -0.3189197913096911, -0.15601282821072843, -0.33181223516505265, -1.5917859947560735, -1.536309178436959, -1.5613191302866087, -1.4127815067725762, -0.8194833084721106, 0.4338269544022362, -0.9284078756377063, -1.3654409263867537, -1.7832322985899296, -1.2775831926068073, -1.7855179219475, -1.136177313826974, -0.17142460392664516, -0.9210418418973583, -1.7514903727809155, 0.755080514287601, -0.6692508007292854, -0.17008199784054953, -1.1041983700130176, -0.2953268907498949, 0.496007895109552, -0.37695623785150106, -0.17638610332031335, -0.6097686194310616, -0.8280588851276504, -0.006515196708112182, 0.9277542842376665, -0.5475457274134141, 0.15051605712935995, -0.9379927246406174, -0.9317599977273968, -0.9995528228498956, -1.0317384529438791, 0.26714626365835337, 0.015924219430888436, -0.9336897679966563, -0.010140242574573419, -0.9251678175453618, -1.0640631650766152, -0.06816734830718951, 0.010011174615836671, 0.7650506957329781, -2.7940197350510476, -1.5926370707492485, -1.6244504651530383, -2.01173205027555, -1.7248565394342383, -2.6414265116393403, -2.5018397476569634, -1.9752456113294334, -2.0948388276397343, -1.3566477905160947, -0.5987345421745978, -1.2562161134661636, -0.4064982028926453, 0.024462016310414007, -0.26031551442532047, -0.7034526300182977, -0.9579393564788746, 0.47703103849932466, -1.8415335747153032, -1.8821546538284197, 0.9029117858697107, -0.6075272836560057, -1.2964267886442489, -1.2533047044443852, 0.02948560766357459, 0.005805962413490821, -1.6649752784338843, -0.8237493330578324, 0.2394828337323653, -0.5019250693957599, 0.41439241511529235, 0.13251162294072244, -1.3236424689544108, -0.8670990288245326, -0.8056827321825364, 1.134489692001409, 1.7580647904737599, -0.4963286345381607, 1.9576713213230938, 2.264960159959773, 0.9832532750048091, 0.7443071781141013, -0.272276733626303, -0.26296646322873085, -0.8691632868194855, -0.7046857654111492, -1.0938038664926104, 0.06616351985147571, -0.9919787257041304, -0.4936482357204634, -0.7068494288357418, -0.8067127003719052, 0.4475210153718207, -0.44284829461144126, -0.48379217767101945, -0.8585896278108344, 0.05753598348351423, -0.03683237140739323, -0.5937869708638969, 0.16652502402627242, -0.3262234042107144, -0.3511302170918791, -1.3488331336455581, 0.7596487214103346, 1.0383691775920927, -0.3522372392115765, 0.14925160009114893, 0.16265075415873903, -0.7467066385463799, -0.6596369615546468, -0.13826445486696964, -0.38762235810986534, -0.17449571708892056, 0.03139725532107604, -0.6925492408465211, -1.067395694920076, -0.016901903583125603, -0.8485637745725442, 0.9258896603341819, 0.9533651619927865, -0.3076437837125775, -0.08311043445823575, 0.7411406017784239, -0.4623662098276845, 0.16866686605883985, 0.3943230306219647, 0.0509821001051739, -1.5009005075899864, -0.4882653903838684, 1.067699667128238, -0.8579799669586747, -0.15154163377387272, -0.7032920138888313, 0.5379459889607949, -0.5792544021066002, 1.0446054953995711, -0.1629595463783337, 0.7456347108066074, -0.1981567813883835, 1.0288010307073188, -0.2963550306572062, -0.09680318273368091, -1.2768463991825618, -0.22466194477141296, 0.42957669267134946, -0.44577928469634254, -1.1262455034157823, 0.40005118067039774, 1.8845631961828855, 0.23854453581869622, 0.3255218428071113, -0.4555851421486805, 0.21823555726924368, -0.05913452183573275, 1.6794278610580649, 2.292018406267993, 1.1448249030510547, 0.7656218550464811, 1.9238657800637484, -0.5407917155773186, -1.0397129675483647, 1.8533003111631352, 2.6620663103854096, -0.9337842688843715, 2.4656058148150257, 2.6754803634731723, 1.5244376162464979, 0.6486120524432375, 2.733674453918929, 1.31590014241794, 2.0378760170560497, 4.593777679567949, 1.4569525962170657, 2.192051383150016, -1.6811984139732412, -0.22889941047710818, -0.4856894643305948, 1.2983323762842052, 0.7189915336092104, 0.6527665151227272, 1.8238957401862574, 0.03468780864344399, 0.48520468252346677, -0.3476404206731182, 0.8065747829565075]","['v34', 'v1', 'v49', 'v14', 'v97', 'v83', 'v66', 'v101', 'v37', 'v76']","[np.float64(76.27314799510721), np.float64(13.529229324835736), np.float64(9.656207020672941), np.float64(3.982301935038069), np.float64(7.470735763971541), np.float64(7.714034925922274), np.float64(28.191016817452844), np.float64(31.551630805022068), np.float64(19.12221043476979), np.float64(40.951703725179016)]",3.962073323862649,4.034008315348025,4.097813908152416,0.7826888193945462,0.7365418335636379,1.2972638622813661,1.1229772187559086,5.426348693497884,5.4565924565521025,5.581453276357289,0.9882891404191804,0.9416659676733155,1.6894975079474093,1.3461083661291693,0.9419684609061995,0.901836369203855,0.9310974736721032,0.04401724301263609,0.029981173528373373,0.038689581391221736,0.007536933175310401,3.4115277501024734,3.4115277501024734,3.4963599212386747,0.71279834514438,0.6885293890216089,1.1618984996153443,1.1096613835608038,1.5592150339278747,1.5480470559181299,1.5402386216182407,0.5090271741091079,0.5074822007144237,0.6694606843515725,0.46117254284139364,0.9421465869012291,0.9490702114848141,0.9688301317419751,0.1375291873750427,0.13496218531919427,0.2840635195344314,0.19017493659446966,False
f832_b,m1084,"['115', '116', '117', '118', '119', '120']","['595', '596', '597', '598', '599', '600', '601', '602', '603', '604']",f832,m1084,False,2,forward_no_out_standard_k10_lda_nc2_sex_on,forward,lda,,standard,10,2,62,6,10,True,0.9901077151298523,0.00989234447479248,0.08153398334980011,0.9184660911560059,0.5381627678871155,0.4618373215198517,-2.629406009286942,-1.3761821378760815,2.120076359246238,-1.0117395228026551,-0.014237080148925744,0.048227002769771744,"[-2.9178194429741544, -2.325590065196763, -2.0670157477956606, -3.276110221771923, -2.3659112433996117, -2.823989334583538]","[-0.6865559145231867, -2.5337137267660372, -1.207029152126191, -0.7230683012820472, -2.1860270651303804, -0.9206986674286458]","[2.384288276565938, 1.9284369855781027, 1.9991180146548284, 1.7562253865317559, 1.648859720881756, 2.820135296067429, 1.7554157068885805, 2.8120090312106965, 1.7119868975173562, 2.384288276565938]","[-2.5014194207974785, -0.23533839054148423, -1.69041875349707, -0.7213770984118434, -1.2815100706159868, 0.27969106240568914, -0.3624875968510381, 0.007411310263983922, -1.110526849183844, -2.5014194207974785]","[1.2152914370544454, 0.1696454169018303, 0.9092951492054181, -0.13044732666841727, -0.6533953642247556, 0.40703268367913314, 0.38545771513237953, -0.11531191968046965, -0.8633301386172745, -0.23798509859802783, 0.10913913555440068, 0.8151638327093794, 0.831885702909011, 1.711569458358629, -0.36126521187704286, -2.369851485682865, -0.38703150419743426, 0.9229593234181102, -1.0918569881301565, -2.2379564804559267, -1.2825930937011758, -0.6091200521347233, -1.5064111321374494, -1.1935942746403931, -1.8796136757485158, -0.6231927782959976, -0.26298999854381755, -0.8695543235160399, -0.011627180806252281, -0.7260076534778048, -1.667227079928547, -0.13100285665824518, 0.46176136733475587, 0.5006049839415778, -1.1491330979902716, 0.24638209283252338, -0.3500301419401328, -1.263245719726093, 0.7583990946777153, -1.7752852770584044, -0.7999633281640678, 0.20908995131937322, 0.24434731756477324, 0.31403741836912935, 0.23236061232245298, -0.8865032382672904, -0.09014396313597918, 0.13526229908575108, 0.745269778270163, -0.09086287371816926, -0.10437100261640499, -0.4967673101507543, 0.27805645259035927, 0.8138418357463441, -0.47104272068769726, 0.23038500029967635, -2.5422620857772964, -0.22371221190672805, -1.2854972934667928, -0.6744675144991381, -0.8046747731284198, -0.42029585085373694, -0.11110246502871841, -0.31916287911968283, -0.06658873148104984, -0.33335552709415883, -1.8881394998040641, 0.27170927235147413, -0.30533805177889395, -0.6856037512314295, 0.018398060417597045, -1.4129241839675486, 0.08437870563162468, 1.204294095975268, 1.3486972266834047, 1.0466063229941167, 0.8557341375411831, 1.64131664427533, 1.6412139220891613, 1.0271958761974798, 0.41508108689582884, 0.9701512942083399, -0.787042839485318, 1.3178942566865561, 0.8997880418194599, 1.3617295180527709, 1.0508770662511433, 1.27944738877684, 0.3873427293819351, 1.3668186905464976, 1.4752059109451348, 1.1291826809478545, 0.6516076880498938, -0.9510086174841212, 0.33716485782661043, -1.3520361457519927, -1.0815768996680182, -0.7189318971015624, 0.8171848281564525, 0.2075504437331934, -0.44523972390157257, -0.3861771449284105, -0.4495656825067579, 0.8389762441599385, 0.17294384592157738, -1.1065409223427662, 0.9839955445545311, -0.5895023009348689, -0.3804369122324738, 1.1577108450379419, 0.6740880759889363, -1.085313121999297, -0.1809875952662656, -0.7606022115997481, -0.414620069202306, -0.7251980955530534, -1.7442511555576268, -0.36250243401778637, -1.0622244346905272, -1.1809255181031462, -0.26055567172947985, -0.08718059861557195, -0.7111999169864969, -1.6490156841209418, -0.9234144149360293, -1.678559061108001, 0.627719921468471, -0.4420046277049837, -1.4753464444253168, -1.1114275977808237, -0.5208980307036905, -1.2044602305799204, 0.983785649094517, -0.01544197903685799, 1.0428491442575063, 1.2101713794011513, 0.31496436584772347, 2.1048728317984184, -0.947886514567291, 0.7059267566669685, 0.34951896195434257, -0.047873227641408125, 0.3766242358730567, 1.3925347963795252, -1.2545221630274934, 0.20400743962436835, -1.3183366291948477, -0.23806970364476868, -0.7437670601672401, -0.6580048632772103, -1.0844044155300283, -0.5245412952539781, -0.5375630060003866, -0.5856115187082536, -0.17484095497060304, -1.052235902163639, -0.7395811060440352, -0.8288437429220692, 0.23973984276090798, -0.5602214156389892, -0.5724981029319984, -1.979885989060926, -0.2725855346771774, -0.7950496839243304, -1.099158818941531, -1.3946221739173452, -0.5731596802732497, -1.1224626381075398, -0.1716112687285381, -0.381021717568594, -0.8121237816825213, -0.30140249291263055, -0.635172574095343, 0.36405955306317783, -1.328769259824545, -0.1522668118348143, -0.6117522296366574, -0.6736713822850087, -0.04882569921169858, 1.2040640244391745, -0.4821686357053167, 0.9121629544298697, -0.38338826497319506, 0.4410033897088256, -0.0945171579016198, -0.15191353033842597, 0.3794533827341412, 1.160879379527262, -1.3564093561215171, 0.4821195176135945, -0.49565717754642363, 0.9597419108293573, -0.4226274969730972, 1.5336370859576347, 2.469871828543409, 2.5081335896955954, 1.799207575655978, 2.0561565906003016, 1.084974342794749, 1.1152280402747328, 1.3709496945985304, 1.472440439719287, 1.1943442423931367, 1.036973397621374, 1.7261567080208036, 2.157611649941022, 2.1109813474792247, 1.733419270652907, 2.0909048137677613, 0.20657692865121585, 0.8067106511799385, 1.0989936707293515, 0.7026058795594059, -0.45882611621116004, -0.7717411216926504, -0.021423200863966613, 0.7977442960154117, 1.1055711163247899, 1.2797562969375418, 0.3091745654726703, -0.24255507368156384, 1.5804852209925202, -0.1607606837298871, 0.382264490337084, 0.8069420440370008, 1.0791656039801392, -0.06989061161215213, 0.3043115541715315, -0.15296483181459844, 0.5356972270076142, -1.3042493868513014, -0.09384104392253452, 0.7893259741544988, 0.3175031240087196, -0.2380253206592413, -0.563073700066002, 0.17496543582300625, 1.0938225907426833, 0.1801350996108119, 0.6703430617442636, 1.4394039316859857, 1.9435990293705916, 1.2480129812877259, 1.9420373241811413, 2.0906931115667633, 0.8131950518668907, -0.3603308937485204, 0.9024787734786613, -0.3851625256249022, 0.1940518012084406, -0.278142639313258, 0.03957132303672388, 0.321092344239005, -0.0697905915245531, 0.27875507643148034, 0.33031655312513936, 0.6718893864559276, 0.2646317076792315, 0.8954935121823299, 0.3712341882385273, 0.7281207901369917, 0.12674983398196862, 0.9399930609961773, -0.45355584871409277, -0.1646915222477658, 0.6501233089838796, 0.08252895850321966, -0.6492552980446843, -0.1423570802593912, 0.25027239197409745, 0.5370839797573125, -1.4620002861097712, -0.6536857150383395, 0.25436955764103175, -1.0101830935513147, -1.5003363875693472, -0.44940482218752853, 0.5221985570975882, -0.2329995558815306, 0.4735156990586082, 0.6688563085275275, 0.17299051630947745, -0.5409165286497124, -0.8333979532969792, 0.5020731007692065, 0.9717555229094883, 1.2555678182491952, 0.3890763375514512, 0.1944831284317207, 0.41392834183374927, 0.2729661437930003, 1.003565985849794, 0.9920547275978822, 0.46068600183738395, 0.49445564885402127, -0.42152577255555923, -0.9962199220981324, 0.7649031289879835, 1.2245841734586642, 0.158502551894405, -0.7733075124518579, 2.442364258504748, 0.9731784691324098, -0.9159971302379796, 0.488741881398657, 1.58478650460477, 0.8258581283924729, -0.24354099907148508, 1.1526477127868862, 0.10628775344402079, 0.6152928196851447, 0.15288675056256587, -0.4442631813857652, -0.004304611864580398, -0.8078168411630842, -0.501707821397854, 0.037730085760360244, -1.0198867328255317, -1.2273234813599025, -0.03504570942916358, -1.3278295154453272, 0.2755728988213807, -0.28310985041321807, 1.0974291766094957, 0.03291145553679613, -0.9124468429833777, 1.5162992055305542, 0.43282565090359143, 1.0226804932567533, -0.09955001538804686, -0.016442907663989714, -1.6144490066220278, 0.24696023330888464, 0.12320795389293114, 0.7739507011195138, -0.37444858627762057, 1.3515774496602135, 0.41536707858317623, 0.9788358359224109, 0.9567583857576419, -0.11203815161002764, 0.003852710257296799, 1.9035166969187525, -0.23207446511669488, -1.20888519561528, -0.36264829280360167, -2.2755824802290374, -0.2612891865206645, -1.028404716647144, 0.3562894800276679, -0.38248728002840887, -3.3433649751661014, -2.047376613563634, -1.8494190363367728, -1.949078155224608, 1.0995038281113383, 1.1241987919337555, -1.5430110459584663, -2.5700522439218476, 0.5370034328120935, -1.1970038562476575, -2.130166048352584, -1.3884440405929401, -1.0825163721698385, -1.9064932640492025, -1.5462757789595403, -1.7801684925086338, -4.252227677144789, -0.7916638673136248, -2.24947997683829, 0.6522605544652583, 0.8146199757619661, 0.26385987760949653, 0.36530671477451143, -0.05995102646130728, -0.015603713473213798, 0.24403924842112684, 0.17274742282277308, -0.7084212348696896, 0.34992812740841006, -0.8163176707842228]","[0.8334779781117356, 1.7583959955950135, 1.3752813786234908, -1.9223156171168931, -2.122196928943101, -0.049730529616077074, -0.21691631809583334, -2.013010965574685, -1.0982190855762712, -0.551878471138075, -1.2089973691330218, -0.8166347659274241, 0.09769028527276798, 1.258033043649499, -1.8833473221523749, -0.0033692195349780915, -0.5076215881949225, 0.14742973091301648, -0.15146027492118563, -0.9089910910959781, -1.2241256886837282, -0.3601271057090704, 0.6480595489437267, -0.38529076943652774, -0.46117244312247313, 0.23521116633548358, -0.4993305083267677, 1.3092640078269717, 1.1525853165834692, 0.22703317769511153, -0.15204456965289764, 0.8739949414632417, -0.43008290625498863, 1.389227050591119, 0.10390309327221683, 0.4898834139265371, 1.0414804253556984, 0.8625345722501147, 0.5482737281221187, 0.795538630135927, 1.9215539931811698, 0.22421314907775627, 1.4592551035370662, 0.22941182286896686, 2.064896333885511, 0.7053735655813171, 0.7324482187986368, 1.5095434850166147, 0.12723807437859408, 0.4199992342318175, 0.07661399178873911, 0.3455407681463681, 0.30956331394874526, -0.10773410819365876, 1.3694530312838624, 0.7427125639784797, 1.6629770921077267, 0.2561985339674476, -0.9889225945481325, 0.03961435939175823, 0.8467974126393618, -0.4001247482872732, 1.1959809995941926, 0.8094235083120309, 0.43947455014100706, 0.13748280568931204, 0.2503096007500829, -0.5067907655999908, 0.5410397357253807, -0.23336813114783464, 0.7455857122400559, 1.0905746344708769, 0.5230411802739282, -0.5959318184485745, -1.4376218057870915, 0.35947117819899466, -0.9345010709744472, -0.23421488535056406, -0.9809168368978327, -0.5528520379304909, 1.456713493827185, 1.1864770790870025, 1.0851406060910032, 0.8158011443902398, -0.5561595896878347, -1.4765957282233648, -0.12099564596028342, 0.6427642830268477, 0.16771461223704784, 0.3974755382217616, 0.4639047954853036, 0.1402820086058454, -0.4267444752693777, 0.9332930493513634, 0.021798750508005945, 1.3397103777091641, 0.7494715575673528, 0.6001287137879777, 0.572728047250823, -0.5323720501604977, -0.6145906661218198, 0.22345177032709929, 0.9908716809169904, -0.9301824744858352, -0.10785409437075728, 0.2542109748524455, 0.16776524782878025, -0.5114915817798532, -0.8360221872718399, -1.2864383717248111, -0.13077584832741762, 0.9562956324028632, -0.3307667071030187, 0.5871923366740837, 0.4684014444381581, -0.5552334902241528, 1.0859875045827188, -1.5533017697564377, -0.34224000180094327, -2.8948622272590576, -0.8046966959062257, -0.8263299405974889, -2.1905566815132373, -1.7374538834105895, -1.1105259659038202, -0.9715018167779594, 0.7331869094344183, 0.4933350180412687, -1.6227985607932376, -1.3351810080293913, -1.4891354218983248, -0.5382584720916885, 0.219613071978512, 0.8010240500139645, 0.5482142473698642, 0.3178370513399684, 1.1966707426995666, 1.49787218391631, 0.10021110753331548, 1.0983723906050178, -0.15384660102813252, 0.9809284072869358, 1.2004270999586388, 1.7344500926317985, 0.42106319155981436, -1.971960399276841, 1.155297212633884, 1.2195935802501057, 2.2098442394645565, -0.2556354633900719, 0.5779365779011376, 0.5888830318835009, -0.3379325838265831, 2.4637907602627225, 0.5840104543643522, 0.5395791326591378, -1.2396306839591622, -1.2038906340568414, -1.188479362892232, 0.669087909765943, -0.20502795596444323, 1.2261743630266964, 0.19868375668639157, 0.30793340009667136, 1.1724647443893248, 0.5181326409515296, -0.41097727148235286, 2.486397415550738, 0.9982539069336932, 0.6048068144237384, -0.0948981392737242, 0.2824950220252989, 0.6215759435925485, -0.07833374354931384, 0.8558571247231554, 0.4597807536912588, -0.23218846659042192, 0.08139455687052735, -0.60105491881723, -0.7299883353970495, 0.2707584281366949, -1.2224223120712672, -1.248854439689812, -1.2116450188970056, 0.22482787020601805, 1.081593449328277, -0.10064994262393942, -0.1285109489849524, 0.26716279256611136, 1.1814817532949338, 0.7884738285385157, -1.0292860877080277, -0.5534478903078636, -0.9781682876767029, -0.2881458937327856, -1.944311882534294, -0.034688462152703874, -1.0513528244839996, -0.24287717179692692, -1.450076427906231, -1.8098681038943425, 0.030043565538834242, -1.2382897396949937, 0.3851110206092351, -0.17698549031107932, -1.8385919875756935, -1.393724181359603, 0.155480558546724, -0.972457083305776, -0.6284610721064727, -1.1735493658037355, -1.3523679646908937, 0.40917039380121767, 0.5923821241485933, -0.6353356686970945, -0.18109019059613546, -0.3598810993906471, 0.25306085870492023, 0.27198156573066357, 0.16258637686843613, -0.7753776036501097, -0.16924337630157962, -0.05252444349963365, -0.032215865288500345, 1.2149282919657913, 1.4174305667795701, 2.0712456992040464, 0.833426726898022, -0.27537480373836914, -0.006500954507040355, 0.6169107263830705, -0.2282174187295581, 0.437028656997291, 0.005475637818328656, -0.7895603185820808, -0.20263260160654414, 1.5922558934318216, 1.7488621362328445, 2.303495002654994, 1.3359367816145737, 1.0137924610028501, 0.6957253434881909, 2.007761247032809, 0.7879134591078669, 0.8226397808449732, 2.1225011785054413, 2.0286215570104313, 0.7830288768625137, -0.011762357303658962, 0.12194630333794325, 0.12469910713549227, 0.8196329919802989, 1.3449377362875607, 1.139459969148971, 1.848342424147884, 0.9620381042150952, -1.376438288377456, 1.5362405876146679, 0.7717151737482002, 0.7154660333756541, -0.05655511915058455, 0.8299090528770333, 0.508490840200121, 1.1032495929814334, 0.11494639579022475, -0.34095255655430506, -0.10881888034840098, 0.07928737342082426, 1.7782116366869538, 1.4406096643103379, -0.1379517347558352, -1.8264672551916856, -1.5155676351301168, -1.0304491503261517, -1.7486164557990762, -2.4659798300450424, -0.2762983657048441, -1.391398602439507, 1.4905807832657467, -0.45462148800136115, 0.7131255941050617, 0.40335232824738654, 1.843014307297127, 0.07278016185521774, 0.4039934769319034, 0.5851914800138387, -0.33876418053444957, 0.980314459517366, -0.9523562684191006, 0.349256437692401, 0.35868213913273866, -1.3181668685774781, -0.9109299292790587, 0.06013208511746722, 0.8052926114971259, -1.209727932437022, -0.3107891175213125, -1.0618448389908044, 0.07288691086741647, -1.2621091971307676, 0.15713140531433045, -0.006688914938962328, -0.47785228992998874, 0.8308772236296016, 1.1609957308197079, -0.374838702496704, -0.1948109919333459, 1.6259727389960716, -0.42741316060997847, -0.3137122486582689, 1.047925645643922, 0.8902467976537066, 0.3361404170505124, 1.0501419488224513, -0.9424257519756362, 0.019901097236237883, -0.5431980594469225, 1.0679104648872, 1.52185889480673, 0.5230051243838092, 1.3645826351857648, -0.7986246059860409, -0.08415565798559019, -0.11778432561447282, 0.9243462965857409, -0.6915099816010927, -0.2710460114089019, 0.6811523105290197, -1.0398010900087804, 0.255360687888963, -0.07214249338004078, -1.298778884677941, -1.336836755430747, -0.8362989660417175, -0.2908208949827802, -0.04572515349043222, -0.7034673979413669, -1.1108782322270754, 0.25207894630817834, -0.2606379207463222, 0.5546532736269141, -0.587671268493778, -1.0287661913960777, -0.7568375860902427, -1.24807209560992, -0.9871817286575372, 2.355736658677892, 2.903779429683124, 1.156153730031664, 0.28771513802281623, 1.3604769801572787, 0.6811208741714785, 0.9967333271169366, 0.879623441605251, -0.4476070897866354, -0.04826530990507261, 1.4599934200172353, -0.5526873996462786, -1.7833015682556008, -0.20033399122586829, -1.1395384487913691, -1.0009283350852034, -0.7218528690327246, -0.6454698178978602, -1.7687001359184638, -0.04110893241667586, -0.8518545167842858, -1.4539970382160028, -0.10002036050437081, -1.1557983647989616, 0.46193153191343406, -0.04684915743962343, -1.116522150579974, -2.329718575148265, -1.1095226049950062, -1.5156715427960228, -1.9389553033301663, -0.46185957185108273, -1.7718465641299221, -0.2831450569734285, -0.7862461811856947]","['v21', 'v4', 'v71', 'v55', 'v89', 'v53', 'v87', 'v27', 'v54', 'v56']","[np.float64(44.99161073085261), np.float64(11.218057138057846), np.float64(9.057571637741521), np.float64(8.715007283596039), np.float64(7.09327917737342), np.float64(5.851765859515382), np.float64(8.160331998215952), np.float64(6.019392608288645), np.float64(14.754468740118014), np.float64(20.18404160734687)]",4.7634442569100255,4.904408130913285,4.760658338664326,1.1519769684954035,1.302354618431448,1.3460266619272825,1.3501081332996492,5.113924983606606,5.761142519637683,5.535099154318761,1.4794156287902809,1.5852588920409487,1.6967621358487555,1.7068982484355755,1.5998888935658993,1.5755287488654952,1.6068434856811757,0.06898148605930364,0.04456580566775481,0.11205936884959702,0.07599778816876723,4.7494823685331795,4.7494823685331795,4.730038930864126,1.0675581288890288,1.2090944739762626,1.235019201326739,1.0647195891788483,1.1526191671504995,1.4787591111388771,1.428673734198319,0.417727221356414,0.4455396919378832,0.7668399032537537,0.7678540769658941,1.765095407735522,2.555466723099365,1.8001078461877347,0.1828492655335027,0.19935928330380998,0.2691222525537235,0.26766147880337426,False
f832_c,m849,"['121', '122', '123', '124', '125', '126']","['297', '298', '299', '300', '301', '302', '303', '304']",f832,m849,False,2,forward_no_out_standard_k10_lda_nc2_sex_on,forward,lda,,standard,10,2,63,6,8,True,0.975538432598114,0.02446155808866024,0.001088462769985199,0.9989114999771118,0.5381627678871155,0.4618373215198517,-1.4916725890227307,-1.4598101051860304,1.9652326280085406,-0.8137690318913177,-0.01777382018354831,0.04007614930773451,"[-2.5943566429068334, -1.4590948022107333, -1.6200674872429883, 0.042661678661517, -2.208368216759729, -1.1108100636776193]","[-2.5013271395757988, -1.8166915640024115, -2.216461860146309, -1.436432166479695, 0.9983260239621472, -1.7862739248741142]","[1.4255964436530826, 1.5030566487485657, 2.007676082725088, 1.6756918078657863, 1.7680833403386989, 2.883985423219203, 1.728832721909523, 2.728938555608379]","[-0.7598061630575588, -1.0384862113131772, -2.8502285415546096, -0.16575959799068404, 0.5836693139628786, -0.7215752058992456, -1.189811347938398, -0.3681545013397465]","[1.1947783470769826, -0.5486566643339909, 0.6812189519881084, -1.0469072192345255, -0.4943291641327448, -0.15825101457152718, -1.1541436372842893, -2.444227453880381, -1.5738092707442963, -0.6311420855652288, -1.59241042826262, 0.19521098289096495, 1.330042622349512, 1.0790315969097681, -0.7144329595111922, -1.2458745965302471, -2.020557465656712, 0.9356789805583181, -0.3003705040561268, -1.4775705568803492, 0.04823060990093896, -0.9870875414959877, -1.2322523978200495, -1.0672097054834133, -0.20486573292233734, -0.8046193559615223, -1.3037961021447153, -0.11000290915774129, -0.2569327559094453, 0.30048887225327225, -2.143256000608369, -0.6361420762411558, 0.3458732121837895, -0.3817872964850736, -1.017424538651437, -0.2645246543037532, -0.666813714593316, -0.9439272196555193, -0.8481239011903887, -1.5057449598953683, -1.6534287905628793, -1.069554722233658, -0.06571340694002485, -0.3460638208491249, 0.1796260586977565, -0.538523019346675, 0.1433397931749285, -0.6424356759489067, -0.34088159479119473, 0.13528811122314535, -2.1422641667111777, 0.3125916164201883, -0.34010963854758425, -1.1656134379030592, -0.22453860245816903, 0.16800729504124184, -1.3251373479032749, 0.2871224603538062, -2.810722951503604, -0.6278004122774941, -0.7871498740869712, -0.7310112571544168, -0.13539351451129264, -0.15506037346597823, -0.4674490028642838, -0.6616847737498484, -1.5499410542248833, -0.4117118887236586, -0.8914472326172576, -0.5757588390646842, -0.2949799707214124, -1.149855695433075, -0.7777617386115573, 1.6188288790609475, 0.11969796595364429, 0.38861191474398166, 0.23188725316250802, -0.41981051510117173, -0.44988339779270625, -0.6751969487439202, 0.10608324823868964, 1.0759436391755501, -1.1181068352034935, 0.7377720673805837, -0.12973233060950365, -0.3275468358771815, -0.41506336397649984, 0.306027038259807, -2.149180504202967, -0.41748433941591523, 0.3476268651949978, -1.016448034929309, -0.9772642933540894, -2.063054066654243, -0.6577290389870522, -0.8629538740696685, -1.1487796672621815, -0.4337135751455237, -0.7860445980111693, -0.10492294472773306, -0.08115397949117821, 0.038409039516865175, -0.30263635499344743, -0.693253605854447, 0.17778580995777568, -2.234754856178194, -0.307342919468237, -0.5595714655866992, -0.6724709612101347, 0.32614771624966243, 0.2295534849277558, -0.844784969882417, -0.8912882899341794, 0.3898479384927057, 0.03336026829646274, -1.0456775783494854, -0.8987798541207821, 1.9836820572790446, 2.915609805522048, -0.9757058128281529, 0.9577611823279824, 0.11502290267203864, 2.6825944723525583, 0.4855487698145329, 0.4682457813191279, -1.4070870255400723, 0.9477935255156414, -1.118061120237316, 1.3845978162244652, 0.5444941400396909, 0.7598764437576955, 0.6476724550748352, -0.5848341674863088, 0.755916247724528, 1.633134524634171, 1.9604114699228976, 2.321317686339949, 0.3415758614891762, -0.5622171220399216, 1.484540088161893, 1.4802726416697964, 0.3901741371143239, 0.10070932557132752, 0.32637608708345817, -0.8552216464116215, 0.21599405857048554, -0.7999359875112467, 0.5112108172369321, -0.30927850058184786, -0.7453082794589252, -0.7620614756661354, -1.882178775138082, -1.012066673026506, -0.03383979156130349, -0.08799696820320785, -0.9889991864449039, -0.8014113598035861, -0.6317486454456576, 0.9703558354630382, -0.3751748619856578, -0.23860734654747714, -0.5776925670104556, -0.05686776595393218, -0.38125843042563284, 0.18634798722227255, 0.17226451585895464, 0.1830099767838476, -0.1376752366292668, 0.6627642645080956, -0.7953160203344738, -0.9865368770870432, -0.869125888785116, 1.0893772768709435, -0.8533510828663831, -1.2112464054986924, -0.23954580956926583, -1.208265384623885, 0.458822500860764, -0.5712118967935641, 0.3314895247130121, -1.1743552744624168, -1.5637657277267067, 1.2584570226181613, 0.8915763982604403, -0.4500327692370071, -0.6854364054379963, 0.300062543370707, -0.2669105361509137, -0.7123261825709858, -0.8038370350925372, -0.2724298763280222, -0.41134729797575115, 0.231165853383159, -0.5037363194097102, 1.0853607119718756, 1.2798475389686312, 0.7523586997741196, 1.396176939317216, 0.9900656912458983, 0.3888013106367365, -0.17477305110837132, 2.361438828138365, 2.3294122152338748, 0.40310896364669513, 0.8523088106648639, 0.12074817374717214, 0.33207594533040546, 0.5667554256393454, 1.9618307332917462, 0.9174934251872985, 1.1485113965146592, 1.0254491185305659, 2.543115817746891, 1.4364586442372633, 1.0555610592809692, -0.09285050517644343, 0.872778383210231, 1.7627722285782168, 0.7567326403808781, 0.76966392265914, -1.532898874576385, 0.36575602222806447, 0.23238527972500392, 1.4066166873077852, 0.1203585084658935, 0.09471162338871324, 1.1355903507422098, 1.053929376597021, -0.2994797686392241, 0.44951449320289577, -0.9289270770798916, -0.265650183200151, -0.5092820290133906, 0.24321284834919932, -0.7532038545547398, -1.2023663589453142, 2.347634375232245, 1.9624188513901883, 0.8930887638443299, 1.6825997360050442, 1.9898818546025332, 2.353712786608508, 1.953847570518616, 0.8641548921923322, 1.342523138101197, 0.966098374609611, 0.8135410712000138, 0.22295697283193508, 0.02258748476182448, -0.5673222596893727, -0.3068323002705808, -1.3590467238982509, -0.20227032692956304, -0.7256950889868777, -0.15364355791107737, -1.450227709996695, 0.7503505645469166, -0.4889487984615696, 0.039029789729969934, -0.6607480465885466, -0.26549907689112606, 0.5133773812582666, 0.6205126397657349, -0.7727722981351369, -0.4474465112006489, -0.33180178075778627, -0.6196374482319238, 1.447519669918424, 0.5920351297087645, -1.5324469774886391, -0.38207608535454723, 1.2214745082299852, 0.6842646704807225, 2.039220647738436, 1.4219383203660914, -1.293042993949539, 0.8244034420798135, 2.1694455868814178, 1.7043921709935126, 1.07665905857977, -0.04356139769518693, 1.1715629970838328, -0.8670444280220198, -0.4794667535457833, 0.14617066326040243, 0.7845698491616648, 0.28877220393663994, -0.061283675136834366, 0.9406663184784636, 1.0684449281177146, 1.1987138575284588, -0.024062818529530072, 0.36568202667040467, 1.3754831719167255, 0.8063259029619754, 1.1578302471301838, 0.7386871598092531, -0.7986336334228195, 0.374049984724658, 1.1554406297410544, -0.2588812062505023, -0.023782543165964953, 1.4823861013219028, -0.23814087000241269, -0.7263614084247039, 1.2472589395134968, -1.0620764689639157, 0.29692678231808806, 0.6664146163104099, 0.7333516331940753, -0.3303441991808392, -0.9797951051743433, 0.09221090363257176, -0.2297658098351757, 0.6539070523691738, -0.6034832759232328, -0.19529116949656908, 0.11706486638972882, 1.1546985084039647, -0.22530271781587502, 0.0987445705367805, 0.06672407795572174, 0.7439694237788596, 1.0223933209217642, 1.81040657687024, 0.27494430600801933, -0.3609454437565197, 0.7861783668806498, 1.4572396843926685, 1.3297692511640224, 1.3175757058584887, -0.04446496337622502, 0.5197225259043784, 0.43617119409302085, 0.01392327508751156, -0.35461708782428847, 1.0357366774230732, -0.7525643489328266, 0.28455592144835834, -0.42987300241384097, -0.5160999196211851, -0.8760573864377786, 1.8159532523984094, 0.44400973728627835, -1.2008470746123514, 0.0797612524524639, 0.9831481620427261, 1.1833960100385528, -0.9989668417067452, 0.27829508319951024, 1.5690663972201688, -1.0208617625687244, 1.2106493915503476, 0.7087980804733129, 1.8363679112898095, -0.4303282122703926, 0.47206546903118274, -0.7888523980525562, -0.8826781748168733, 0.5309923277316735, -1.189870987944635, -0.7994506057824997, -0.3495707475755328, -1.208536036408826, -1.280457230917611, -0.4509464330193757, -2.007550455449191, -0.7336488483097245, -1.4054261680780893, -0.44641286965055443, -0.28444666161842436, 0.13553109145853864, -0.6225118765238161, -1.202034140277739, -2.7504450423098405, -0.13302903671906427, -0.9763694193147953, 0.13240826014422064, -2.113589723291093, -1.6867190318229421, -1.6996907212134629]","[1.3533705519297343, -0.4715680287521806, -0.8189890605030907, -1.2869829026598347, 1.1964984953804838, -0.0828067712206972, -0.4734051389608704, 0.018684772994609394, -0.4372183077326554, 0.6590736183481342, -1.0592396632743224, -0.5017914084247407, -0.49420479839376247, 1.0575431793636185, 0.3134105663945515, -1.0980461442837162, -0.24543159913399684, 1.3087876764773014, -0.37835874464547214, -0.32006145839079514, -0.7749367958096319, -0.07302159738480613, -0.20516171528103247, -0.177911785949788, -1.490192459460107, -1.0291505174182278, -0.18300241296902317, 0.2081665476224236, -2.9088559944578654, -1.4345175862708852, -0.4162026959515967, 0.37128062966746456, 0.747834600670652, 1.1844552880101669, -0.3505438039155274, 0.23560807186168428, 1.0283515803255172, 0.19076485185076963, 0.5368310178094845, 0.9965887442995276, -0.6915106898793485, -0.03829484737528797, 0.20076916583556695, -1.9206891914566955, -0.5635867615431478, 0.5788064729440666, 1.0367772581703927, -0.49261282482279395, 0.08697722785707539, -0.21451886273840817, -0.8874108943437122, -0.700353494256423, 0.30402983122285343, 0.192876015651456, 0.42640323018306786, 0.2251873663249525, 1.560459386277874, 1.9575127229072289, 0.8873794950776307, 1.7677024733947144, -1.1240422564177444, 0.5612928039249466, -0.1865222652960384, -1.0947878429915276, 0.18953737224547776, -0.04223521760558998, 0.7302811698446585, 0.01631154089271826, -0.09261719934796636, -0.4001522906725472, -1.573984823269541, -0.20516547133215554, -0.553223298319036, -0.6273608259560821, 0.1382977727617163, 0.8200749442941215, -0.6253155896030552, 0.3107985410423909, 0.2598422928450522, -0.7831696437521585, -0.6494026857207295, 0.2046851153001691, 1.2690322032232995, -0.2803351014726897, -0.7326203107659107, -1.3386931746830824, 0.8050906892696426, 0.46394009496665406, 0.2960417052556766, 0.0929591550836681, -1.4193610143688298, 1.6219545328876044, 0.48992254800385077, 0.5815743092916575, -0.039598513878204504, 0.08688389417942129, 1.3186522420227968, 0.08981246628898584, 1.9597152573491574, 2.019226359642122, -0.09074897730950661, 0.8505082325735795, 1.6549995620498181, 1.2990329090117279, 1.5553274594460502, 0.4626409174860194, 0.982895976438684, 1.2062383146803486, -2.3608508267041475, 0.717464466296445, 0.8471706179440696, 0.5124691282591443, 0.9978475588943091, -0.3646162579545064, 0.05148119103616936, 0.9911484463379273, 0.47660771850011846, -0.13558299875195878, -0.23728233896003414, 0.4015464446105367, 0.46006599386601066, 0.2934088145272861, -0.9435285683385607, -2.320586956143078, -0.2307765544250259, 0.9294174692523004, -1.4122752838889454, -1.1756579773212976, -0.6672668546540074, 0.4536765161754456, 0.840716120376028, 0.08622466215041451, 0.1806584773790154, -0.1952824383522574, -0.035663361639713585, -0.6470652412990002, -1.5765314966105957, 0.7336845622675378, -0.42247781432926107, 0.6034326002631277, -0.02922756788329498, -1.5400754518839401, -0.14189408642739892, -0.4603322435066243, -0.12315615137884525, 0.9761191506641695, 1.5577088426181775, -1.3061376040492074, -1.135029300421926, -2.6798783918774043, -2.4234238092891065, -0.7955484827431115, -0.7636673110539351, -0.2870373007953224, -1.8327519777802639, -1.1819682171948367, 0.38815830137075336, 0.5309373994615524, -0.7802433298393685, -0.7874741941050043, 0.3518015750048462, -1.0220324368063167, -0.8753395075184434, 0.1055567603315467, -1.2150798187465992, -2.9776949321492374, 0.6939288941446359, -0.5099511642914368, 0.29656761906418866, 0.5144087710858, 0.8488899026368063, 0.21836750967112892, 0.7991417119324551, -0.012111258979029257, -0.23677834718599344, -1.251922601501871, -0.03512661747478046, 0.6101475068544215, 0.5898493313714935, 1.4612229697811037, 1.9763225645601978, -0.20393994417481398, 0.31203812090993743, -0.2099344573248328, 0.29053526641217525, 0.48894550966334327, 0.358396315064968, 1.3741635706206259, -0.36375201409576574, 0.4957260125372555, 0.6302199980835252, 2.4324241468521968, 0.3440768355322176, 2.0848411467305072, 0.5562464071977745, 0.8219607544608731, -0.0993204512076424, 1.3732076042125088, -0.008962349075660639, 1.7511182433015575, -0.5938913293993835, 0.449711414753109, 0.6089781238593811, 1.4928427009280705, -0.09101635014222616, 1.8842585392827162, 1.076067553131568, 0.2927511619598949, 1.3620958881791527, 0.49358913066753307, -0.05399621838969946, 0.02349025070477456, -0.5725590189311481, 1.1704740824501967, 0.48756400372800557, 0.9440418369971078, 0.981467482983894, 1.58997929644516, -0.7333403551662202, 0.20014200001419769, -1.3981168762744844, -1.9406955885938553, 0.691315412170793, 0.8599781037232557, -0.13594495530085157, -0.675132446492746, 0.33976112453679497, -0.030783935542671552, 1.5947865882241674, 1.3856796711022041, -0.0456697795202031, 0.39872668235893893, 0.9123809011527688, 1.1246843248865217, 0.6815279594482423, 0.1539914403283362, 0.36644232889954487, -0.3323599136869859, -0.4160465511968703, 0.8357242018030765, 1.3207371656413005, 0.3122115293475756, -0.44231309017773446, 1.3062639760150219, 1.292381143002214, 0.5427827973445133, -0.6094077317518953, -0.8588733627325084, 0.5883837827035671, 1.2202834498260005, 0.2945915251723806, 0.5104577660702616, 1.3550549920399675, 0.6105563827664786, -0.025687742242661273, 1.6689669692352367, -0.5407088049754039, -0.08073419862659269, 0.1804505425333451, -0.07326274229840972, 0.6196947524646753, -1.3534261464887551, -0.021663817496695135, -1.3335625719333868, 0.07933595483778101, -0.9660207729643563, -0.02246736537009273, -0.5070767340246787, 0.2957797434653754, 0.6935886742614603, 0.708231795805268, 0.17444517007047988, 0.45305308150953616, 0.344055126522918, -1.9671708018147889, 1.8043292298602376, -0.8638814813535393, -0.6837966894504018, -1.2660761332789017, 0.4149596090215186, 0.5776444502334461, 0.24643249183487523, -0.08725431529251775, 1.0461879680651343, 0.3571749114109697, 2.007828866698235, 0.2564975263504909, -0.11133121048781129, 1.3198350104765102, 0.9012589914470401, 2.4924193703367306, 2.004212670886818, 0.18590723083395902, -0.9770391924890519, 0.624177606265589, 0.0890212311793, 1.5265873985143985, 0.8081558731117058, 0.06898313212779378, -1.1244466916289408, -2.727566826926137, 0.7160564658097199, -1.3764549616850643, -0.021814460622111963, 1.3424236326196293, 0.0019569891272483288, -2.1394479511719227, -1.5860917786658806, -0.5088118203996722, 1.032363657421167, -0.28731717318845673, -0.24685298608031794, -0.501799870029201, 1.8437334844310351, 0.2847027343984197, -0.4821668014518638, -1.2179821446264827, -1.0174718739282, -1.7818179499483253, 0.14247277251964877, 1.1763699709383775, -1.3352202744754758, -0.9318304070327835, 0.9230036013368333, 1.0900269765926296, 0.5294160319236083, 1.260097685050516, -0.6021304212855588, 0.622014031799848, 0.7770280787090261, 1.3890528708426755, 0.6158186799218445, 0.09978559314047461, -0.6915316351932211, -0.14593273717026956, 0.08117096374269199, -0.255291141014666, 0.38231031647460484, -0.8953673570286859, 0.3588845780930776, 0.2648462476652573, -0.2331713667175398, -0.5918563053913907, -0.7516709201176088, 0.5517428127519767, -0.09224747397285758, -1.8600782908845475, -1.468060202513403, -0.7088573893095088, -0.6736493575473175, -1.709433256883609, -0.5579105412538544, -0.026154864734119477, -1.1720720227715986, 0.22840329564144574, 1.2566692123309164, -0.5085282951209225, -0.9407541281512103, -0.6108963775287192, 0.2871628824706741, -1.7147071018883915, -1.290590729404213, -2.7512671977195704, -1.9769429916634997, -1.7463118257201764, -1.6249333713978813, -0.09856234809374323, -0.6423894431915553, -0.3013835027988301, -2.1691705029853683, 2.0759240130864263, 0.866929954953175, 0.9930724609468499, 0.7663508086719246, 0.4191710326139708, 0.7949804653254763, 0.5287117960387765, -2.4400683298892396, 1.0710358855386186, 0.43543696425221917, -0.9797615307184102]","['v115', 'v57', 'v85', 'v91', 'v39', 'v96', 'v86', 'v24', 'v29', 'v81']","[np.float64(524.6524886801767), np.float64(10.32054912583906), np.float64(10.29796129544241), np.float64(7.006882697082921), np.float64(15.960879069883314), np.float64(16.149200418193466), np.float64(23.73410842759155), np.float64(9.386967536707445), np.float64(27.22411678952949), np.float64(60.20155985990527)]",3.5167545760149093,3.7975906065144867,3.9398444856899806,1.9253997608805482,1.6468793375951734,1.4288193074974935,1.3736792750951676,4.102946290325984,4.894226144472753,4.99953988709454,2.4338340859958802,2.1985997939308985,1.7350037735610209,1.7309745015732734,1.392736868857293,1.2884795628211305,1.307507032843195,0.3660938413117206,0.21054269238450063,0.14588743800308243,0.0933567255880175,3.456905217031271,3.4630443799222177,3.4274608562587545,1.770280167960323,1.5017564808722503,1.3432272856692813,1.264612009407555,1.2841515664702963,1.5721575308410867,1.5214139002305267,0.8910068942849955,1.1085552788487316,0.7346152284549278,0.7589798852980038,1.4935341922522443,2.131770720600221,1.3999758180963617,0.5075473124491122,0.4030395040099329,0.31055997035592714,0.307939030138068,False
f832_c,f440,"['121', '122', '123', '124', '125', '126']","['451', '452', '453', '454', '455', '456', '457']",f832,f440,False,2,forward_no_out_standard_k10_lda_nc2_sex_on,forward,lda,,standard,10,2,64,6,7,True,0.975538432598114,0.02446155808866024,0.9783520102500916,0.021647978574037552,0.5381627678871155,0.4618373215198517,-2.8146676400284707,-1.2224944859472986,1.6198312842871092,-1.8468074076192489,0.014564794882312094,0.05318272642787018,"[-3.564460990118205, -3.4737658944761716, -2.750778015016349, -3.751904405904809, -1.8117801239046984, -1.5353164107505908]","[-1.2721498241307927, -1.4327155897509698, -0.9319848635106917, -0.8471963035609757, -1.1952647783575245, -1.655655556372837]","[1.3190776457636122, 1.9935301354737265, 0.303398990072082, 1.8707236589072214, 2.31927220472746, 1.7876668599894716, 1.7451494950761914]","[-1.7130693746788488, -1.0676512922512729, -1.6675367561624173, -2.45138356210863, -2.6085026085297005, -1.4024749190401924, -2.0170333405636796]","[1.1309861697710566, 0.10389962814363951, 1.3402245548430376, -1.1066681939506198, -1.9294616895389263, -0.0024436090446874337, 0.22253504180437, -1.2764101005409327, -1.3837184261615934, -0.5220153690886691, -0.290755824093123, 0.04049939835013001, 0.02074795283158435, 1.6018822287135703, -1.0353050637113919, -1.443633511393223, -0.6314758262172555, 0.7366989042613954, -1.1606831523175207, -1.5207076814168694, -1.534774841017329, -0.1918169184079639, -0.8636342765713884, -1.5949078209742285, -0.5386026702539867, -0.6573188275309914, -1.032775087624528, -1.6602162690735114, -1.0080310102640015, 0.1954016230468284, -1.1199020313197725, 1.0874860242837046, 0.7213576004709157, 1.731443974348972, -0.268638727283006, 0.8245435865436777, 0.8490025550046518, -0.04589611989142267, 0.9963985372516965, -0.5055779414386944, 0.5167602078792998, 0.24694368645955433, 1.6150143210035022, 0.11109565542520579, 0.5664873400052861, -0.025953692982317332, 1.0497815424610841, 0.6629156729934556, 0.8009624339201242, 0.3900586152955025, 0.5462294158220162, 0.5625591050555679, 0.07655522353308905, 0.045354221544040715, 0.32305407903678623, 0.7942194543050065, -1.164682944158253, -0.6007682941941971, -1.3118390103240034, 0.23505282478319925, -0.06942977579253397, 0.061678574040153866, -0.37495738952711316, 0.15309676779389794, -0.05081762881317522, 0.036525909297235294, -1.3654567135212796, 0.21206938124164446, -0.031717972587615155, -0.5073073854155135, 0.23030678832184842, -0.8338484927285468, -0.29218535008872476, -0.0592005568612587, -0.40044013680615054, 0.14234474510432135, -0.31271899084488475, 1.099692047268876, 0.13677622476156684, -0.4600411191166519, 0.7207964429905155, 0.8890346185166152, 0.712788862373462, 0.9430225854400023, -0.4334613113530673, -0.3038440666640949, 0.7627098390337578, 0.4140740834989215, 0.25056832893838166, 0.0560074495054702, -0.03782164367342262, 0.7071631855720637, -0.10443537784176693, 0.41817568627052154, -0.7864940487609406, -0.4611133977886551, -0.35361088006127905, -0.05821475758158153, 0.7596623113035958, 0.24437631362490525, -0.8514671219954075, -0.7275578342038325, -0.06624541913525943, -0.19077551588691374, 0.16454251618539262, 0.04032316484873127, 0.4105546921278392, -0.6395367099629807, -0.4762804105546339, 1.0091408325615807, 0.34625523199082453, -0.49572239719518235, -0.15391029973019169, -0.6978652001308141, 0.3772961753480219, -1.2620700356943586, -1.37117066187884, -1.5153837716037193, -0.9744751096553936, -2.6780713741157407, -1.47032248142876, 0.24070126084173107, -1.037306309449604, -1.6178581355405874, -0.8923678532716568, -1.1526687450826105, -0.31763795403525774, -0.2910621469462329, -2.9040395343440197, -1.666123332818023, -0.845944291861678, -1.4078614982795654, 0.6491321469697517, -0.7011965618548, 0.8745615837040362, -0.0487068376509739, -0.6508643776275448, 1.0360203532254815, 0.0667852275345024, 0.4455228052484748, -0.1702450575610313, 0.07487981616241454, 0.10409736191557264, 1.0793686732473453, -0.19396431080369902, -0.5186582840392738, -0.9062736133905739, 0.11366305695083524, -0.142865211953683, -0.693021319662961, -0.3825171721011813, -0.7820124783616759, -1.1812238727820217, -0.14851833981178092, -0.30210828584308996, -1.4633770730442048, -1.1571333324485344, -0.8916295893872181, 0.10458042896705583, -1.275546762049242, -0.4187878972528918, -0.5188798471708127, 0.36903947542609633, 0.17452218113323756, -0.2202956414640541, -0.9717884896586443, -0.6599619693593086, 0.11921146488734008, 0.5512638690914707, 0.3161095229491813, 0.07387331866068539, -0.027923093163231917, -0.16170549497245837, 0.5246236374109826, 0.11476173024108897, 0.18407271106045084, -0.4520458754907885, -0.5309290446405692, -0.044131110753270995, 1.5331585882568401, -1.0739535187820286, 1.0373583801967339, 0.4441132137108818, 0.3015175034412207, 0.267740613887659, 0.5410558172454618, 0.5633324835769713, 0.5953845187101862, -1.1159522332390286, 1.21027958804976, -0.13359179692112008, 0.020315191695115725, -0.28457093380436443, 0.9526367986105321, 0.271571853565635, 1.1976511718806668, 0.3596694808898812, 1.4052596857808088, 0.5320973675188301, 0.043542518380916585, 0.03698930025371364, 1.0323528943917957, 1.2760291481791313, 0.42603620463956976, 0.8274205617737567, 1.5412523839241223, 0.003677414740465304, 0.8757986173847128, 1.3854944585770832, -0.40150282841238316, 0.7833635889663139, -0.5367565698634319, 1.2778020970581498, 1.1183428343761312, -0.6607486925566287, -0.2156083721891988, 1.0426397127403533, 1.2064642668370917, 0.4550305538490119, 0.12632979913591352, -1.0750776576837155, 1.3308447152978766, -0.005457916019782209, 0.5290209346484152, 1.1932554486399172, 0.025297099528856472, 0.28265169647261756, -0.2879744977386114, 1.3585521711240982, 1.1430379885160822, -0.550500621385444, 0.5267868415453381, 1.1282142574419733, 1.493719172822017, 0.48931118549332264, 0.22116235836348905, 2.164981742439396, 2.165455976725098, 1.4764215626962203, 0.9839995958935454, 1.5221776808532863, 1.6738972316689547, 2.421025971987365, 1.7101840126733743, 2.7944405285622635, 1.4755471067165946, 1.2338116586270778, 2.3575163686797866, 1.25137309428074, 1.051323207313637, 1.2267071535408725, 0.828755624210659, 2.3823438405758073, 1.1764409933802638, 1.467239560849535, 1.3011502027172777, -1.4096071425856385, 1.0409940585744422, 1.5543246820298757, 1.2444445458291338, 0.22680775177413737, 1.4732255071271965, 2.2576277641703526, 0.7162866913451873, 0.7831907292137154, 1.659283360894068, 0.6451430556769358, -0.8368803031765861, 1.7049341629924533, 1.952712635821978, 2.080347827549517, -0.5099471872434537, -0.975317076013043, 0.33307621773158425, -0.4154374433559732, -0.9584616638145984, -0.4104469726058116, 0.0439513915671927, -0.6122400478194565, 1.5498930497437173, -0.08590179456213402, 0.5534180318162151, 0.7444169258611169, -0.5760960699918796, 0.47634751406931936, 1.114624861337906, 0.28131947786386624, 0.10039962854245062, -0.9116594699888844, 0.2768959985282683, 0.8574115134054654, 0.9425406957132102, 0.7008915942617706, 0.264986463138703, 1.5029649953239488, 0.008640029705263334, 1.4197548933668387, 0.16493889973006223, -0.19972585913640004, -0.05549513818173652, -1.5916553717413313, 1.6040905795284677, 0.016102318689968698, -0.5625657080903115, -0.3859314407944707, 0.6839519661494488, -0.5484658920212642, -0.9205004765627232, 0.08671192713490405, -0.685406430279983, 1.0716133472565612, 0.3025693248495576, 0.4797158280930832, 1.0149999601871469, 0.09406235755520073, -0.2164299895664794, -0.26899137830267356, 0.6224546974076514, -1.5873198426254018, 0.398780036402394, -0.4543827960179221, 0.36977805089952953, -0.13140075871792997, 1.5238336069982046, 0.5798074417316461, -0.9180186169192782, 0.4507609354641802, 0.5690782858363079, 0.2900512782482925, -1.5533855305160886, 0.25274499608158957, -2.2983502546105115, 0.1955423248518413, -0.9825638607912784, 0.2686287389494714, -1.4860773321145992, 0.5626122362513881, -0.46859720078823563, 0.5633162158028914, 0.13204358645653685, -0.22038664023241492, -0.00867695013083133, 1.3825654301350487, -1.1909842584872812, -2.070168294761178, -0.5976527939304842, -0.2493698064334343, 0.8588544082160459, -0.15786150836889093, -1.160203650193284, -0.9189780378599655, -3.44874981343858, -0.2738992052760193, -0.22536030679996452, -0.5737408413910036, 0.4343236394204351, 0.33863317403086374, -1.6118823275568332, -2.355493610875565, 0.38034280852169683, -1.7391162449558213, -2.4628077567128837, -1.5583912129966206, -1.3897739571330974, -2.4854321773836565, -1.2923685227713582, -2.1951329588820814, -3.8473197349402466, -1.4958965116843992, -2.0542937071745238, 0.24527022695422254, -0.042797847616501135, 0.4315881224105528, -0.09072571174269414, -0.7844266829536518, -0.026707315884238265, -0.6211498832448628, -0.5749157525212107, -1.9722497602171563, -0.007117170762295355, -0.9629638557928287]","[1.7214739397697456, 1.0384674273113246, 0.030672973319485677, 0.3491551094525285, 0.6802593846950705, 0.6729801194385403, 0.19811136949847438, -0.49355851719278343, 0.23183974039339744, 0.08801713186488365, 0.23398327091192658, -0.02747685718790064, 1.2335972910822182, 1.3953340509586052, 0.49876841467280186, 0.014867019865046212, -1.3028113750322319, 1.4414036822280436, -1.1142572664337285, -1.1617450106222633, -1.0340871185425355, -0.956017763840527, -0.1914282111456509, -0.8931918223125987, -1.222763069791283, -1.3462126072381544, -1.078523906197653, -0.4733066234253301, 0.006153454866421389, -1.2953915579572297, -0.08818072568143716, -0.34661972037302025, -1.6292222273331787, -0.10722553728869019, -0.34310157890309767, 0.16889560437113788, -0.37652598316732566, -0.1551727365660723, 0.3908205782818649, -0.5318807385599281, -0.10360480995525105, -0.28760725850336305, -0.06819629456008605, -0.3013874918687809, -0.5328910871545481, -0.23948391397406124, -0.5410118673203584, 0.44693842709161197, 0.03954496484480781, 0.016172871761816063, -0.001477701592185095, -0.45881660019119613, 0.5388808440944917, 0.7739693599435187, -0.42631706259559826, -0.19847749268461684, -0.14362793742311333, -0.2512196021983926, -0.7491303848065983, 0.11557274083657391, -1.40110651367314, -0.02029502904738717, -0.4157362718775072, 0.07156582935573101, -0.6544482718095673, -0.675201953720177, -0.6057313491976704, -0.1511082817401781, -0.7315344686097223, 0.193343121307988, -0.3605503991419549, -0.8300577804723211, 0.3467587232458435, 1.5375957982018293, 1.6244254732419685, 2.067631773726948, 1.590922086515224, 1.3391372461813982, 1.951721525759214, 2.0764262892129826, 0.9611056942540269, 0.6601004428274566, -0.33574211075610805, 0.5187897197018129, 1.3513437165107283, 0.35884128877418514, 0.3499217166695941, 0.03852503851501948, 0.7132694712142933, 1.66585968542773, 1.2319877156873609, 1.748027162372134, 2.0296829140593555, -1.1559912213541428, 1.1497671861287309, 0.4403931914512271, 0.14323252804583372, -0.11377664600966862, 0.7448248733086087, 0.7483060102921577, 0.10140327882840224, 0.15889740628965546, 0.8852676248648857, 0.8505009436806354, 1.1367829516697003, 0.22123046348081044, 1.0335850100636348, 0.2899645131836007, -0.00565793138060849, 1.0411127784744958, 1.2268028767292403, 0.5614501220777094, 0.756735751880036, 0.002140421664637526, -0.1686455735532501, 0.6396573337752274, -0.6562054312822314, 0.34715583239365805, 0.5372907850574382, 0.9930558335411087, 0.5489120144857671, 0.7552293692204961, 0.68978736462668, 0.4256275736880897, 0.6363538083183862, 0.2501191953191747, 1.42973735929115, -0.024198194558719743, 0.4870639785660993, 1.308529536934785, 1.2364341116559117, 1.133307523160794, 1.2166256736493055, 0.17349364671990866, 0.10031558723148414, 0.694982177356414, 0.46922758919084284, 1.5773650883940125, -0.2322452346851435, 0.17507089747496676, 0.27245536503791296, 0.09629402313839479, 0.0769580726410245, 0.3668784755675883, -0.41408192635966856, 2.0971919001837414, 0.07190875350454157, -0.880167796733405, -0.36198911863220584, -0.7648960222933018, -0.9686966275633272, -0.3655635989623752, 0.7186242121106876, -0.6634778401596051, -0.27281163716858753, -0.1621501318204193, -0.0375830398723376, 0.1346073852917497, -1.8856895619944876, -0.42319843344796254, -0.5112795173682602, -1.1963681393521093, -1.6254947149543924, -0.8404418312820393, -0.8950564976442029, -1.9211776283125321, -0.47723086756613775, -0.9111208631581748, -1.010762932083421, -1.4212447117933398, -1.096940663464336, -1.482952920627749, 0.004640607604841429, -0.05266894546310035, -0.8613515762893396, 0.26925462293459473, -0.4036524591422252, -0.7044203687660416, -0.635728613038874, -0.907984423812361, 0.5921367157635559, -0.13496905595104614, -1.5743885824319794, -0.9996434271607849, -0.13103846364383637, -1.1000653107550262, -0.7688778538140582, 0.1833500397594979, -1.1108749547772625, -1.4219472106935418, 0.10888019198536364, 0.22834008240029216, -0.1937273506144857, 1.6705776703049038, 2.17253439810225, 0.5889878015071038, 1.6055441562767543, 1.2797441713888282, 0.9518971746252699, 1.919173492568649, 1.0084437820683114, 1.1422835856784566, 0.08209498903442633, 1.5516481028293556, 1.469339782302824, 1.2627624725802034, 2.3290038564329136, 0.8945736012187521, 2.1364894283245155, 1.427153370423736, 1.50380493782787, 1.9759420734409112, -0.3407463949493092, -0.8614780032005408, 0.14242815106474166, 0.5038565516740542, 1.0337100159239987, 0.9614845393824485, 0.7950667057449338, 0.7890152534959981, 1.034703726861108, 1.2806850114282275, 0.7108913807061092, 0.4797807798925736, 0.27800661793633147, 0.33009919422485173, 0.6183536708120082, 1.1636498381511786, -2.093163913097312, -1.2923571365766775, -1.8558246372734195, -1.0152833503001555, -0.5155202391685528, -1.392100493130339, -0.8415117485961783, -0.8623198501840145, -0.3005487168639002, -0.07332186067998966, -1.3448757337891324, 1.4755045968432832, 0.30040631941032536, 0.41875819117164204, -0.8330903424065295, -0.2807396748461219, -0.4465533716123509, -1.4727609871936795, -2.973563595766065, -2.3788473650892192, -1.8287562463354015, -0.5637836428703661, -1.254992646950429, -2.022649844980302, -0.8504046992541692, -1.4691213027938113, -1.3043855662904864, -0.6739393949074834, 1.6147080879898696, -1.073221043930822, 0.08813582156544512, -1.0594326746040987, 0.5624145561973976, -0.8953411513969183, -0.2245251484640539, 0.6542532019493706, -0.6318043070311181, -0.9210218787988169, -0.7126427913973201, 0.8433160207349905, -0.47887662811710485, -0.6343450481503268, -0.19746600899462405, -1.2951821929682539, -0.8846447807333002, -2.1051180440182313, -1.2642546708327722, -0.09611118898308893, 0.37129543006936805, -0.2796726914646332, 1.166148354693833, -1.0959511371093262, 1.539525234911569, 0.4197710884558911, 0.7985321199327966, 0.5007087860490762, 1.29688772996991, 1.2073355087286002, 1.3635459303502262, -0.32834839686740563, 2.1101292352409122, 0.6554734635509065, 0.7381721324649475, 0.6710480940659879, -0.11282482828472261, -0.5600899008365019, -0.859122400768803, -0.29649951186150414, -0.5272932152765767, 0.816878275137465, 1.753559192160101, 2.5206950748462456, 0.16336794081931266, 0.9175183522968684, 0.5635083619505563, 0.47702786902869054, 0.5945709764952458, 1.3068628785939933, 0.9650636685294572, -0.7110123641160501, 1.9589585154677212, 1.5221105141360594, 0.892527992781488, -0.40053694854292704, -1.4323387200636446, -0.45251414371936666, -1.1801506343927783, -0.27854193152760454, -0.46929460807497125, -1.3688510369461637, -0.35063057164437694, -0.4209964224391389, -0.5622329009267029, -0.7985230570612174, -1.2418658204740738, 0.5323630288887884, -0.597857001333456, 0.8029789700711487, 1.3024344156389789, 0.2851640638962378, 1.0258782211260327, 2.2164230563102376, 1.3389178891371625, 0.5941287292309493, 0.46986265281334244, 1.0142620859513147, 1.0644181684483869, -0.6468122948378545, 0.5634097456144489, 1.042998259792816, 1.3029021695083178, 1.102497275829137, 1.0077469794070368, 0.09145502833267634, 0.7333925050809528, 0.789847274276803, 0.5382748078069106, 0.607548399052519, -2.13864354429693, -2.4508207101065738, -1.1288356056483477, 1.7358199516136847, -1.2352429222562855, -1.439833315022514, -1.7124885366228564, -1.4879297987537083, -0.6859216378862862, 1.7306046718244021, 1.191021607367971, -0.8633749854754328, -1.0033408394409558, 0.36905915816466617, -1.7331674601046472, -0.709532819027764, -1.602799605640786, -1.753851518061484, -1.2824307499507073, -1.4798577765743013, -1.5028711341159797, -1.5216981736675856, -1.068277339021756, -0.8505913125558606, 1.4304139137730885, 0.19587423267434495, -0.5845625933341083, 0.08014823832446878, 0.6968735121222791, 0.21670207465235888, 0.03576460383821792, -0.12413649213043779, 0.7586887743745656, 1.110438602449727, 0.20042950364426793]","['v34', 'v2', 'v65', 'v72', 'v107', 'v31', 'v23', 'v80', 'v110', 'v59']","[np.float64(86.25837543202148), np.float64(14.672555712544046), np.float64(6.55536523617757), np.float64(14.024930720524827), np.float64(14.803936058504183), np.float64(10.26462585865993), np.float64(5.514370738777228), np.float64(57.610518252476595), np.float64(44.80727671839577), np.float64(72.60323734049025)]",4.478230379728426,4.51045718106324,4.685627493358123,1.2513360955826387,1.0047104809006921,1.101810115017047,1.016698751340001,5.05881184598753,5.1335071739708855,5.182435375172042,1.5123562628283231,1.2237186057001006,1.3897111053896012,1.2899602005733906,1.3053162137115677,1.240828328029791,1.3166810670650295,0.04695172687823348,0.02864201802863009,0.07436514405752692,0.032012013540270945,4.43449892431558,4.43449892431558,4.579973274464695,1.1908439378836904,1.00112639088846,1.0035857337998633,1.000194558963848,1.2034055115205675,1.219163679110631,1.2087284183166531,0.37031142486182006,0.3295705400780326,0.46515216267521237,0.42499370041604656,1.1863620619731552,1.2002684096845697,1.2263032160645755,0.19341261874810894,0.1797178402361568,0.2100698762761429,0.20404711478817614,False
f832_c,f1022_a,"['121', '122', '123', '124', '125', '126']","['552', '554', '556', '558', '560', '562', '564', '566']",f832,f1022,False,2,forward_no_out_standard_k10_lda_nc2_sex_on,forward,lda,,standard,10,2,65,6,8,True,0.975538432598114,0.02446155808866024,0.9976875185966492,0.0023124595172703266,0.5381627678871155,0.4618373215198517,1.505308589117092,2.1100371254462518,-2.882522730739958,0.7960437863127469,0.03681976459637033,-0.04994376126818791,"[1.8699347785039413, 1.882561620198075, 0.9582213874524538, 2.2300752101960506, 1.2367740678481003, 0.8542844705039315]","[1.9091342589612394, 3.5243028864485177, 1.037935971072622, 1.7791927206139664, 1.4878754348838132, 2.921781480697352]","[-2.472687000393274, -2.1780894947389995, -3.2952517761708284, -3.788834126562065, -3.204427940176533, -2.1503604618264798, -3.2013488193766886, -2.7691822266747996]","[0.5376923852728099, 0.3794069575216506, 0.8386606176437625, 0.8755042064888167, 0.6003912195806107, 1.0224048471967497, 0.758825257363176, 1.3554647994343985]","[0.8224804695410742, 0.8966815347941097, 1.583350811073015, -0.3318987915678693, 1.0942980252681922, 0.5536616879553551, 0.8500483834741621, 0.14971368574192928, 0.1626121581966847, 1.0273483287628362, 0.004701245372725378, 0.5130790507726457, 1.2208119252249157, -0.4615223044683759, -0.5424842453984775, 0.9612348231784318, 1.5256821939797833, 0.907111978901044, 1.2791576135775495, 0.8619453010086342, 1.3658865561359506, 0.3481494009854974, 1.5609038666829202, 0.7489456208136198, 1.6304021003348348, 0.1441587852585824, 0.7704259271199073, 1.0614458963605877, 1.3763936784224933, -0.07844826183074213, 0.7217936868306185, -0.6304148819899654, 0.6616328166091037, -0.5551265981137669, -0.15038411980556657, 0.3417234318278545, -0.49240848460162306, -0.028588175477284112, -0.9250635461920652, -0.18583857549544888, -1.363725115762013, 0.5724048148601949, -0.5130813810448317, 0.015329430731603142, 0.45091160981968326, -0.46278644342971853, 0.2876018814158913, -0.5378259243757534, 0.40741425684077487, 0.6126229983335738, -0.658218283573186, 0.5968313264058086, -0.06989585900168754, -0.6763632901405798, -0.23544820368639421, -0.4442464755853609, 0.09370497816875481, 0.5234862842096681, -1.1775282732009427, -0.4085646938210849, -1.2985868204576787, -0.9724691922606923, -0.7161075534747054, -0.8483823508159074, 0.08104549419080302, -0.7379953049012551, -0.4245290810901671, -1.3690128319516381, -0.6804040785076821, -0.5548423293370253, -0.7211461027606884, 0.38435003393382433, -1.8466436931678827, -0.3020003110684693, 1.4836654104434512, -1.6015149501202919, -0.024854840516792442, 0.13188323427039808, -1.3614445801842554, -0.18123835632209578, 0.8838137071976336, 0.09010492813705442, -0.16024015359965058, 0.32423600716716294, 0.36034145116239136, 1.0002102176437524, 1.4859345399756685, 1.3070555070092742, 0.3295726361595249, 0.9094714239589823, 0.8109147329836123, -0.1354107829732364, -0.026152668104874075, -0.001105917908144921, 0.148754409325277, 0.9206969678964796, 0.9704053394709726, 0.8645692632222985, -0.3920822434339704, -1.6078010925792456, -0.225117185039688, -0.4599484088590844, 0.09556306446727131, 0.20787316138439899, 0.336608349102886, 0.11888442277444287, -1.2201465040821529, 0.6363897074867582, 0.4835481766103068, 0.21561109410771298, -0.49159945857619436, 0.6323233451802079, -0.08289498561691425, 1.3319539842068844, 0.06998179506859252, 0.2691478964782949, -0.5247895921497435, 2.3676380032213413, 1.1951674052520225, 0.12961043984330997, 0.872608183540783, -0.2064863296596075, 1.061056103187594, 0.49968198379620254, 1.757715730137519, 1.1191303408882485, 0.0879955780923759, 0.38224520879253066, 2.8286464701448626, 1.801271661428827, 0.4453507480484322, 0.04566380238260111, -0.315109358942119, 0.7507056228667396, 1.551558252082699, 1.429906232453539, 2.157092607809084, -0.6394597579255066, -0.7425548666159253, 0.8897120825914108, 0.7246889371336711, 0.6156705580924987, 1.0001645666228647, 0.13515241986992632, -1.0125838715881628, 1.6025187846788094, -0.08176719258883505, -0.29203285022256126, -0.2809047870003883, 1.2546375630173936, 0.9850526097875846, 0.3429729549447795, 1.1452642838400813, 1.108106164143201, 0.17589510005887118, -1.2466455173666828, -1.2757503146365508, -0.349094224331441, 1.978660057955677, 1.9829501244745102, 0.8450426787983392, 1.662367096275455, 0.9988185614273147, 1.2717004709707993, 0.9698894007665456, -0.48856372602489534, -0.2488662362014525, -1.7953436635756594, 1.1495063818044153, -1.594675230392096, 0.2405746308404995, -0.14873913835786068, -0.22324538224298007, -1.2430206280641656, 0.08365053220692456, 0.4273865346097201, 0.23531189717837736, 1.479695695883874, 0.5738164443610562, -1.3269967087394774, -0.13109175106161505, -0.025683202007961873, -0.27818786974847826, 0.8501975407698239, -0.38919702507418485, -0.10844936098810509, 0.1459250427452812, -2.798992381022567, 1.0771717372559966, 0.4103771083239842, 1.080981843083436, -0.683945292555205, 0.09590686267105314, -1.2621429924809893, -1.3053545823425203, -1.1826993289422634, -0.7774690562574061, -1.339417239013605, -0.1869733665898492, -0.9649226286029704, -1.1619881538619194, -0.36867418146725456, -1.5251457213288315, 0.8078350697233363, -0.5922782191350466, -1.527744436153635, -0.4435106209042349, 0.9371721293983823, -1.68555763886305, 1.0489619136066213, -0.8270348027625396, -0.8731149506699467, -0.8474441851200577, 1.0493649391142335, -0.02215507615192633, 0.19256183939226207, -0.02738660238129664, 0.4596299719357713, 0.7235996057730434, 1.1724045577674564, 1.3294991237585043, 0.3011133372098631, -0.3136911101725676, 0.8963334092936567, -0.8075379572997868, -0.7013437652883775, -0.5456130032845058, 0.09129917965772245, -2.424774806666293, -3.217062066088506, -0.4933398413448591, -2.4176108021057865, -1.838976690709318, -2.559142815213874, -1.5297069899366524, -1.6795674434948706, -1.7725016343857134, -0.23155128691757876, 0.2505889544080534, -0.708984951076014, -1.1430959411755555, -0.8581360280172283, -0.4641094448551704, -0.5211591664136236, 0.3451640484313053, -1.3275126090324216, 0.35327607920452603, -0.6775169327924576, -1.3390172712941595, -0.5531960964788951, -1.2710739568624907, -1.52357254995692, -1.7979218524800475, 0.30025688498114333, -1.3928629403769333, -2.026165658504415, 0.16294421247874216, -2.2167339599786393, -1.3331741937579566, -1.882188300297463, -0.28697709661850396, 0.28295298007477826, -1.4015781628508757, -0.3487922063045484, -1.2324641027650711, -0.5721791802649837, -0.9837854830779074, 0.5685903387301822, -0.2977734998192477, -1.3037931680144863, -1.329717036486705, 0.8569329037971601, -0.7216906569766242, 1.0377927757366394, 0.0401047663496518, 0.023268041623129558, -0.2382581565709443, 0.8249772247885108, -0.12448358383858668, -0.8791140422975375, -0.7547840838780436, 0.47449626740536044, 0.22361017108333797, 0.7836497299968033, -0.24709286701160138, 1.031214271830838, 0.12995689495136192, 1.188177598066955, 0.6475049869984606, -0.7198853367378844, -0.016010919622474192, -1.4702049140310625, 0.22730602795322555, 0.6107500552449119, 0.828315091691428, -0.1090761688032695, -0.5836040299473708, 0.5290258220587762, 1.9642503820867039, -0.6432059683910478, 1.440398249089297, 0.031318994632156656, 0.578101906452987, 2.081667115379145, -0.0910314656404697, -1.4839604500428827, 0.35344734060358923, 0.7690111682523758, -0.8644664768485334, -0.3891545237660204, -0.5149438168537068, -0.34508681183847323, -0.33056328370889365, -1.9988273469868154, -0.8692207605270897, -0.5048826068527744, 0.3030691552527536, -1.190210680970299, 1.679265044856295, -2.0045910860335194, -1.041221998080412, -1.42642109959103, -0.009124121224320736, -0.18643720981209216, -1.1949048415742989, 1.0071956145977456, -1.0340315899091939, 1.0153739851303296, -0.5906003872854549, 1.2570543528436067, 0.1961023822036482, 1.3110091786666895, -1.4117848498760275, 0.003326043624833737, -0.34274716241478664, 0.9880872045427234, -0.8348908056786384, -1.094205724294417, -0.8439940570913396, -2.889001561859156, 0.4872388741549182, -0.5630036667640388, 0.22133236607668852, 0.019690959425292885, 2.8613591945231915, 0.09851219925634812, 0.07759649587621867, 1.0297514883476486, 1.1339735939932205, 0.15922492663696874, 0.8039273793154712, 2.6485446801454535, 1.4861795417231447, 0.641720215173644, 1.2656695247339196, 1.547307397060985, 0.9830358687628855, 1.7055346381987662, 0.7657478316660213, 0.27311408759241246, 1.273436158425171, 1.2623217156904722, 0.5386045260917209, 0.08429362421212226, 1.5180052597133622, 1.657995636326062, 1.537603759657666, 1.6728739208661598, 0.6456818566771366, 0.8318636834859133, -0.3902827790197901, 0.30754752857933304, 0.533223985028225, 0.06436636001464549, -0.30457059442607115, 0.5067120460483371, 0.21835500031508054, -0.2991247126760437, -0.12770029140903968, 0.0015404052360114351, -0.4076524056945698]","[-0.7698801799012988, -0.08293770313160422, -0.7031022502142069, 0.9478998460209365, -0.13241910334260748, -0.7982041640633374, -0.45230471636235264, 0.5525328415296727, 1.3879995816817192, -0.24072415081403747, 0.5485524882465656, -0.2736757663297548, -1.244771632740222, -2.2485220297283406, 0.8970893684804153, 1.1192548174339663, 0.6144122847769483, -1.8849080665486688, 1.3302702925389067, 1.7660808966741806, 1.0988604256321504, 1.0620680239966365, 1.3493457697104596, 1.0359009475278746, 1.440602908111445, 0.7343113584961953, 1.2100528093912337, 0.146980627996826, 0.24198801685255963, 0.3056020171382937, 1.4806938831396408, 0.23356692237244264, -0.020976393669321004, -0.017056856945419935, 0.8403370066040673, -0.34888112140371264, 0.013806017381607392, 0.19726728405807997, -0.2180290751744955, 0.3810964621985384, 0.5485926381710071, 0.18244349640885657, -0.48748353657945087, 0.12861156171302734, 0.12850011221682975, -0.0027183876744391253, 0.9344197406897968, -0.5050501450950602, -0.6295937594271992, 0.8282843122404917, 0.9580142012458231, 0.8454765005775541, -0.056846735666413864, -0.26517492644087026, -0.14553252410202538, 0.13196261017256355, 0.5238376416131373, 0.35988194193001527, 1.8655156422968, 0.3759895771821478, 0.8635373262586086, 0.547639355546592, 0.0741903570677147, 0.5090882238507729, 0.1977265353079153, 0.5107709004187794, 1.0052984163352328, 0.4648406880078437, 1.0208151829272547, 0.0040648878993289565, 0.5865865595528755, 0.4787314906052015, 0.5762427714088075, -0.901561633234047, -1.2322021967877042, -0.4324616911457199, -0.6289359287697595, -1.2523525756537044, -0.23144739986531454, -1.6828262860761898, -0.1337892051489724, -0.7903747982820076, 0.4328904627223821, -1.2043797296629284, -0.8419295180791619, 0.9706728581018882, -1.0967864338214084, -0.8402620428856619, -0.6893152525412712, -0.5591898724081482, -1.2212790383215277, -1.5734523354957108, -1.4646689202154595, 0.9582936979571051, -1.2897101145915928, -0.03379449187178391, 0.45308124103162806, -0.2844766157369401, -0.272972476394518, -0.2609799287784788, 0.43535252409428365, 0.04170631361285837, -0.4307032237739782, -0.8429747541146309, -0.8781273469604854, 0.6592505077145194, -0.7101306218321685, 0.3507852163556371, 1.0600739825705483, -0.3097753864510195, -0.7672416232953725, -0.6682666949988577, -0.5762457917084852, -0.6857701703930357, -0.7960609417863821, 0.5360345091715258, 0.7126035293741912, 0.23234029828291586, -0.00216335623030739, 0.023666876460464524, -0.570857446393373, -1.502873602921748, -0.4687035293911598, 1.5847012198925545, -1.4447533890985582, 1.3278322128859834, -1.0570293986413393, 0.034033779610694107, -0.05167172317188601, -0.13194614524607076, -1.0389953004424004, 0.7545506594527251, -0.6002197381464157, -1.2515660977135894, -1.0920052613096276, -1.2568237469005066, -0.6888419690804576, -2.5241492343674268, 0.5097959234273081, -2.0260592447966483, -1.0412186101683765, -1.2115253070543162, -1.6156392403760567, -2.139059611139715, 0.8867967738209005, -1.2254099558936018, 0.19996607077651327, 0.40346610858362963, 0.6416753154749241, 0.9119488092814416, 1.5284639963385434, 0.5353359731418421, 0.7114271742754037, 1.0695067664253373, 0.2793005270840676, 0.5800017680857055, 0.3866769147728172, 0.9391500433671413, -1.0629877866452153, -0.2974514536285251, 0.4864428735460278, 0.9590432142052624, 1.4138322882691445, -0.5108387032964483, 1.3053571014715832, 3.312804226565827, 0.5375894293527389, 0.5625892673455, -0.038056839764461295, 1.3300107186204055, 0.6743782532910456, 1.0631156331034861, -0.19184668134802418, 1.218346799408866, 1.2953100244913593, 0.35320491738755133, 0.5180499054720336, -0.24611266642192067, -0.2954372252267881, -0.5416785619243543, -0.11810087033541355, -0.08219581737607341, 0.37121537529138804, -0.132918141717746, 0.5992489453483235, -0.19862220738168324, -0.08700582599097308, 0.33739636421169905, 1.012329644378298, -0.2955826322973834, 0.18376189360733916, -0.9782048730395176, 0.14586846869859424, -1.2598022362986325, -1.8290778166391626, -1.0553625301701415, -1.6332598869895885, -0.9024905532487416, -0.8051568437209433, -1.595447643000434, -0.5642228837659937, -1.2417684150034067, -0.2295315714893115, -1.56711529257761, -1.1867035351367263, -1.6654197528139862, -2.2697335557726053, -1.7248121118347566, -1.660087622051236, -0.8310776479442846, 0.1383316770078483, -0.17857936322438006, 0.5280002263197389, -0.2883643715205625, 0.9469841016170186, -0.9163978463621195, 0.31483604852067565, -1.9782374429605063, -0.8384693333864669, -0.9475561194696321, -0.06706820852336895, -1.0815151347739826, -1.2285412464427252, -1.1450075240238038, -0.07602898610690242, -0.8072302001655014, -0.32568825815619423, -1.493340394568808, 1.118364883097856, 0.6200171846488369, 2.3419747129655635, 0.43005004329026675, 0.3111837019337824, 0.5739806900941967, 0.5513449832241638, 1.3219012083503374, -0.1161867749579396, -0.698956659849692, 0.10271979060898748, -0.41412466435406764, -0.1346501346612253, -0.7794993643843343, -0.799523109864244, -1.488406248108858, -0.9709005051276606, -1.2570551963462313, -0.8169680843011797, 0.6067250083712228, 0.7783466827650841, -0.3208849174558243, 0.7061989632805155, 0.857501046148909, 0.35380647376337476, 0.012565613164052537, 0.8334161937561666, 0.7344711180892362, -1.1720392535562656, 0.6039630259506599, -1.1255011292657287, 0.08203991931138366, -0.049967988650543985, -0.08306146371926505, -0.3310039758387005, -0.45989537839833233, 0.35888223532199914, -0.037626062234605365, 0.8387884598496366, 0.22090849498086487, -0.6052267549533598, 0.2724313160253937, 0.04480803091015429, 0.4973520200508509, 0.12266239864901396, 0.8927368295210569, 1.1653052698111361, 0.23992212209448355, 2.1366970259205615, -0.08656783700511184, -1.091246849286766, 0.603631491049153, -1.397843596406765, -1.085125453219489, -1.0910648054147118, -0.3128885662334399, -1.483884390087652, -2.284888527452329, -1.409826136942683, -1.1132136305729334, -2.059772957479812, -0.8935354537607574, -1.3733832716094816, -0.4015523550702035, -0.031851724372688975, -1.6578249508356317, -1.3343217584644473, 0.916635729830317, 0.9855496962825344, 0.5225975478283429, -1.8759421834853367, -0.3954617692196811, 0.6940929275902796, -2.5707301408718566, -0.6795733581765058, -1.0579603029659503, -1.2592090697041878, -0.8348282020232215, -0.5261728320999824, -0.20470020165238262, -1.3861887991780806, -1.7965585330301044, -0.5085892131622164, 1.0128226984560174, 1.0429435115510302, 0.6198528564672539, 1.6038451543241592, 1.3258209428239878, 0.15086516414631765, 1.8699897562865362, 0.9528242969550607, 0.8444403176297474, 0.1867859418181938, 1.805164630675503, 0.7228927127432203, -0.5141746005364831, 0.0482635738661208, -0.3183129446465678, -1.6850553715437366, -1.09956578221406, -1.3055220717519225, -0.5221935904740691, -1.3441698537357443, 1.3726510188422536, 0.2948895174203847, -0.20918348670013773, -0.431535847818044, 0.6974423629038939, -1.2581799080093357, -0.21076945971086353, -1.9407864055380073, -1.417775999338544, -0.3374546321610231, -0.1328241565379943, -1.2193339027038936, -0.6337135574460644, 0.36808158187147916, 0.6731508317533332, -0.1322675021494235, 1.6531560019711504, 1.514768586815101, -1.7089136553573172, 1.6554171044502421, 0.9444835600830026, 1.2522929093884558, 0.5420685363633262, 1.4019655045585218, -2.153969817923793, -2.116472798183262, 1.2426891727380642, 1.2179953710002587, 0.049002767487558656, 2.1328503445892526, 0.7902963149625016, 1.3667115536433634, 1.613513364864772, 1.9486288845709134, 1.654724094760289, 1.9568127578728332, 2.9140197147313525, 1.0967926170741475, 1.7437485059861477, -1.1233855629430254, -0.9101299199683043, 0.3912359135724226, 0.13607572294938197, 0.4636446905751211, 0.775353850608936, -0.29618450075349534, 0.6954059354547217, 0.5917165118915414, -0.6498443994690164, 0.8954809863610733]","['pred_proba_f', 'area10', 'v32', 'v41', 'area6', 'v54', 'v44', 'v70', 'v43', 'area5']","[np.float64(141.49272990313864), np.float64(53.445428187037905), np.float64(34.172481644394544), np.float64(36.79291130443635), np.float64(12.858726927453038), np.float64(7.903259663018357), np.float64(8.53161891217657), np.float64(17.47520714150136), np.float64(48.1924085868326), np.float64(11.009232882863131)]",4.5803539368487325,4.663550946834822,4.6340693797924715,1.427304398050353,1.4720984053955428,0.8504168204457259,0.8156700446213014,5.701824658990555,5.7150550268389635,5.674519994563455,1.809908624001378,1.8163956431577075,1.0658449284419302,1.0785706858648894,1.3431034578672274,1.3580810675338195,1.4339925928154036,0.04849715724254367,0.021173624082765574,0.012504162486619955,0.001931638801715041,4.38783131985705,4.38783131985705,4.3678421463069395,1.2827101250259432,1.271853822743597,0.7911969587539147,0.7434072598185234,1.4521530470182842,1.426534791399238,1.4378060177015506,0.4927614638809493,0.5080907942403572,0.35161060510432174,0.35392655195713074,1.331177186705523,1.3946547725809275,1.3383556564607302,0.25316009828661357,0.268466087340437,0.1471830664116073,0.14318578331975218,False
f832_c,f1022_b,"['121', '122', '123', '124', '125', '126']","['553', '555', '557', '559', '561', '563', '565', '567']",f832,f1022,False,2,forward_no_out_standard_k10_lda_nc2_sex_on,forward,lda,,standard,10,2,66,6,8,True,0.975538432598114,0.02446155808866024,0.998424768447876,0.001575226429849863,0.5381627678871155,0.4618373215198517,-1.9852231942316727,-1.8387416630931248,1.7818325433393722,-1.5264421664238923,-0.006150449294816205,0.06100784070853003,"[-1.6677566270135737, -3.812880463026109, -2.208458728176348, -1.652316138566853, -0.9861977101615124, -1.5837294984456411]","[-1.7366942319123224, -2.435046323410323, -1.1031636397654692, -2.256347980832314, -0.7316977372636604, -2.7695000653746598]","[1.9830412261406376, 1.5566190947168794, 2.1400622837925116, 1.9869311986122826, 1.8352278433874731, 1.7774368094691009, 1.1707578895079842, 1.8045840010881093]","[-2.0736345384563837, -2.062827152349195, -1.0623901828647606, -0.44807860660281557, -1.3357813485785477, -2.1002488512123305, -1.881385325539617, -1.2471913257874885]","[-0.35512018253947614, -1.289178517757896, -0.965434853350526, -0.9982390738327543, -0.8401490049916089, -0.8950300009295609, -0.7853383537138328, -0.25531200812129184, -0.85440514854136, -1.0702359135338497, -0.8339028753363362, -0.45992308997650133, 0.5983454411458946, 1.395117556176854, 0.6967764053161497, -1.8063326473850387, -1.4834520215752942, -0.37360085140443466, -1.6012725323507961, -2.0190208340510285, -0.6967675021277531, -0.6821914995773746, -1.2578130123509867, -1.5888853190603782, -2.280637028649927, -0.5341586321446772, -1.3504197814161656, -0.7408254263849552, -1.3519960912496534, -0.19463103614842645, -1.8330923566958925, 0.023887183067427004, 0.1355397631287763, -0.27629294480726274, -0.002300693501541317, 0.04367936208445067, 0.2914404039299191, 0.11596224684245152, 0.08307485227856433, 0.14900242808459752, -0.19498410702025745, -0.2808601678920173, 0.12125109529151724, -0.3642555792487391, -0.9945401622941391, 0.12668948900115118, -0.5323743883863663, 0.003487149216549578, -0.4569480836124921, -0.7828079790515563, -0.6880151737238843, -0.799323352178214, -0.3002670727989523, 0.13537290896113377, 0.31579889850949466, 0.4492629977889535, -0.19772121704282827, -0.6967072599916698, 1.0502039894462987, -0.003098946881265575, 0.3263648097132051, 1.0856894917815842, 1.096001164723659, -0.05882023941736888, 0.3059614484764335, 0.778711623757174, 0.7576869968797887, 0.9484687434607788, 1.5615435293261353, 0.06421948891759374, -0.08437000801578262, -0.18349551760613658, 0.3398459011077236, 0.48536787877298887, -0.4898765696232224, 0.6267804996117066, 0.11312735778217575, -0.2510335463276662, 1.0178004341959477, -0.520780571690637, -0.9432315318565209, 0.7184660906579329, 0.3481930199732611, -0.07508591150342768, -1.4575256684569475, -2.015673289417016, -0.7318306805338932, -1.292057048610811, -0.928365318750266, -1.5317467795790205, -0.8286793054784521, 0.9574217868573937, -0.46553479758950916, -0.06326248945006642, -0.11140111230577517, -0.44566643302857245, -0.4287187873014857, 0.08510025933276014, 0.5669946557645744, 0.6997540102860795, 0.40600371470694796, 0.17517720769985637, 0.70079114491053, -0.15120979294210102, -0.14234743291363852, -0.09402318699590492, 0.5779119095190823, -0.1432557794691653, -1.074204613314583, -0.35604711802454203, 0.608842875808145, -0.9248169792110571, 0.24777724656066444, -0.8336144126032116, -0.022614894913161123, -0.35917046240375977, 0.2639160055733787, -2.516699334818807, -1.1824696680009221, -0.5099318839224322, -1.0394657188328786, -0.03494233368841159, -1.2714744711539652, -0.9434569599830451, -0.11936057059240851, -2.4350612745421643, -0.42668437596862946, -0.12596365005275362, -0.7126629447091143, -1.9383048552103777, -0.011797852400633265, -1.0844797226254652, -0.010367205572168131, -0.12673286916522744, -1.1475278655626997, -0.9478649528146148, -1.570485854904426, 0.3267381969363102, -0.3360123567529394, 0.23959814321233663, -0.509632623320903, -1.5194643415197662, -0.5075516584187532, 0.26918762197433005, 0.09918240513396687, -0.7437931756019266, 0.023825780452268044, 0.44174976540286387, 0.07194939977519846, -0.4757658925032535, -0.6478596326038271, -0.23855679143428163, -0.45734022285698944, -0.20958416100653998, -0.47893090926639775, 0.9396471959898861, 1.0670783045331966, -0.38532791859920473, 0.19791932156098296, -0.10136489077450195, -0.4097872923753386, -1.8950665413952243, -1.3702451285674746, -0.04151608720850829, -1.579112440046953, -0.7683487144564555, 0.9159109536946737, 0.6003772984908708, 1.095604453936322, 1.6615801208783474, 0.2807198298520159, 0.37408122205164446, 0.7264188344732123, 1.4519298579198305, 0.20643609100517998, 0.2607758362705098, 0.14031352968703145, -1.2006457002232716, -0.7137559765370202, 1.670174890549783, 0.41017485307055745, 0.168648229255399, 0.5661115411368232, -0.7125624844691012, -0.3711783940424177, -0.2798483058967227, 0.09885411984388102, 2.152809488809862, -1.203518447690007, 0.5436602282828047, -0.5327644194786659, 0.8917512338112465, -0.32911701566560625, 1.4232427049656262, 1.587957723743524, 1.4129231987167772, 0.6448016201031492, 1.345500818923273, 0.5134249528865238, 0.9096753360507817, 0.8919937254167393, 0.9354534662290414, 1.0353508009411871, -0.50670467346327, 0.8464712440580793, 1.551487557369215, 0.9258486946524124, -0.803367781825752, 2.011581053196675, -0.1676654093508969, 0.5737619637604658, 0.11209540583311538, 0.8860088472343488, -0.6373706701666074, -0.25877066579139835, 0.24898864508050184, -0.5026326302086627, 0.3633419875196224, -1.4589955800595027, -1.6055126011270837, -1.9967148799024286, -0.12716420459523103, 0.3698063038321599, 0.008264399977479705, 1.0961791923778392, 0.2664057722488243, 0.21355960209331012, 0.5199694674269136, 2.299738203822743, 2.848171624512348, 0.4676123386089157, 2.811669837538471, 2.1834981052679354, 2.4100425256049847, 1.9185456759566342, 1.4774561839490787, 1.6691546274935363, -0.38542701829578263, 0.015965142143406115, 1.32131629605111, 2.130494584799451, 1.6286945882269879, -0.629981554487191, 1.171275975765095, 0.7061029547578531, 2.1620048011886097, 1.0081827804858592, 0.5558853515451846, 1.1523336565835045, 0.5907338718362216, 0.6680745387297484, -0.03142167711069313, 0.8374485561412248, 0.19780242660391703, 2.4269674953954654, 2.493192383507118, 0.44562073688943377, 2.5053376478245357, 2.7024420545571304, 2.1224483567917294, 1.5065667949976895, 0.11965625581974682, 0.743100736367938, 0.40094801623110965, 2.1485219536543303, 0.37264678295321313, 0.6732739255895346, -0.7412912727587231, 1.327958252706433, 3.10425040568778, 0.5313583850995501, -0.42539312053842904, 0.06495273501821683, -0.09715523767795733, -0.11321036365097144, 0.4121849409202383, -0.6347328135044488, 0.11949977375224295, 0.9030129942749837, 0.1957478701260572, 0.15819811916862003, -0.8430024534606011, -1.3221177071753345, -1.1591451544734797, 0.48363359086263774, 0.8447051699268472, -0.6034083455843879, -0.914796929659757, 0.12112487978655097, 1.0593514539995943, 0.4334902107537586, 0.8730784188450393, 0.16086481134701908, 0.4591289442384916, 0.2503033196262195, -0.7662262731635624, 0.4669720977017108, -0.293445764690182, -0.33713439066686474, 0.7797959599518725, -1.164608979595828, 0.4479113957080175, -0.9831216669150439, -1.6850526767445562, 0.3554420201883293, 0.6091532065483249, 0.060679821970094944, -0.49072181865346653, 1.030851534265208, 0.4896125577122964, 0.5447934941359337, -0.3291285708325562, 0.5288497887873925, 1.573171389217101, -0.13943777655940334, 0.4927812329700818, -0.7381584073066074, 0.7868880739626194, -0.8847758171081089, 0.8729669400040111, 1.5094876831639832, -0.557289570523813, 0.2497006752260071, 1.1491493357523472, 0.7710242381281088, -0.21683978026251108, 1.6372632180988322, 0.20475880112677497, 1.5037056185543969, -0.06025504364188894, 0.7344078893422189, -1.1992655728735389, 1.2052704833512804, -0.3419568689806721, 0.17952433169913715, -0.3084514286143525, 1.8225792230192432, 0.6100184191766739, 0.7788084374416009, 2.2365867451615484, 0.5796591862624999, 0.18948935246873835, -0.5131363786781341, 0.583648147060489, -1.7155644336318563, 0.15941775971854447, -1.0222163816245393, -0.7077573622833042, -1.527541745182523, 0.3845682716980992, -1.771248285317772, -2.1500838501873445, -1.359098650093077, -0.8553634830835213, -1.5994774970368801, 0.23577086687041493, -0.09322477767884252, -1.7711652278674452, -0.7490483044666956, 0.5540956209310641, -1.1974315571895546, -0.975676268478824, -0.9885022247689712, -1.1880068824371728, -1.5602756958300372, -1.6091543327253, -1.7593223568430434, -1.7192739334578562, -1.0575486944271117, -1.4054263908006572, -0.2014400620541127, -0.5759827319582038, -0.4968827671137044, -0.9055203428376982, -0.657292131439809, -0.9064029449858817, 0.16794246678328575, -1.3508141671011231, -0.047930199981397664, -0.36578227299420385, -0.9957998521179224]","[0.26254190139302985, 0.3657285450388774, 0.7541853412582019, -0.5524080084768089, -1.2651737623658892, 0.271318136543932, 0.22620589456995718, -0.7328677737970191, -0.7467368259380309, 0.03215901389537714, -0.10537345885159315, 0.25977005037661727, 0.03813445297823503, 0.7528363320467303, -1.9592614516646307, -0.6328709057655251, -0.8395434062257375, 1.7125987624302008, -1.1387424873031642, -0.528984795589076, -0.3077639889024887, -0.1452128094511414, -1.7673774605003896, -0.8449708809190056, -0.3633864479175653, -0.65654414517308, -2.2461169569265595, -0.5935682125157578, 0.4922179274972074, 0.39616747506005306, -0.8616042526894947, 0.5718671004604925, -0.033006542453715766, 0.5136791551676361, 0.12811053260034505, 0.9997502170958533, 0.35628643649164093, 0.2972217132160288, 0.30820204478885366, 0.7027474852254371, 0.6610723229599503, 0.928787961364544, 0.6418065602140198, -0.22427636778555407, -0.9262873094724735, 1.417437745496709, 0.7108046381926982, 0.507364038070473, 1.0473300218972028, 0.9305797590010751, 0.5587017937319709, 0.12606206812658824, 0.02339983827778745, 0.7527859574155791, 0.316868881607457, 0.2791236297841962, -0.49473190604484435, -0.6954492152488404, -2.2303370836157197, 0.19882845241962513, -0.743201748930914, 0.1371816052144501, -0.6593692430774207, -0.5138862988168555, 0.11299785233521584, -1.2424077655244044, -1.0507781305552761, -0.9844331829745205, -1.6267527207564836, -0.2708929169030724, -0.21313438390437683, -0.10882751663675456, -0.4592175616430784, -1.4175818953462131, 1.2403095323199742, -0.7104144428617193, 0.771250695790368, 0.7570300125607261, -0.022118565557186602, 1.7174145527077476, 1.163576790881867, 0.8424977148303499, -0.06561183288980509, 0.9546211462370722, 0.6179917771510927, 0.6091200675945588, 1.0744738001542815, 1.5578398967923215, 1.5816751637076727, 1.506901843052058, 1.156761457925251, 1.8853795027090272, 1.5208548977938234, -0.44797714900756713, 0.8509030397884024, -1.1167172173090472, 0.389327824682405, 0.4974012469901603, -1.4409181796806334, -0.5658505578372616, -0.925503924813148, -1.4905348927989734, -0.5398460259393825, 0.3233000847592662, 0.7048183573645586, 0.4738366944410146, 0.009045639524272918, -0.5655741277615005, -0.7037329836355501, 0.4554256931906637, 0.4101330855164016, 0.40281524569232235, -0.5491370782865015, -0.0022240146681824424, 0.10648531554159825, -1.399236702106185, -0.8445598251448787, 0.8806621013447209, 0.2351508326398443, -0.33156218054002173, 0.6141808335555036, 1.5468864412976602, 2.028022605916946, -0.2529227020963624, 1.1192611340106728, 0.5346338461807614, 0.25342499497652904, 0.06267309740534216, 0.9969892278461704, 1.3208714186767896, 1.2396817529014579, 0.09453950716306872, 1.4920262782886493, 0.6629376667275629, 1.490323373371308, 1.0745172201201, 0.2560403909519536, 1.10088450256638, 0.14557062563594392, -0.1567746783616591, 0.6118806857199125, 1.4116529966079423, 1.2187395843463824, 1.2052525773180307, -0.357219927027776, 3.0949423152434337, -0.6818871360975992, -0.8877964080415987, -0.6635487077723284, -0.7194782195686024, -1.1863875529499028, -0.8995385617948057, -0.22975584528304138, -1.3184027894897166, -1.4676281144580106, -0.8418595520589766, -1.3577842742511599, 0.3399884581993957, 0.07618264122032088, -0.9895625696907354, 0.8239278294607498, -0.11450257278666463, -1.2161259456899471, 0.23782466754596288, -0.05346789870257908, -3.4423796853746107, -1.6136122539923705, -0.8243526160569328, -0.3108763301277139, -0.4929618457103154, -0.428730590293712, -1.1480057104210355, -0.26366188494449605, -0.9755505963160567, -0.8496832924079508, -1.2444270768070405, -0.7727999187054428, -0.47787096717684624, -0.7981370549563086, 0.5105833840645339, -0.5337802446180386, 0.39412094265053244, -0.7479893255847215, 0.5891532271902551, 0.25100089128584263, 0.4979794101395155, -0.39366832623517073, 0.34830449336512465, -0.154805328613596, 0.9986407342504038, 0.07706988487453864, 0.1216638292634455, -0.2501415957451821, 1.2537237073515592, 0.5927875029521067, 1.2530740720339126, 0.06757291801339035, 1.4277219977558075, 0.3726085200100772, 1.3322177108491084, 1.237622147913638, 1.0385386651474289, 0.825083797122207, 1.7127399241152537, 1.768713385017401, 2.511206907207843, 1.6653811091717614, 1.9910815805658153, 1.2728251078309325, 1.407756177317058, 0.8173159941286021, 0.20350787114941796, 0.2351905302779457, 1.4627478884119982, -0.14097805385432152, 1.161719549531866, 0.22704911111965934, 2.5567143378434323, 1.675025490214796, 2.3122144247372702, 0.3591304282401366, 1.232208970394975, -0.013328529108064788, 0.7325489460757864, 0.6157219059936934, -0.1635995332924503, -0.6858680842393884, -0.28964534738800646, -1.73379993352218, -1.3610090663802061, -2.0379985712134783, -0.5958334335269985, 0.16176831956114293, -0.72156221495771, -1.1691052556961317, -2.1533933688716043, 0.15745505551479122, 0.03825446327351793, 0.3183080998067435, 0.7116679087951824, -0.6467293153093349, 1.0219702089636333, -0.28000765412176454, 1.4930107111120663, 0.7687620796668913, 0.5744651495650838, -0.21124042663366854, 0.008211698934427927, -0.11020627196554059, 0.6211405595334735, -0.635938567012053, -0.2617233675257238, -0.6725218386975995, -0.878058034410782, -1.6207548335892021, -1.5372861095843515, 0.16346642076161685, -1.9186511360848895, 0.18819217098765104, -0.29943286760512344, -0.6067679827047431, -0.8875982696861985, 0.14847175477112354, 0.4025980484890207, -1.3030763463925388, 0.24137586980530917, -1.0918914312301922, -0.6873418921997401, -0.6107416084479216, -1.9762680531299912, 0.08517612583731833, 0.2233444682515782, 0.4972883776620502, -0.07279308429066046, 0.44037553493306286, -0.06092784002787348, 0.4795562065313826, 1.0845768483809781, -0.7161755033916486, 1.6308532308293349, -0.2043289157945575, 1.233417357990361, 0.389821330978538, 0.4443042683593257, 0.6048081927852876, 1.6509253906670611, 0.7465615196736912, 0.2175419474957592, 2.0181622110988147, -0.04861965602415132, 1.6233465397925761, 1.450406795535858, 1.552569122805888, 1.4356643392812534, 1.545564494294182, 0.048622635467718334, 0.37845405502042095, 1.2094383183298452, 2.285715664035261, -0.4699020579923654, -1.130505833394458, 2.0632295456430327, 0.5951840189650739, 1.104512072434659, 0.8776333743398103, 0.08303859651108136, -0.4485301039324857, -0.4238467427330132, 0.5393510871020104, -0.1409060758505022, 1.6484741893146064, 0.4363906395349042, 0.1044219579908483, 0.31632810784932297, -1.5542498235839635, -0.13621442526945163, -0.40920267223858875, -1.2203345475023466, -1.5634836371290268, -0.34235421216227674, -0.6292122778604009, -0.37406621624640574, -1.4323238994197776, 1.7770949117587038, 0.7757711488172244, 0.06424656952726514, 0.19310328404559457, -0.2067936893434469, 0.2780228882441909, -1.4962147060272102, 0.47693010950824055, -1.3358089810698979, 0.7399703917338901, 0.16179046307923695, 0.5997814160287499, -1.3481933462495563, 0.2559415782374555, 0.6846088729273423, 0.7469658983397471, 1.5350005662712403, 0.5503346754301918, 1.2437171414707004, 2.2458473383528315, -0.007423091124006582, -0.6291864632921854, -0.2245820131569863, -1.2564409337766551, -1.2624151054879662, -1.345834707450567, -0.33101959207071124, 0.21722757587673305, -0.5971246995622883, 0.0005493139439284149, 0.420825271792912, -1.3392852223895937, 1.5215685683583258, 1.5970086608213439, -1.7776014469274453, -1.1286791438514518, 0.9559087347043573, -1.7069228843718798, -0.9042551565620293, -1.7081927206930865, -1.7011335783580475, -1.3667063472513432, -1.2021167747241412, -1.1128758012285218, -3.0360868879267775, -1.2856461859091781, -1.7437026261246245, 1.428632804690946, -1.0067385164603315, -0.16558408588264234, 0.08711293583224046, 0.04708997131869203, -0.28975349222580354, -0.0974440407267298, -0.1633837323474138, 0.10634307272001971, 0.08069316846513987, 0.2138916031344467]","['pred_proba_f', 'area8', 'v102', 'v5', 'v44', 'v4', 'v106', 'v37', 'v31', 'v40']","[np.float64(149.34946924351135), np.float64(24.81517193400255), np.float64(11.392770365584461), np.float64(10.555720753976642), np.float64(19.215271675993222), np.float64(12.790940518884272), np.float64(22.320959602161903), np.float64(28.614425815084488), np.float64(16.266325596119973), np.float64(42.45197675879694)]",3.7799788234309974,3.891647710712956,3.6531297190605954,1.6206130743751497,1.663812527262358,0.8489436103094995,0.8401075456047485,4.0793552342402775,4.574979409539515,4.293740008935886,2.0484903588247585,2.190768671973994,1.0427883328090566,1.0047164936354218,1.1150766065010727,1.1268101343198793,1.1290099635859425,0.05056385029206609,0.030030367841009875,0.06794201007925103,0.03891006516890988,3.767055737571045,3.767055737571045,3.534877597493663,1.4849544481904888,1.5246502435686535,0.7876960839784564,0.7817901109092279,1.0928031015512323,1.2589251821836471,1.2485874455761738,0.5349074269379638,0.5588011049285541,0.3644833027163189,0.3131764762049118,1.143132995159561,1.2019739473857303,1.173214320021813,0.2740114590761194,0.2945881348598849,0.16240756616814905,0.14473262618159094,False
f832_c,m1084,"['121', '122', '123', '124', '125', '126']","['595', '596', '597', '598', '599', '600', '601', '602', '603', '604']",f832,m1084,False,2,forward_no_out_standard_k10_lda_nc2_sex_on,forward,lda,,standard,10,2,67,6,10,True,0.975538432598114,0.02446155808866024,0.08153398334980011,0.9184660911560059,0.5381627678871155,0.4618373215198517,-1.692339605715504,-1.4928017193803476,2.5286767576055005,-0.5763215160029568,-0.03971845129071405,0.03863523747063423,"[-0.5634408967074521, -2.5217951416647204, -2.6807253516086664, -2.6125624367866576, -0.4017546146305101, -1.3737591928950172]","[-1.7394482541229939, -1.3483784432266395, -1.8768870928734889, -0.8426009190379061, -0.7764326061142692, -2.3730630009067872]","[3.635320392757415, 2.08178746686247, 3.074949906161447, 2.4982096542204135, 0.8401579928622918, 2.7736677220029744, 2.468994738948605, 1.8593057363995849, 2.418716702714897, 3.635657263124909]","[-1.1231212866682663, -0.47800127200681836, 0.36371057783641464, -0.6906668204884662, -0.547086709955521, -0.19178456220406032, 0.43001685834031983, -0.5591421562120238, -1.8434265122591542, -1.1237132764119921]","[0.6318370881995395, -0.36253535629353034, -0.1203135465879438, -0.554000576065323, -0.4166950331333531, 0.3196982226469317, 0.35039417642370396, -0.2038638394480126, -1.248463793385799, 0.5601396009813397, 0.2803957994857494, 0.6413848663513445, -0.26773875603406194, -0.1250892535660793, -0.6170735545056615, -1.096680131539647, -0.35894645417930554, 0.7866453284342276, -0.5128648693800841, -0.812979810376028, 0.4824923967022032, 0.1678639749040148, -0.3267658231540011, -0.4132140029292292, -0.9279820983887197, -0.5250589978670038, -0.9548581393485557, 0.24893162011493936, -0.06653469701272956, 0.16555179755612087, -1.1828977927327318, -0.505223447493649, 0.24225991903960217, 1.0231547122236428, -0.9024226629223411, 0.5193616174152155, -0.6892965335684749, -0.2811804792286867, -0.7309864451561648, -0.3048178050264562, -0.15001842243991162, 0.6623220414460902, 0.07926689141102553, -0.5423493337958083, -1.1598134665048583, -0.02549048883976999, -0.05378277007818718, 0.26840844940411746, -0.06739367507962264, 0.47327740968384024, -0.3263165056934495, -0.5067675788099603, -0.020472309823693382, -0.015673868805981747, 0.2072790903585033, 0.51851027582942, -0.47891974303837925, -0.29970375269084654, -0.9486130110829029, 0.5597135612905692, -0.9546819428929397, -1.3377693440762959, -0.23858748980863206, -0.707415952423668, -0.5640452359006634, -1.783475387288277, -2.1127382657734457, -0.5345448967202451, -0.49727023377066515, -0.5298592565549365, 0.3216261947056196, -0.2791678290120752, -0.6062908448750749, -1.7020525419945778, 2.245995645473935, 0.38021403816108584, 0.4795586861270937, 1.3824111146445535, 0.3565370371539605, 1.5219295625464457, 0.3116930207616405, -0.008218234241399195, 0.26720325330101075, 0.1318083536958661, 0.42958889924770904, -0.39404166541781327, 1.9455763122732872, 1.0115066043201177, 0.9397167180684484, 1.3419602795511698, 2.343639408816038, 1.6634159069945453, 2.1912126555232865, 0.18553139979269143, 1.957894532646391, -0.11214608099150851, 0.763972540553767, 0.08766948521930543, -0.33411206054988934, 0.19242568757213155, -0.9456168232470745, -1.2613616984592937, -0.7928498472501566, 0.10472824936635532, 0.1652911858197476, -0.10608376181577049, 0.0015475494724208536, -0.5206208508076899, -0.23672932339017816, 0.7514234364040451, 0.3413540282473686, -0.8187184695786996, 0.6395145944340457, -0.38637487624848543, 0.013096088845552184, -1.12803385194747, -1.5414626964993807, -0.8444311198334917, 0.45114063740499255, 1.6733828933729156, 0.0468257864409764, 0.34002235098778466, 0.24804546221128376, -0.04866365077301862, 0.055967591067760204, 0.5009040684265578, 0.3078476445391984, -0.2877071566223092, 0.1798403633589556, 0.21113451231018027, 0.11997174955581512, 0.1728447831129318, 1.4018276996618255, 0.7297791296008578, 0.3275135891578097, 0.743683897355204, 0.20473656653795258, 1.753945832823243, -0.22535388475284454, 0.41922992053524655, -0.02068776816710897, -0.3048120344062209, 0.9229994508737446, 0.4161742909637107, -0.4973852877287151, 2.5185688020049635, -0.2816092994765415, -1.5682933085216166, -1.1434594865886314, -0.6879097201824351, -0.7605527222416041, -0.26208759586397223, -0.7910480867356348, -0.9464293577596099, -1.5928593981162218, -0.9223437202831829, -0.005608450149099311, 0.10186006842024017, 0.35221671100537366, -0.6141937192125587, -0.8572376145975616, -1.4480924578120158, -1.0741483187422811, -0.20051701073114514, -2.0207249559217244, -2.7412000919386132, -1.102902673111214, -1.5240689949934538, -0.24733976399239235, -1.028227707753083, -1.4660242109434793, -1.2022768544619138, -1.4949749328392647, -0.8592704387035539, -1.0373860470009946, -0.5095100124372277, -1.0927536695078062, -1.3139989334280457, -0.6265761897807025, 0.6537792694191391, -1.1865841647062358, 0.37571461386514843, -0.8671673685525908, 0.5177067108919424, -0.42544840561313696, 0.14110309854801711, -0.6642074983306664, -0.4907146414041402, -1.4461236939989128, 1.0948042396167474, 0.272056563157279, 1.477885636219362, 0.04473560665310185, 1.3586159116887924, 1.551765039579275, 2.20018876786195, 0.4666149474146036, 1.5336860424444485, 0.6341078644968261, 0.9445644661259414, 1.003963770998443, 1.8384082728520905, 1.3956423694444124, 1.4188021137625269, 1.9218987934460992, 2.1533518363008426, 2.176271306268918, 1.5328968769309197, 1.7654938339715358, -0.09315016571546689, 1.1644630401005127, 0.7998177685919844, -0.9226347180886063, 1.0042103777993305, 0.2999947790642205, 1.0557943592133294, 0.42898441084799205, 2.418506957915021, 1.6810983869136553, 0.9358471134097226, 0.9327446631900143, 0.45151754161654495, -0.5060978872881549, -0.49465316340483123, 1.170514338165632, -0.031370777935978554, -0.6522183233628273, 0.12661055937514357, -0.9512165144131352, -0.6767016572166572, -1.8525598227520732, 1.2613845682468914, 0.6057094492733683, 0.05223700816912942, 0.12998387285955953, -1.121019689413209, 0.018082930531641245, -0.416443607643367, -0.12304834480976688, 0.05336080657219916, -0.16921715738667098, 1.016777396433837, -0.4893484816758475, 1.5711488971823702, 0.9352144722371659, 0.5500899518467836, -0.11240450604638844, -0.3043733304311515, -0.07146960490245237, 1.0666717173565587, 0.18657868155320464, 1.1147107845639712, 0.11527025440077733, -0.21633985446369647, -0.2532882889208487, -0.596622940340003, -0.4597104141352248, 0.29678486420647404, 0.42586171714249454, -0.009530933477799191, -0.5874937848313094, -0.25115012084501404, 1.0449473612393392, 0.09900863366835244, -0.1940178765976796, 0.36538047464423856, -1.8786892018547163, -1.5761290161294002, -0.04900852985770422, -0.47131499101996743, -0.1479493055466307, -0.6315375668465082, -1.3113628521657545, -0.1328735215346914, -0.6348075210310911, 0.33949261706391093, 1.514619618710585, -0.20281864898820084, -1.10774905637063, 2.6908177559093067, 0.34629183309255573, 0.012107769789525435, -0.3649275204773104, -0.3479551449808796, 0.08500643502037078, 1.4683713821550262, -0.33484571631650034, 0.349194821390844, 1.6705468439427396, -1.1252951827237778, 1.4478921448328144, 3.219955928824366, 1.2557490945519907, 0.04285981916428185, 0.8692149853520699, 0.9008269051829594, 0.6551142355036345, 2.005478819434066, 1.7853216636514306, -0.05095852175765386, -1.1280575065804685, 1.415004587020636, 0.05647736638857148, 0.6895399318964806, -0.18331043344553166, 0.7401330093183522, -0.6754640790146313, -1.3699748158224418, 0.03893416846988283, -0.8298187446379715, 1.137919411145349, -0.25277449532440244, -2.2757088013761435, 0.45271749318240473, -1.794539651750905, -0.4540964037371463, -0.5342228841412968, -2.531512569891608, -0.7945955474969179, -1.005943499357039, -1.1981483174626664, -0.5340531713287648, -1.6746152707802735, 1.1594537106539182, 0.11398549611006291, 0.23568288167355528, 0.03548197304660557, -0.9030623510957851, 1.1307403199416548, -1.4540369949697587, 1.1169721732235343, -2.6346057964414458, 0.9124134197346238, 0.07982206738459685, 1.6207376151243469, -0.09124269635712008, 0.1164797479549074, -0.02392762985903072, 0.09631730925158614, 1.362601949234918, -0.6217427624326309, 0.7364503946115853, 1.3703755607943304, -1.8314552962017265, -2.217467794105364, -1.2430775056085799, -1.5638627762483008, -1.0395520786541974, -1.2419049806631022, -0.5012876650980588, 0.5814543370222554, -1.686072439971502, -1.4893858871042334, -1.2211702205343227, -0.012421565078032108, 1.2143271621216771, 0.721580214601127, -1.8785655082330552, -0.8616347198609852, 0.5184725909488477, -1.4669759191220368, -0.457704712545426, -1.4365948705777418, -1.554551707599709, -1.7835057680476247, -0.9357886958075483, -0.5279919426074157, -3.292202636934741, -1.2252265942092144, -0.6430277451859535, -0.18554042552146816, -1.121809600832812, -0.06406107417143, 0.2078554051008979, 0.44800114804276847, 0.06653805079199396, 0.16899618344628592, -0.48996138936966316, 0.0039616201046599785, 0.5782207661632524, 0.5015390316566931]","[-0.7966314568151681, -1.5073358887518185, -1.3524687448811266, -0.9927741442329289, -1.0519577369817263, -0.024297227507514896, -0.5745752239793074, -0.6155977995248497, -1.478128424140875, -1.5841804415664809, -0.9802435896756846, -0.25088720270151355, 0.5004890960082901, 1.05944609433044, -1.8902036070877213, -1.4547006530793765, -0.5045668260276394, -0.9437549305654748, -1.7198787367378516, -1.4447497797400886, -0.7214924994881448, -0.920748789531988, -2.080587009844806, -1.4310202454870238, -1.1980870860714827, -1.7442253930876463, -1.2835299414003765, -0.5464474655367156, 0.44725433425567446, -0.8939627497067069, -1.6413755361577622, -0.4569186847270434, -1.2620529022317948, -1.5053496359557617, -1.0142586149736637, -0.6165704468177108, -0.14652088683680753, -0.6781759782393095, 0.12011945486833724, -1.0563031808003007, -0.8336710410889153, -0.2748990586247653, -0.7323668379917179, -1.2477454733239006, -1.1949885752306655, -0.5409853370966952, -0.8007273065877593, -0.7383133953888549, -0.506306612652829, -1.1336193782276742, -2.4064599794300756, -1.020636297887178, -1.8398010505801077, -0.4453338008155335, -0.29331321297411056, -0.9392130704785906, -1.2265329925301094, -1.3513989522966694, 1.1546944061671447, -0.8832670948090282, 0.03694234603798244, 2.302879795733536, 1.3487716719613432, 0.581602532159971, 0.6365126841353179, 2.0121019652708467, 1.6974806922470504, 0.8509397170612375, 1.0400388848200517, 0.14394369022206285, -0.6680937816391201, -0.7737873848150689, 1.2375069470765183, 1.7699951242689973, 0.012589864654001198, 1.7307785204365413, 0.4144412860128136, 0.5896385717372417, 0.20294640807554976, 0.45564624345570093, -0.38296675540193154, -0.22710324821813369, -0.9304170076821222, 0.9618814152074833, -0.6577886778115124, -2.3958407278813794, -1.0736650114537856, 0.23646258743890727, -0.37347410299399236, -0.5921838743950641, -0.3712423610173003, 1.3858800165247698, 1.2394418263118812, -1.9447553916764435, 1.276118154707611, -1.131406673364182, -1.7915485393064206, -1.228102171127113, 1.0952517497298402, 0.6222091373732348, 0.9678706421722143, 0.6771412534796455, 1.6150874985783075, -0.7403305509161879, 0.07362000840270812, -1.601531917765343, 0.6289668684448992, 0.24436696944585648, -1.4498692673841898, -0.6692632818004299, -0.18226647216224334, -1.259083675097422, -0.911206413015307, -0.5687282788117355, 0.2198295632623243, -1.2919365367767826, -2.7012028828722747, -0.4601241420784641, -0.5915981821876399, -1.334624527287304, -1.2987959432674756, 0.8293996990051884, -0.2208765255644128, -0.2467289256124002, 0.48591854535426887, -1.483727638470592, 0.0005794197337261444, -0.46448695070548696, -0.34648306772937904, -0.9440462518958261, -0.31004463775062796, -2.035915761600248, -0.7528572155753913, 0.5754645611048989, -0.029033356103816084, 0.31939932043751934, -0.6666342055782606, 1.737723172636405, -0.6434786793747536, 0.06591938332596091, 0.2605163857494313, 0.2003802065910103, 0.8190619450909653, 0.6205274199252399, -1.1560679241669503, -0.5981418460907191, -1.4997253185313963, 0.7179128486399488, 1.219909723933916, -0.7292761391447355, -0.5084185854320515, -0.2431433212983444, -0.6207603585897662, -0.3620320763881239, 0.8800858584837632, 0.7855701231126354, 0.7934279130492814, -0.7245821665551507, 0.23127658009654506, 0.3642388730080288, 1.016610075225783, -0.7341853812424937, -0.4554584036864956, 0.15861518434709465, -0.6711196333038747, 0.7392695314854332, 1.4289162378704694, 0.6586499508805647, 1.0837437248281472, 1.572303981318865, 1.4969947372107697, 1.3330882362936818, 2.0337717558261748, 0.6573414917968897, 1.391507850575105, 0.4620504101017829, -0.29791027633692235, 0.3276556737557654, -0.23295886813712552, 2.041126983884159, -0.2547025361116243, 0.8052301828444415, 0.6695782433860304, 0.2385720895449874, 0.11626195940114604, 0.45352427968644166, -0.06566628096242086, 3.218563359213446, 0.6111192729066065, 0.9034618221854015, -0.5764698666857824, 0.9920164017686098, -0.13943657577249532, 0.33749276678654616, 0.707970713137502, 0.7049393365474382, 1.2235138490480846, 1.6804326427922582, 0.8679816851960133, 1.3305529277434884, -0.7825446026381596, 0.33015252821638846, 0.17306271129721632, -0.9778103058766229, -0.42807559711446447, 1.3022218805222905, 0.747188801500563, -0.44956084141948266, 1.536286009612316, -0.6632197813714611, -0.8106094478018313, 0.2851383185321881, 0.7869018975678046, -0.426817559546797, -0.06005870671448917, -0.7665956507498454, 0.5804564111554354, 0.7353298601867997, -0.3808480124464128, -0.5641956850781461, -1.5942426681533055, -1.5185675345685383, 0.36706731395980713, 0.336066984671386, -0.10757833187860992, 1.4984027519395953, 0.8162103204600746, 0.9025019861051008, 2.420887491931272, 2.2490060492814257, 0.19837663779840398, 1.6489396868350326, 1.840059597340829, 2.213097071771425, 0.9477223521388662, 1.7036334050538544, 0.6834904630135994, 1.4325971583123611, 0.5280304451281629, 1.4812755389688113, 1.000476154637106, 1.6656744609036511, 0.09044476451273822, 1.0239076076881803, 1.8507742257891746, 2.466083346185328, -0.6046449836873641, 0.9909925154798216, 0.5226450315765964, 0.6731965725052913, 1.191759485438766, -0.47010657414433454, -0.34846208953604196, 1.0101716149564282, 0.0020281210313018603, -0.5965973667651124, 0.3078267450815709, 2.044006313811692, 1.3081975596545028, 1.114301245891397, 0.3766879464405483, 0.5519181421357757, 0.26024964224555225, 0.3498472705338882, 1.7158300296891373, -0.22638337268156608, 1.476359504027607, 0.9639654964475559, -0.1872484218443003, 1.2941399907141207, 0.48208481672069076, 0.6214446294981405, 0.7548534609135333, 1.1420527091460848, -0.8413018133837978, -0.31356698629865387, -0.5995259400341807, 0.8738097467803176, 1.3973188217692913, -0.175590970044379, 0.6949362972918068, 0.8400259515898604, -0.6271431206849466, -0.6347801959923163, -0.8651999852486122, 0.32621146110083565, -0.6636339270967242, -0.41865541694011477, 0.11747392560344, 1.4109701647384203, 0.9926505259983736, -0.0715028905084422, 0.28167628998947586, 0.6204841631797636, 0.25187441517561376, -1.1334165875173878, 0.38199652803608775, -0.7835017177996793, -0.7868039031264742, 1.666549278087487, 0.07343088101549183, 0.15296951312006185, -0.46799516285051296, -0.1835846900815031, 0.4385497968852217, 0.5766428296612209, -0.4842833794304437, 1.0316445843664293, 0.5263546845044188, 1.3418347284286953, 0.4515521924366735, -0.2884672825969311, 1.0039161718609053, 0.8409655607620521, 1.2588193527702156, 0.4546793732887266, -1.2359018667634913, 0.07652305025644703, -0.30492475983775225, 0.3324934843821708, 1.2909622445094786, 0.19405492173893452, 0.5313976939758097, 0.9217366845099343, 1.2764237520969635, 0.6642166215303112, 0.2689897997113166, 0.5068757562287883, 0.9653115702683598, -0.23735048345594337, 0.6341725625203345, 0.6704245248798276, -0.18028267489433314, 0.9929348162448903, 0.7572911485857104, 0.5697088542296848, 2.04994500280699, 0.1707827915241461, 1.6909206842282494, 1.4057635536060127, 0.7722241548334197, 0.28787329747059237, -0.22426646437761255, 0.3419592399512005, 1.0575373818126808, -0.6623874710736538, -0.6376666765290987, -1.216755582013194, -0.6734623802591613, 0.1903835369779572, 0.16591307046093776, 0.7302907321911023, 0.6825630275873992, -0.1313973276797337, -1.1171703344016528, -0.5544600305275633, 0.47682175100765206, -0.9538253829552289, -0.8274041563935156, -0.052959327283797375, -0.9267310514720905, -0.6518345025659467, -0.6892150377646021, -0.84026432936667, -1.4798635301712941, -1.6616771646398332, -1.3431135309199098, -1.8466705075697412, -0.058284301437617904, -0.21046331364015033, -0.22161213695645368, -0.314199177504567, -0.9522021051867431, -0.8391254181306351, -0.933372006668299, -0.9504565319117881, 0.2300536746241876, -1.1809026896336308, -1.068857713528961, -0.3618874161547036, -1.7154272119493605]","['v25', 'v10', 'v54', 'v31', 'v52', 'v6', 'v18', 'v62', 'v2', 'pred_proba_m']","[np.float64(53.10414979900421), np.float64(8.929201896186045), np.float64(12.193163722439815), np.float64(8.147216530420886), np.float64(5.311619969719303), np.float64(3.3871295076473045), np.float64(11.248622641990673), np.float64(7.724433111806831), np.float64(21.69604167143084), np.float64(10.041406584963346)]",4.319365127261915,4.4153356150577014,4.582991087240428,1.6117577128616467,1.8692301938879745,1.400803942023465,1.4008308022103253,5.1374965666983945,5.268244830111428,5.306657289106983,2.0111556373509196,2.2547232936517094,1.774025982792353,1.801631771891067,1.5841856499889158,1.4598714496779719,1.5211976814452317,0.13877566818959985,0.11415118073843455,0.06715150351390449,0.04689789320431326,4.221016363321004,4.221016363321005,4.290099518948333,1.4772386801412272,1.530462081868881,1.2795546926644097,1.2166036900425183,1.4429316667586565,1.4954353130200955,1.4467904484042642,0.678422403139424,0.6906486394740353,0.79099212295559,0.842735984251437,1.7682211704561568,2.1278808519044388,1.6071288861690618,0.3403681926060543,0.32865283424644,0.2991791019288723,0.27597787271682717,False
m849,f440,"['297', '298', '299', '300', '301', '302', '303', '304']","['451', '452', '453', '454', '455', '456', '457']",m849,f440,False,2,forward_no_out_standard_k10_lda_nc2_sex_on,forward,lda,,standard,10,2,68,7,8,True,0.001088462769985199,0.9989114999771118,0.9783520102500916,0.021647978574037552,0.5381627678871155,0.4618373215198517,-1.5578112873220844,-1.0600752169365955,1.961964467122349,-0.9582595838066846,-0.0033366429692381,0.03986461633107479,"[-1.0731883568109861, -1.9665335113611058, -2.194559645626121, -1.7387403810701954, -0.8097718056455797, -2.072645296738462, -1.328165892412768, -1.2788854089114585]","[-0.9538016886353894, -1.2676336725087551, -0.9626028708926245, -1.2480491076971072, -1.3611373407463683, -1.3596761064969745, -0.6914407466264938, -0.636260201889051]","[1.2594541311855938, 2.776187556284521, 1.4459891002342735, 2.3173806341100955, 2.016765205999091, 1.6459411606721281, 2.272033481370739]","[-2.2244629625637096, -0.6438535540155297, 0.6778955776258262, -1.5318517508488507, -1.1571586760344572, -0.8181937260019895, -1.010191994808082]","[-1.2539138056956964, 0.590854775092317, -0.4434385921713364, -0.9009097316336564, -0.3733775670763904, -0.9290559852973417, 0.3017737679679655, 0.529781859043254, -0.3586191633848812, 0.22327892333660834, 0.19335485661371, -0.16337230449038112, -1.1471934293753878, -0.08236464305619554, -0.29279671143674657, 0.9441239176478967, 0.12681454394104957, 0.09985240429767318, -0.2545671929329866, 0.22698854322020576, -0.23621647635610843, 0.21608551199888815, 0.40052894049101245, -0.14145354367603097, -1.176840164909123, 0.39839108784873284, 0.006312036558246118, -0.44494735114215056, -1.1205200443510048, -1.0523914511750576, 0.07992784612849899, 0.7173765831933704, 0.593477958964668, 1.7925614475979565, 1.2132621059183757, 0.9278308801263251, 0.9509670001140849, 1.039882044751619, 0.7884835015658197, 1.5725607558548653, 1.4334766655665814, 1.1035678149358024, 0.6409417364543941, 0.7072464103464576, 1.2853260381745288, 0.39041175819945073, 0.3230296113398706, 1.11870403507035, 0.11494763662138408, -0.6923967558714379, 1.2173170440717358, 0.2997593694213332, 0.2617453285835492, 0.7911186255813869, 1.1293794233671508, 0.5321738211591114, 2.4184402735681534, -0.4160813001398493, 1.0098126986643543, 0.3733346233232068, 0.1877632900836266, 0.753346941713225, 0.38229563764131463, 0.0769745474370086, 0.11092477862562207, 0.12158851221894186, 1.2033861015763279, -0.12648435616447706, 1.9211097580512437, 0.8104091564621441, 0.8054434537146086, 0.9989850497011085, 1.3858381304893523, -0.726825140960528, -0.23037372804352524, -0.2930182089825647, -1.344990403997265, -0.5877328708788141, -1.0763468330728876, -1.3640554203636792, -0.08265911804092191, -0.9789645948728736, 0.9732976284503273, -0.8571038470145773, -0.6261940034277395, -0.2540863363297432, 0.30296394569265367, -0.2774129070226177, 0.25419969535495485, -0.7020585820050228, -1.6567853045153234, 0.2405281711970865, -0.30579937163807197, -0.09181270694274099, 0.2437206309447113, 1.7857228214712944, 0.5253880562074984, 0.45125040057667337, 1.3822904094631876, -0.3925615287793828, 0.28654256105767767, 0.7066132998106124, 0.37108300993545307, 0.2940778235823645, 0.07570459563569469, 1.3829723936584257, 0.0637104694819733, 1.1936125391097283, -0.24448622456446034, -0.6949240161727978, -0.17203413944018608, -0.08886001179973323, 1.0319337915680076, -0.6442900529604708, 0.34105845910524024, 1.7688736689782052, 0.9139217414984405, -3.4901552115428625, -1.604246499158502, -1.5085541102387767, -1.9027483236204332, -0.9635738399321061, -3.093852028397851, -1.7511660508628488, -0.04912873181699113, 0.8830501502442728, -1.5721988062445302, 0.33942504772960874, -1.1398746869983434, -0.5060211713657511, -1.357781371927989, -0.630059280472942, -0.10429595539487699, -0.8714195054201991, -2.1021626681612338, -1.7568423331508316, -1.7793982063196168, 0.4724318551613236, 0.4170213867812533, -0.6053506287189302, -1.5916819075665378, -0.701687801272518, -1.0372739948666774, -0.09977260573995289, 0.3296500423786351, -0.9904532984017411, 0.885633617847977, -0.006601757517141372, -0.36038266496443877, 0.035178391003124115, -0.3965077094523999, 0.09173835694954359, 0.18665320220245968, -0.6530938368484528, 0.1877775185104316, 0.008019611226445744, 0.31521431121306176, -0.3528516276512767, -0.6323133593748081, 0.14204357117121397, -0.45212818433419477, 0.5719401240676723, 0.5525003802980604, 0.373310529175311, -0.19425617807172282, 0.5372868243485494, -0.09676640911264556, 0.20232500484570803, -0.3185637581386393, -0.4681575449322844, 0.1438576981557442, 1.5183524091317715, -0.060545546151885565, 0.14596531636532023, 0.557564837596871, 0.6566921067912582, 1.200798216262465, -0.04539142699647356, 0.020789375845688643, 0.770871679193421, 1.9150335302815165, 1.4309009141117743, -0.06248867269322226, -0.2554465094240772, -0.03363097162776795, 1.1654901636170172, 0.26945081282053635, 0.8443056794232523, 0.34414980509337745, 2.0304231260289347, -0.09365612496462287, 0.6109925819402342, 1.0918593348252794, -0.22216171838914453, -0.9901310594931885, -0.41537526979409656, -0.2327614896101725, -1.0005668226125437, -1.6337725603324165, -0.7812872748014377, -0.858883404615796, -1.0475909385466005, -1.8824289777124505, -0.5622515568916194, -1.196093110990562, -0.589227253868081, -0.19648905325378044, -1.1258374540850657, -1.0946032139915212, -1.2223297191224525, -2.1197683576278914, -2.0664335288266105, -1.4369953188673306, -1.6251239448083066, -2.1431853641723824, 0.29609966050680736, -0.1791772184130259, -0.9791597621283099, -0.6897081436486833, -1.3401207345739379, -0.630340225256534, -1.0916061602802527, -0.282448757980096, 0.449525901867215, -0.21693149479699597, -0.5612892788359393, -0.88615356986319, -0.5127710814582656, 1.792680521351899, 1.3878137845191294, 2.397388866696365, 2.260987712260771, 1.4559842622089312, 0.2398496109670817, 1.9850977899284765, 2.392361569834107, -0.07297594798467127, -1.6004398244000668, 0.3848323218447672, 0.503762024475897, 1.0203256992462333, -0.07374205991782534, 0.13019930999801488, 0.5661751801269235, 0.4832136589227227, 1.6247070070706942, 3.498691578803556, 1.6120279252417034, 1.2449006409160128, 1.8493619327442965, 2.707119251984757, 1.535119187233972, 1.6062584864202258, 1.63251356451951, 1.6573120710478166, 2.8003520299060916, -0.7465274311860163, 1.2673299715981328, 2.1576537820033583, 1.294729150365995, 2.0762984857920146, 1.349082131244881, 0.778934734675388, 1.0263812291271501, 0.8786173927554574, 1.303524541526994, 0.18156294910745158, -0.4683902148698285, 1.8888583155620444, 2.1328664391602117, 1.0054848231378348, 0.09671580411145186, 0.13551488220330238, -0.06168356949828835, -0.5453286110547957, 0.366060889750144, 0.4879829311120689, -1.2319068043810286, -0.14164523080202357, 0.23843452507176133, -0.6412340925895891, -1.9236505506497712, -0.35354911205540945, -0.7181989701995038, 0.019309360982986, -0.14632430934930285, -0.49137424255657247, -0.7903555282072025, -0.9705547770210083, -0.06511433529262345, -0.4359786002257139, 1.9604726364855454, -0.5291495911049517, 0.5927715596871512, 0.016459620992159807, -1.1840430436700595, 1.221163452351108, 0.04632758857442217, -1.6924295374300193, -0.4866496052830262, -0.5656475204410082, -0.43117641820627434, -2.760437026711944, -0.15899226607460562, -0.809124722622228, -1.9583001782633427, -0.5814698820156962, -0.43299439822940833, -1.0934661906348504, -0.9362798959671557, -0.06503551963368986, 0.3849951895289592, 0.10303314730541133, 0.7640377861368725, -0.7133653033132898, -0.13608103099378252, -1.0893575444728072, 0.604861098505801, 0.11066369484790557, -0.25219863390970504, 0.678779387340088, -1.575346192361228, -0.18847634162465762, -0.3806368776403239, -2.2997491062766615, -0.8577161860566224, -0.9051739247865698, -0.3457853472376033, -0.9012928503025128, -0.5907800850496647, -0.8848327139582254, -1.9160431562318105, -0.531397750230137, -1.4393180912020984, -1.3869408842204203, 0.22193729440882912, -1.26381047269604, -0.8046958567159392, -0.5520404582081708, -1.3240453800778642, 0.19070412134833684, -0.09566004373859006, -1.7309515858773687, 0.0757631967423024, -0.4588359621806634, 0.15053597008079087, 0.24059428257662935, 0.49798659942705475, 0.3447650434036034, 0.42358974874239674, -0.611173283134141, 0.6164056899601349, -0.7217361492445038, 0.4025829525963525, -1.4262031897189587, 0.34515225785027154, -0.5389771599066319, -0.05764343026322514, -0.3858895032530194, -0.3595330421704272, 0.15452154555092548, 0.35778744742746454, 0.1719863423693254, 1.0265061841756173, -0.6399915375260932, 0.17747810745449194, 0.44961764139759197, 0.13793938252370933, 0.35776211914448663, 0.4817384350942033, 0.08922216943465498, -0.7147240214734752, 0.4100686817018803, 0.24702754257937523, 0.520055199824332, -0.5405274247530482, 0.3309793209024149, -1.13341530502665, -0.7193720033057078, 1.0603655663156264, -0.6756471765282537]","[0.9714654434428883, 1.4202269852293687, 0.9866817938383277, 1.227248225989004, 1.0444748854782644, 0.7675734907519265, 1.0139835717065704, 1.3601809974906143, 1.4324022070744395, 1.033887154309701, 1.8025869064372535, 0.5055152064795112, 0.5395782518112262, -0.14341730065228447, 1.2309184655544005, 2.0420882465287353, 1.2424117967716797, -0.325806658426548, 1.3557077878312012, 1.591837424409825, 0.1291116429633295, 0.29681842889261284, 1.4852380323249437, 0.8944671244731663, 1.6255009627617616, 0.9589935062178225, 0.9714113097718976, 0.11394484282947044, 0.5607005441987477, 0.3733782891114374, 2.311412840653066, 0.9636390415194704, -0.5802428542732704, 0.39581891770681943, 0.34172949554608223, -0.23339185038723845, -0.461763058450193, 0.3907608860858691, -0.03191448555920486, 2.2108115919657845, 2.371705193379887, 0.3883810264810286, 0.13380913361934796, 0.7457587337238897, 0.8889348653949383, -0.2960359834686291, 0.36878765586564954, 0.1228190077028268, 0.647613982862694, 0.35667978920642934, 2.5312704131407777, 0.10702766597176754, 1.0461817161070952, 0.9535948249053832, -0.6634378306222695, 0.29040193996236624, 0.8716986767304047, 0.624982202577885, 1.0252738072288448, -0.47991475820222684, 0.02007324784451895, -0.5629454530043857, -0.938632030368784, -0.3294293507206783, 0.0485476930359925, -0.28698158391587913, -0.3539075943602775, 0.5041689389852876, 0.26642720802751974, 0.5772292473263452, 0.84592406656104, 1.275098182171022, 0.12471165640928526, -0.3438157178364661, 0.0942091089020096, 0.12226668021889406, 0.1117228571314486, 0.1904982531700202, 1.2662034729461757, 0.6218581903790875, -1.0446675314239173, -0.6630291906143708, 0.741280603990163, -0.7444867353694917, 0.34822908020118903, 1.9215298012279713, 0.7736265428354949, -0.22668235583304097, 0.09315995640870911, 0.9450298627262489, 0.6029232246493091, -0.24480263623677007, 0.1506795112655276, 1.3819760955271987, 0.023321231556322184, 1.6966147530944649, 1.935866721822307, 0.5460620713356229, 1.3464924656539878, 0.5706454173574972, 0.6310766168226795, 0.25219469306333864, -0.41191277773376556, 0.6777672915574077, -0.37825771941451136, 1.5039776896829964, -0.5612764458597428, -0.26491155684420226, 1.5948862941164548, 0.17824423941793663, -0.409120146837695, 0.6408078554600206, 1.1100788455351283, -0.1471005713005716, -0.16875793671904607, 1.201694747851221, 1.8940128082211654, -0.7521728117720987, -0.5842498453061639, 0.25581032838366896, 1.1235010073101552, -1.9857989866729666, -1.666060989411552, 0.8084443135080732, 0.20332927009536375, 0.07536793187134155, -0.6571673899805169, 1.3727605910479503, -1.182545833440178, -0.02956126492636313, -1.381317699644242, -0.4136361663229127, 0.5945137853204159, -1.0399100410708515, -1.0654455049053553, -1.1543663555705252, -0.45638906965827897, -0.670494659684314, 0.8461315845896958, -2.3144066285077027, -1.6944331200335725, -0.43590730485048557, -1.3840350875135814, -1.0477666076560197, 1.7183787455625668, -0.7972672664690402, 0.7774083745833089, -0.9862111447538354, 0.2681803448711629, 1.2087588598850094, 1.624300916734903, 1.2191148504561378, 0.3145899279029324, 0.3479431008411386, 0.1654249583305825, 0.06432928305922275, -0.02431254910801726, 0.919573063464194, -2.2630635200310496, -0.735544275386612, -1.5119107088874535, -0.5942290634031822, -0.6910289019874672, -0.5479201920279626, -0.8759808340657733, 1.0017308981787485, -1.1404462349736897, -0.3385684962026281, -1.5986714421861676, -0.8852915138609887, -1.246049720889008, -0.7284545182867769, -1.9197353384790383, 0.43258847275768564, -0.6776487766216066, -0.2861997080628338, -0.43295693282793546, -1.3685391357170194, -0.6526841419037925, -0.9178139200424485, -0.5733745655003896, 0.2788743867952709, -0.8120871234722523, -0.14930373863064736, -1.111314824787064, -0.5765420844375556, -1.2342755184898444, -2.0739301029289496, -0.25961941430471974, -0.29448149142550545, 0.05807891698852299, -1.5108374636681734, -0.7697552357351275, 0.10082738944308167, 0.48189481337036094, 1.0491129481063868, 0.37806459322287933, 0.24844311987683307, 1.193349352674064, -0.37384620598955814, 1.162281402718835, -0.2146653001520291, -0.1683395427269128, 0.6819099390585254, 0.5425875032346363, 0.021730646642842234, -0.3505087909912172, 0.2351268036136498, 0.20102446834945462, 0.7594943520916584, 1.1508479377233234, -0.3130050806363411, -0.7988322168627712, 0.005464602220537316, 0.5949972348971635, -0.6599254196105031, 1.0379749258982867, -2.2553941068690024, -0.039829117472225256, -0.21596227341149898, 2.063580412473439, 0.2445434472457661, 1.5542546203956007, -0.500592424403952, 0.06132032257230853, -0.5588518655802569, -0.4174445363380391, -0.3200951937350108, -1.0170110296325878, -1.146595760058995, 1.1760892855660152, -0.9771192096721226, -0.15466580046374145, -1.8142876508357733, -0.5261310166122826, -0.05312623406489814, 0.7578957709859853, -0.9260322848720871, -1.064789097576903, -1.371895004642801, -0.3596223476952026, -2.39877094324781, -1.3209494971323732, -1.0434940373927244, -1.8872340248264743, -2.1398073766964343, -3.065042658463615, -1.152935548114133, -0.5619971553237151, -1.154181843656116, -1.6079738620811246, -0.7385306750914087, -0.8390825544663802, -1.2129043916002742, -0.6833963452460396, 0.4334514656418961, 0.5551213589843302, 0.4247451779190531, -0.47628971533106884, -0.15788658620879795, -1.7063953708411195, 0.16215985680277503, -0.16357372176183455, 0.8649655334706083, 1.1173219412780198, 0.7359755032984757, -0.44222354787735196, -0.41208151284931843, -0.5992332486782562, 0.07760426943117749, 0.33667097586748423, -2.287272967031634, -3.3669235167609495, -1.378283158969881, -1.9502434641951039, -0.5982079057607448, -0.5293033863109919, -1.7329291895825467, -0.631815824641491, 0.3424704468469764, -1.68017806788365, -0.8419057334326786, 0.435030458890502, -0.7602601242796904, 1.1112645328975375, -1.582785801609798, -0.026424872497632763, -0.5664370547538679, -1.0192215669829268, -0.3178035177331796, -1.5806548536254867, -1.797129385120031, -1.1344212884851819, -2.710362127812722, -1.7868851259402498, 0.48557901382795665, -1.7115899515098596, 0.7820691101615497, 0.6491669618864677, 0.09736299504178086, 1.2741335703851695, -0.8563338436579845, -0.2789374199581249, 0.7684163773163788, -0.575066325781625, -0.8511561714742839, 1.4021707912527228, 0.1268926553982361, 0.7895980871995082, 0.14948723030769343, 1.3849559952457073, 1.0296896962657158, -0.3503089260422221, 0.045724002177093645, 0.00618307863178972, 0.02941453422667597, 0.5917782595730848, -0.384920819073757, 1.9877130542015324, 0.14187275832883472, -0.5772774692251333, 1.5344728852545935, 0.4370942074775728, 0.03418337994204239, -0.5659323775149409, 0.17472009555402473, -0.5366367996767122, 0.37097037142329164, -0.984745923894442, -0.9047634763756289, -0.04529617156175596, 0.06581776457243547, 1.6415126213775426, 0.6744153522336255, 0.083093577148175, -0.023593589801237477, -0.4909161453365648, -0.042811673993818584, -0.2750081527333114, 0.06074219612827818, 0.10669823068244746, 1.8428613619254122, 0.2290417637811795, -0.5426638422836428, 1.1245803971309132, 1.3910976869409055, -1.8240010478566717, -1.389097412047518, 1.3766890992920973, -0.039661244363721676, -0.6430236165887554, -0.524351621862683, -1.2896511707294187, 0.993955747264659, 0.1858678592915791, 0.3060053576825467, 0.2995219708984785, 0.8133552272106661, 0.8571786165731473, -0.006384126980477358, 0.6167995890068756, 0.6315794509652595, -0.016665624455592, 0.5610176330853389, 0.8776013441653722, 1.2607446850534447, 1.0704350486738088, 1.424903082073965, 0.316570644641244, 1.2163853743782822, 1.1229021972479325, 0.4447818540540545, 0.877279770182768, 0.534755266020001, 1.3385163040160872, 1.047774007601305, 0.2713881995022093, 0.7982644096798935, 1.4529621716094603, 1.5207580828047769, 1.750793669309043]","['area7', 'v29', 'v63', 'v83', 'v46', 'v56', 'v18', 'v102', 'v54', 'v66']","[np.float64(56.04729733160777), np.float64(7.4414608032911085), np.float64(6.429818011018204), np.float64(9.580578049345457), np.float64(11.871547732560924), np.float64(7.829407494172006), np.float64(15.78952986856418), np.float64(8.391115567144876), np.float64(8.537453340039), np.float64(20.31881216953558)]",3.521248043623812,3.6400305031708533,3.66714443060214,0.7481598651800742,0.8534202436729277,1.3043507801093053,1.2644836005987545,3.621591387574344,4.178262307546234,4.151407682307363,0.9573777619744906,1.1009081745195815,1.6896297740966433,1.6960413640656704,1.495964394343472,1.4702014125152887,1.5084439906819318,0.03832744308461068,0.012240718774276571,0.1850812144079651,0.1091233682028997,3.5197757544444332,3.5197757544444337,3.5347766436274664,0.6603772422077377,0.6676243091895419,1.1396158272142818,1.0673042865292524,1.0504453637188518,1.3128535652855844,1.227659706013648,0.3753917037278852,0.4153712963955558,0.6418140220127667,0.4982184209376858,1.4949883824652668,2.6752789183970367,1.4968182151161677,0.18717632247623603,0.21831087288510098,0.3247621054148127,0.23871567322090395,False
m849,f1022_a,"['297', '298', '299', '300', '301', '302', '303', '304']","['552', '554', '556', '558', '560', '562', '564', '566']",m849,f1022,False,2,forward_no_out_standard_k10_lda_nc2_sex_on,forward,lda,,standard,10,2,69,8,8,True,0.001088462769985199,0.9989114999771118,0.9976875185966492,0.0023124595172703266,0.5381627678871155,0.4618373215198517,-1.5732453088792404,-1.1522081068588654,1.6500621850002242,-1.096370285099884,-0.001612952779443247,0.04721424445057784,"[-1.3731788412611563, 0.30275803638522686, -1.543363926271082, -1.2925126981089068, -1.8260521572477206, -2.5566502035049705, -2.3629957158820774, -1.9339669651432374]","[0.06046805624307016, -2.4240389022950795, -1.500943388279989, -1.392606098682202, -1.3765317864691387, -1.7614172287114438, -0.24868280272592713, -0.573912703950214]","[1.3197767742160504, 1.4094311451714092, 1.0680881494170753, 1.8537500647522083, 1.8590946140149962, 1.9873442560586385, 1.924716753740998, 1.7782957226304186]","[-0.19036373401242573, -0.30295812009175743, -0.9689654500320273, -0.9370024011760043, -0.9816722759935719, -1.1911580578047753, -1.7074921216700194, -2.49135012001849]","[-1.4317678312164557, -1.1890766718366725, -0.4183256082914988, -0.2957430938845116, 0.8519095394633481, -0.17244434773017964, 0.34918634283323363, 1.6360167384707034, 1.1733219854245893, 0.6120767877496549, 0.48351405745007275, 0.6325938137092094, -1.7812125094277296, -1.3901390888324783, -0.5693845228014953, 0.564134020088828, 1.3321610427722346, -1.1137649143197783, 0.31626260541890056, 1.6238197205876828, 0.951021553622601, 0.7794971411955358, 0.7517105549345827, 1.6386110798668954, 0.4421164037048787, 0.6819474972452284, 1.0069579038034429, 1.1068175403923266, -0.9836910858542833, 1.7908392740997063, 1.070731906616901, 1.4372520502016888, 2.082477829901838, 0.704903333385225, 0.6659991768956984, 0.24022010271680352, 0.41268381061164566, 0.8087933704759286, -0.1902298489510092, 2.4372937953133973, 2.1663092408244777, 1.2234391876204112, 0.2722436604314853, 0.4445999934670698, -0.17945684098318332, 1.6588008215859706, 0.14175853821974205, 0.4601303204413062, 0.34222841903918116, 0.6558511895682972, 1.566571480368587, -0.0775473188571179, -0.17439159778418423, 0.5372407742426283, 1.2973036722890927, 1.0322165682811963, 2.367491558477887, -0.27943701740334076, 0.7813622084180641, 1.53978346572655, 0.3711864720035624, 0.08708788851276424, 0.8401935118809973, 0.05534335179833738, 0.1925005041244577, 0.9303515773823352, 0.7040011203648824, 0.8132796111554444, 0.42718384261258097, -0.581619620459844, 1.1360739486181837, 0.4917830278804998, 0.9393400065573254, -3.2451013459263005, -1.7626025279117983, -0.9558459022139246, -1.0116606824729901, -1.1464723314683605, -0.7470603450712223, -0.18998684431059157, -2.6043632729336452, -0.7580431836890553, 0.9982838049552322, -1.0343231234814116, -0.9188038095632568, -0.5699291530199228, 0.14462754254596263, -0.046770046504535034, -0.43440447478989774, -1.0409444680716755, -0.9659417957575372, 0.08072057875641016, -0.9632034054057993, 2.1137001281796954, 0.5267727734737925, 0.6191903298830839, 1.4487135218071037, 1.4560840009937688, 0.16924807439745831, 1.291911111013413, 0.5630666993837471, 0.3850666472193279, -0.16103541693429466, 0.7096646033238042, -0.03532408865773142, 1.3971520711990502, -0.3690208612975053, 0.4997494064926829, -0.39453840269385887, 0.025149320575490765, 0.34781624193029903, 1.0078622186965176, 0.7344928292583343, 0.22124253750005643, 0.8282562640587781, -0.20454942918026642, 2.4551659034283615, -1.1636587109922745, -0.2587360967316385, 0.6526861066577835, 1.0124766651077193, -0.4925743810875532, -0.952438171423596, -1.0532043135303992, 0.1328083007187623, 1.3731613537876297, -1.8398866660337514, 1.1796278379280938, -0.24240640710313074, -0.5477673358171368, -0.7894194500540653, 0.5033151245990348, 0.28598672483895426, -0.1263083509065405, -1.297844238815482, -2.0146787612348556, -2.0177140739116637, -1.1729142854079293, 1.6082996488730124, -0.46621642975508226, 0.1368612116560874, -0.5464038374045092, 0.25353906192910874, -1.1932189641279969, 1.7794635853180667, -0.608162044767276, 0.815618453857825, 0.6970280611667724, 1.5832589412225608, -0.33746816976747573, 0.10027556268224953, 1.186270138414083, -0.4982795094218071, 0.010008841439060003, -0.16771893499198734, 1.0263942627423728, 1.2226897923874898, 1.353338130166382, 0.45352373172062954, 0.6202140747000683, -0.15638877672584062, 0.6865089633160473, -0.11308793226012688, 0.10435323391467975, 0.624374971270335, -0.6929013283967124, 0.6331762577924984, 0.9072490309351781, -0.22637219482925253, 0.7909202482013022, 0.9710217920348617, 0.6503909310699598, 0.2885332435993086, -0.06384545034637709, 0.0394803638047871, -1.5519438974565476, 0.5182020000216442, 1.040128279972538, 1.0054259518908422, 0.7761149085626776, -0.37828570834131486, 0.7343072623902859, 0.5349832816943221, 1.2309087027904004, -0.20447039319184876, 1.5938271486013025, -0.6606602214659225, -0.7489537805923207, 0.14125714647349247, 0.7378150962189086, -0.5568388178660528, 0.10951327368863271, 0.9660539618528137, -0.35306026133784035, -0.4594778481453166, -0.8624386720198528, -0.9127747619010181, -1.2250921972607713, -0.3097578875162155, -1.829412880353528, 0.3800836524542175, -1.16194341373625, 0.11342759250877761, -1.0239989953758035, -0.913668349923217, -0.2562525047070437, -0.9351125665560479, -1.238947683751602, -1.0660431160090535, -1.4736707302598313, -1.0550711288893189, -0.990108532722321, -2.2177975804732397, 0.4448966512324703, -0.7910157070110588, 0.052275686471804805, -1.0632176184424469, -2.007928580877005, -0.2449156863409952, -0.7249901765964596, -0.7619051519904843, -1.7055301441813815, -0.22469885228372688, -1.7441496007609212, -0.44176995527578294, 0.2266753222772704, -0.9075284122004414, -0.6710255508272871, -0.15002005028796278, 0.9449822939986298, 0.7219675162281878, 1.6690743221724538, 1.0575251183138428, 0.716707314139847, 1.0755839508381981, 0.03346745916682117, -0.8288391047836646, -2.138228370118023, -0.4101153721988396, -1.2503707588363822, -2.137428812796, -1.870002550750871, -0.8998744744155266, 0.09869351628960206, -1.752098354505576, 0.9956249785992146, 0.8583064041494183, -0.3947889190939949, 1.759494798609485, 1.1354940115104772, 0.04371367922340166, 1.5602709943868047, -0.34164454412973483, 0.6011044909153799, 0.7854827684445046, 0.6617553230462184, -1.2988488472835467, 1.5283521618176494, -0.14991705342416098, 0.9703560286234454, -1.1095562179241472, 0.17230617031146292, 0.7141590701264232, 0.4632954720084748, 0.08146825230516373, 0.8171843229799395, 0.2796627024310809, -0.804722248230362, 0.03517447131612952, 0.7090382898828238, 0.2670428305397844, -0.5624390946468442, -0.7785885917013783, -0.11147887742362181, -2.4625710549033464, -1.315236665885197, -2.1987135004108707, -1.1708789848968917, -1.553699122166397, 0.2663616096605486, -0.12791569946407108, 0.9898812487275563, 0.9656548798825062, 1.031702507584561, -0.6838377053406551, -1.097085936690619, -1.24591079875038, -0.7215823416187559, -0.10512561479692394, -1.3225824356218505, 0.0023243567899910627, 1.616562575247224, -0.6737348457693624, -1.1051506167418481, 0.42452720594892573, -0.6669851504242581, -0.15952846133889476, -0.3510575489249886, -0.6419706170060884, -1.3897319410534061, -1.3950556892914752, -1.291037912979839, -2.0532975141648593, 0.16078396563553146, 0.38969158327239173, 0.013703645770355929, 0.11117111006641013, -0.44789632236971477, -1.2696500248016038, 0.5298671833791991, -0.27249980793442763, 0.9920621692636349, 0.04308118572162982, 0.8089922745969671, 0.3036890150892015, 0.6197401570406198, 0.19536174574170898, -0.22236073944345333, -0.21762171678663378, -0.25114897191634455, 1.13535440064473, 0.39944338199336155, 0.44116671440276506, 0.6920681389113877, 0.2789636790774734, -0.13238407681479508, -0.9218589745691375, -0.564815471930469, -0.07805372195374824, -4.3211793350755, -0.4380658044649658, -0.9073792091931405, 0.6661881940945562, -1.1157023025003927, -0.3890793508354818, 0.7475169044514178, -0.6595864133952045, 0.4762655463902173, -0.3647638184620077, 0.36416947503196845, -1.0957507253142797, 0.7059030900445059, -0.504442224006146, -2.2259469854434326, -1.7096383088250025, -0.8751701109624882, -1.1197521758979456, -1.167453196916827, -1.5422111581051512, -1.8796395637674077, -1.9551993788379416, 1.5316396757446598, -0.5493056570413756, 0.3435834858779356, -0.32691714285630563, -1.0422403970388063, -0.6094741440621632, -0.19709249848594596, 0.8353810579801836, -0.3541074595743045, 0.5952711915696582, 0.9475948313991421, 0.8122116017588361, 0.36065557620203936, 0.3904351259378758, 0.4053390763743466, 0.83962747200528, 0.7094488407082934, 0.8709141983777128, 0.21478632511539833, -1.312610134455294, 0.14693843055262965, 0.2259985702746391, -0.00285229025456696, 0.2773256375211908, 0.2826220866773607, 0.7001754127206914, -0.19622306658269234, 1.065669796527882, 0.9591749809772865, 1.431924937160078]","[0.10113667491291202, 0.24778352783670848, -0.5219058076729967, 0.33034458473949835, 0.1919862831366768, 0.8552230290559805, 0.200435655310669, 1.3268210127517106, 0.20572327913777344, 1.1032250448111225, 0.5013329685234463, -0.5418285941669814, -0.227148836652192, -1.0790687020034553, 1.120302353110025, 1.469032215762314, 1.681980641029608, -0.25921871408402974, 1.9326489239147189, 1.1837536522781191, 0.07477401196331829, 1.2344826070149568, 1.5597985278959763, 0.5881155413349907, 2.1067441502029562, 0.39446926571442253, 1.3916354187551245, -0.21049927070894034, -0.04883929527031295, -0.8513431470003154, 2.3790928955466537, -0.6279380291363297, -0.04348625765499815, 0.47249640853406444, -0.2913717119201847, 0.14548188866575953, 0.25306991884115276, -0.4295553862752511, -0.49162725753571535, 0.7150617730868604, -0.37610828890699133, 0.3256106167985845, -0.643484863741273, -1.7139184150486495, -0.8951651335332907, -0.3926789282900396, 0.6992858592317353, -0.6644069070145291, -0.16548467982778312, -0.418020246347661, 0.5282379458196833, 0.6249248135700752, -0.45591326888941464, -0.9349227774249111, -1.274102936917762, -1.31404409774584, 0.39147931809110326, -0.011975272879859252, 1.9451518182189014, -0.027531173614863715, -0.857627842892013, -0.3949503847197375, -1.4747972134929537, -1.354970517603521, -1.0565803362189694, -0.3937133133171996, 0.33860298093052915, -0.08988570518370284, -0.8147358390657532, -0.7634263060544514, -0.8930349295502531, -0.6382165558786942, -1.6196909995914193, -0.6960232182159172, 1.0641328552846274, -0.5001326352694672, 0.8076180741344287, 1.1272295034597928, 0.823265044806598, -1.3792472569550691, 1.10424977537967, -0.20636155405872866, 2.0070591756380285, -0.036653130507912, 0.27373624930213336, 0.2297457366240877, 1.4114138340011257, -1.4008996505317037, 0.6861028784386541, 0.9753484222823483, -0.7023029459507675, 0.0029035185816889777, 0.2259570764378253, 0.9709288373123547, -0.1865101204782105, 1.1822036336437307, 1.9566320526992735, -0.19891942258055978, 1.8558605835286814, 0.48741517405665713, -0.550402451583617, -0.3302888623099724, -0.19066463206225087, 0.07909221444034266, -0.45420741244784474, 0.99908489243506, -0.7681524058012402, 0.6859594782319717, 0.3554127515560594, 0.6675629205538527, -0.4946513355622831, 0.12713218040634286, 0.432514245883986, -0.19170165574541786, -0.6380812388704584, 0.6887559536445129, -0.7124948731309041, 0.08081332336011773, -1.0797122581341314, 0.7688443718149567, -0.9280824503745808, 0.41939977977516485, -1.5380011069993296, 0.6334477261862744, 0.8910175957301425, 2.6081007307462896, -2.5215347883264365, 0.24502068223660273, -0.7804219913577833, 0.6177648625566691, -0.5558234665399006, -0.09142680100303337, 0.5432551149599676, -0.832278158299916, 0.15988327021705706, -0.40164386490500953, -0.636173794633898, -0.23587440821000225, 0.07737731383536661, -1.0847541320532887, -0.2897906483992938, -0.6353500614090538, -1.0329083349952128, -0.39020714078860275, -0.17451868569755236, 0.8322321121863913, 0.3225814355918146, -0.793849544021478, -0.5927465312661612, 1.3991024226704423, 1.3226490331645786, 1.384590047635236, 1.4002367468856916, -0.07056543527503671, 0.5835275774653008, -1.1794133308852066, -0.4665387198541789, -0.3717277623834079, -1.6123480754982833, 0.04544701867071885, 0.7024853018463733, 1.0759557721650213, 1.5116104339791172, 1.0959621766000733, -1.0549625553436683, -0.08000839529931106, 0.20388656238243416, 0.26263335419247974, 0.07066314335984354, 1.195934745855057, 2.8792197384687195, 1.4125807703158026, -1.3576786729743924, 0.19695800293458957, 2.8581996230437308, -0.5247662834964326, 2.1653049528450117, -0.1847068407991125, 0.7190683840221898, -0.7935327667699342, -0.008120583951831068, 1.2814560710856713, 0.05663001752513804, -1.151681847565511, 0.017613885588363135, -0.5830984273113964, -0.6881231355901123, -0.3709255000042402, -0.05696608808063271, 0.6413567008894464, 1.5050454766119186, 0.16973729606789792, -2.043804495334931, 2.3455610420151745, -1.0159412484810237, -0.13298076355311206, -1.293751778175226, -0.2595711491869546, -0.4427378762139675, 0.4649313495986264, -0.1198345371052315, -0.7540146761498582, -1.068964955667098, 1.5013022297172443, -1.0032106359693052, 1.0610656519205843, 0.40939546290551865, 0.20378266090226824, -1.0826493385522418, 1.0541720472250855, 1.4825613587376647, -0.706494389171802, 0.27595298127422807, 0.6831160430594959, 1.1926138494462177, 1.3130506533635018, 2.330422863520838, -0.9223283546771629, -0.7395158096018747, 0.1677071142305524, 1.9065950796862294, 1.3636666795591588, 1.7336617683144864, 0.09269369207013255, 0.21424710120783277, -0.5336721551015225, 0.02089367164558519, 0.01970883825344054, 1.652671373749462, -1.1713306572568567, 1.2875768902364864, -1.6176634141222426, -0.6040776634297769, -0.7482175653980492, -0.8857045740878039, 0.6892437666007034, -0.8757748680951012, 0.7256962939470206, 1.054545064413082, -1.5467251137309312, -0.4924023420282648, -2.3052076424358545, -1.2166547654635573, -0.2538710352960874, 0.4331910931390632, -2.195168765964441, -1.9905985334595149, -0.04094878640119985, -0.587471229357363, 0.08297696119758409, -0.03265786976580048, 0.1224460112150982, -0.07379520364341471, 1.3513202279086978, -1.634923629738253, -0.04749862181817086, -1.0567131097843059, -1.3099486074041227, -1.3122965449851187, -0.7040050833503545, -0.8188143918693317, -0.16398422467635118, -1.4659928525474069, -1.313807087986763, 0.50802518865233, -1.130588598799777, 1.2618494437164425, -1.4268180847954048, 0.07303054983657553, 1.38769488662198, 1.0931590678819483, -0.3788242920623253, 0.437250099508052, -0.09953403948248848, -0.5435112135309721, 3.033763763086799, 1.912952069677042, -1.9162212170908621, -0.7161124228395941, -0.21775583294224218, -0.9167632659122151, -0.4479537187270073, 0.3886080347194104, -0.297076429581469, 0.13425983597647734, 0.7245727497621818, -0.8371662757745615, -0.40307533152497715, -0.4343029526613847, -0.29395228616091384, -0.6546013506634293, -0.5531515349000676, 0.46425817188713875, -1.890242248431461, -0.8466336932248352, 0.4342166752664206, 0.29520664606121605, 1.670964524514533, -0.031439992176284244, -1.8144355477868304, -0.33350191507533195, 1.1925213028509967, -0.07882921158941651, 1.3191201914976916, -0.5366609512798278, -2.2951570565355026, -0.5398159083649301, -0.2969322511209591, -0.03014269884866766, -0.26206113918222895, -0.11573330533700046, 0.06575293469287058, 0.5258799270052316, -0.019680485975139883, -0.04199299864193832, 0.9475933884035237, -0.6877069471264404, -0.42758951555492586, -0.885603681555738, -0.15757274337142135, -1.0264030631777283, 0.4971872322405921, -0.31298379538924187, -0.7670928781246078, -0.8906072302078295, 0.24154628574489193, 0.15021312102556297, 0.8555646399738788, -1.4631655871632416, 0.9314793703736665, -0.643773260870678, 0.7600493972245881, -0.9265978257975773, 0.40474689914283124, 0.3395827642814845, -0.01423748869822793, -0.14183858707568, 0.0008256758564751687, -1.9399717750427803, -1.0429421801949974, 1.1472749548454095, 0.9058582807855367, -1.3060484806904011, -0.7929278065126122, 2.221000422767425, 0.8438810840132307, -0.7968294549697689, -1.0399713373026866, 3.119052924067114, -0.6261811649703719, -0.3164212360897384, -0.4004455837951055, 0.8232787592521036, -1.0866808276865305, 0.353780334564121, 1.0940680298806047, -0.35567593062059033, 1.4084008440442222, 0.31554826149696, -0.6350517025746194, 0.03930346035382918, -0.20826696876830877, -1.7670415191513955, 0.04329578694309716, -0.29578736116267507, -0.5608380615813303, 1.846531848850643, 1.2629315935054894, 0.5874260382928685, 0.168863053942185, 0.20834620186737793, 0.4059472128114051, 1.154101466263626, 1.8127248102556088, 2.0908129775302844, 1.3677090051053802, 0.585455859155379, -1.6261716407951685, 1.5153851080803307, 1.1841804091834747, 0.16966307298205704]","['v97', 'v84', 'v13', 'v30', 'v75', 'v2', 'v33', 'v48', 'v10', 'v58']","[np.float64(158.94745025867172), np.float64(15.284921510243574), np.float64(5.861915104829921), np.float64(6.492463857819096), np.float64(6.36166389969233), np.float64(5.344503615768376), np.float64(11.654073774081532), np.float64(5.105039077879154), np.float64(18.32184959381998), np.float64(5.099719729193848)]",3.2237911009304407,3.4184103390536573,3.454886875471059,1.5027874146738838,1.39808497422894,1.008886923039246,0.8681009631778158,3.279145315638446,4.084842132784563,4.100530426741331,1.9673468777006118,1.685590727992989,1.2424530678053518,1.1349131695798564,1.3449722102206898,1.3675315950494298,1.4711405081658715,0.25550152191710856,0.1410840973016087,0.07159882759610377,0.03661554636380787,3.2233074938794646,3.2689451101779055,3.332528879608074,1.3211039171579075,1.2198825551576458,0.9375683015161373,0.7883341899665269,1.0248324994844147,1.41030759059614,1.2862412171593631,0.8969320387438009,0.9576788671173175,0.5359596065254011,0.5181593561502226,1.4101453463205424,2.0551902504323056,1.6706487569943547,0.38941868020200826,0.32191088832978254,0.23130780695242378,0.23515310273904783,False
m849,f1022_b,"['297', '298', '299', '300', '301', '302', '303', '304']","['553', '555', '557', '559', '561', '563', '565', '567']",m849,f1022,False,2,forward_no_out_standard_k10_lda_nc2_sex_on,forward,lda,,standard,10,2,70,8,8,True,0.001088462769985199,0.9989114999771118,0.998424768447876,0.001575226429849863,0.5381627678871155,0.4618373215198517,-1.4264401711420003,-1.358719428562786,1.6369155544524936,-1.1771681134789111,-0.004419430620692867,0.05324698251006185,"[-0.8167959029330434, -0.4155443003106445, -1.8910404216970218, -0.9953941270284906, -1.9656522164746737, -2.2088973653543955, -1.4616642569968126, -1.6565327783409207]","[-1.1943515986867839, -1.9766810589669148, -0.7966879114888819, -1.5459313460339745, -1.6926624651657387, -1.5840788637204342, -1.1830769894806252, -0.896285194958934]","[1.88125149154753, 1.3021203708414368, 1.9535808797243992, 0.7845753702702237, 2.27692365420326, 1.3276133465425435, 2.1993245085570674, 1.3699348139334888]","[-1.4443777580867245, -0.4702294831047378, -1.7834113074168845, -0.9146774923809248, -1.1699106413237828, -0.8716031499717795, -1.818352631841119, -0.9447824437053364]","[-0.5157664253613131, -1.7195953480200705, -1.2642767912711455, 0.6594525776529, 1.0101151325924682, 0.6046163545400234, -0.031959126428375444, 2.3443040691531056, 1.975286950049456, 0.21997700753747068, 0.7257157165310193, 0.11386934402472436, -1.6293127599887944, -1.4757844212412357, 1.1452525189351113, 0.38778020645732175, 1.4301837074763208, -1.1702436987528584, 0.7700340181947721, 0.8178944521782807, 0.5598409024874247, 0.7838247677177401, 0.8350814980106633, 1.12296812679426, 1.1887489447213033, 0.9372506310555773, 1.20705808285323, 1.8248767750523696, -1.194484330457567, 1.1407542469593077, 0.2136437669546592, 0.09358816591874226, 1.2708253689749038, -0.2531037654820381, -0.42307860535296654, 0.8781742361365857, -0.2678386630582346, -0.13528403978482628, 0.10947144573217923, 1.9882617980116233, 0.33887116456940997, 0.7501433032703588, -0.6731573053585402, 0.10941344417462681, 0.669587684782563, -0.44358725688159173, -0.3122557925842106, -0.11648742696494929, -0.05351344260175899, -0.20402302742208528, -0.3195658757689314, 0.9366863382985844, 0.08843900680576133, -0.34488739361821086, -0.5119036887665095, 0.4679346901555308, 1.3673018960094023, 0.3904673594070108, 1.556922394467801, 0.8768566817087363, 0.4486717514682567, -0.6172160141934471, 0.1788755217035039, -0.4268491982233546, 0.23565601100475023, 0.5161294325037068, -0.049208140144860024, 0.2636014230850838, 0.4786318996907704, 1.0110947683945593, -0.551200943564024, -0.003912698586135334, -0.7648620938162842, -1.870799679626467, -1.512389441747903, -1.386063266247079, -1.2562642349677973, -1.210180105233709, -2.019326185974062, -1.1423309984381165, -1.3492227267264134, -0.8192652102093174, 1.1193052479471621, -2.3885088567386594, -1.1481757994488409, -1.292006072460341, -0.7384640347073462, -2.0852792834764453, -1.7121156987767305, -2.528808612386859, -1.6324337289021573, -0.5910566111138095, -1.3754234431530197, 0.8200695506359466, -0.5447197770212127, 1.5047444825851066, 2.054840434570134, 1.2739535828576236, 0.8315815099717159, 0.6435132337678182, 0.41196527878004724, -0.2236664716257134, -0.1715689774048421, -0.15977061332261716, -0.6228304652622106, 1.028244688143653, -0.44660008879148, -0.4627720940668615, -0.8272567450245821, -0.14689262677253162, 0.23158339530247346, -0.1464909917375868, 0.252342508677562, 0.16840883831602543, 0.3815913623938195, 0.15860742332858582, 1.4782672184029957, -2.2287500387396038, -0.27829895890030715, 0.6090645311511461, -0.5965637910291058, -1.199408727155264, -1.5864801283360088, -0.5761138963232241, -0.396333525405371, 0.25625809338084526, -0.7967658341801409, 0.810231939283324, -0.4026839082798475, -1.5077697607976697, -0.8222962842354822, -0.769250897035939, -0.3810158025004979, -0.588591418082143, -0.9747668149898109, -1.6191179819218893, -2.177444225366525, -2.3758632691625428, 1.719179588090237, -1.580209687913345, -0.9168709876022643, -1.2779527677263605, -1.431424830823579, -1.9432068911946028, 1.0169469199048808, -1.1294911833415389, 0.6532781619371669, 0.5880732387576175, 0.2537385374256951, 0.26112007971290635, 1.2201604329808717, 1.1772993054207097, -0.2099435434866192, 0.9339142249897555, 0.8354982219437576, 1.108649253116938, 1.054067073302378, 0.826482491194435, 0.5402514881648303, 0.9861327714299519, 0.06082388630041884, -0.6658474059922648, 0.8437197193315606, 0.6522298954891517, 1.0461333113647406, 0.7341030399290097, 0.7285478403010069, -0.1900354754213593, 1.0204516107006167, 0.9466339022656531, 1.1048144945796703, 0.7447339970725162, -1.8064032971093709, 0.4731656848329659, -0.2507461406572972, 0.055873312254058824, 0.6445761192133139, 0.15628737864428163, 2.258067403760974, -0.14573020612365392, -0.19297720642572302, 0.530410973966928, 0.2800926318995587, 0.6008336519608587, -0.4003980959895239, 0.3718589314852804, -0.36942578404385473, 0.3886121118098533, 0.23550006469313634, 0.2941459344724178, 0.32878905995724295, 0.37335666278923063, 0.25038302712766336, -0.6743670950680618, -1.2423997508882276, -1.1637882717949057, -1.4790321939944926, -1.0505857350112735, -0.016666436558266936, -1.1727475525577922, -0.19977387683706915, -1.1485553419840806, -0.42208079431508505, -1.1382311158500895, -0.809154435524561, -0.758550774744119, -1.2477066279603262, -1.1333293294619076, 0.03408897022919454, -0.7525832324050756, -0.5501639131858895, -1.0234466686451213, 0.5573004295688615, 0.6532625954657069, -0.3701503352861712, -0.6419767231897427, -0.5651435440698597, -2.2371124806895133, -0.5911458640772843, -1.5346544170506278, 0.15944013307746707, -1.4687087864990587, 0.18115147754814118, -0.5986513081734737, -0.3453919269220783, -0.28679003293925903, -0.8876805094501301, 0.8076005186181849, 1.3787924991933773, 1.0621294488594317, 2.3568030156692017, 1.3369963544480454, 2.09102118002232, 1.7126102149650266, 1.5939097660433186, 1.6553899166286459, 0.7530703613060997, -0.22752531253232963, 0.06065930732341548, -0.4399110490147201, 0.2530343527785622, -1.2749578482861308, -1.1012926779367553, -1.4268703836945205, 0.08828356465312741, 1.1438767675647437, 2.2885849930997857, 0.7368537896323164, 2.479396223565577, 1.3580451487702379, 1.3081641457619637, 2.5272890496275107, 0.3913851936001966, 2.123005154103121, 1.4575533042405735, 2.229093074036982, 0.2837872606900097, 2.0847979632942626, 0.79855002031162, 0.8003107825313481, 0.8706054142890497, 1.0596341316892959, 0.8619071526426911, 0.5387337070911543, 1.0396001165013051, 0.23744989155353352, -0.13181754863595066, 0.3742803425057159, 0.41840356207160107, 2.0258673711914663, -0.1547259902992701, -0.6191112471690198, -1.188353608592571, -1.1019111156768062, -0.4234086723609771, 0.3369005421306954, -0.21323719366663052, -1.8719526198551015, -1.362211807175355, 0.08305323518918947, -1.270143492007343, -0.2589875537754026, -0.512579545912897, -0.998379928055259, -0.5885553325491534, -0.39775421848998743, -0.9318508893551883, -0.8426696797905765, -1.1893463886404594, 0.3194132945579635, -0.6651432887576268, 0.36930147276630787, -0.8286983249336982, -1.6017331368504044, 0.3498054490680298, 0.737574162016582, 0.4488798856811958, -0.9907679691526275, -0.9357077131965691, -0.9367535249278184, -0.9527426980711999, -1.2503145312974915, -0.5616229876776488, -0.6185153746428922, -0.3809174777831375, -0.3348004297117868, -1.3172345611718446, 0.0356911382606603, -1.0497322879774413, 0.02058042424904556, -1.2152490082138203, 0.48845441474308043, 0.10021351142492121, 0.13959715217667162, 0.8381693441439005, 0.4687840646709785, 0.4561612470523816, -0.2441326651641254, 1.175563251642522, -0.3193433538624237, 1.0512135023317992, 0.6355414103882654, 0.6698956259138, 0.6424454164173711, -0.8177921892522171, 0.2005251847114119, -0.8500012406028846, -0.3060538336623033, -0.10836576687129916, -1.0081267045373576, -1.1108715893698768, -0.6255031107494238, -0.13730736717043593, -0.48685236678790333, 0.022894541646682188, 0.9624131854296124, -0.3095612066089189, -0.5426419753373958, -1.3256507564655462, -0.1632640970771123, -0.9641159333070893, 0.21318217213433496, -0.6211134628129938, -2.098276751389478, -0.020529311650884764, -0.21202367702678412, -1.3332758795635484, 0.2916568500997796, 0.5224438901786619, -1.7930188042247701, 0.08106456079914673, 0.7219899348101484, -0.5021437352451842, 0.12532436475271083, 0.3536856641967192, -0.7762894326215283, -1.7286170836593908, 1.0471790315835698, 1.2959032029616206, -0.7198772250580191, 1.1344372138482384, 0.6089214389297418, 0.4090977506510163, 0.5016555388102395, 1.1527874743336668, 0.6286352959285626, 1.4008510701799717, 1.6479772235754524, 0.9889460820725703, 0.5782465322808754, -2.111331272142678, 0.7367550323584307, -0.2855456641346664, 1.2162255107564077, 0.6006694518315295, 1.1673089430866264, 1.355948919468644, -0.6930617741753646, 1.18833217888864, 0.36467473373488135, 0.8438260144677104]","[-0.6045378653450357, 0.5594701361694933, -0.14846297429297137, 0.008506977399105952, 0.1304643913999797, 0.6973526341418652, 1.15629807500071, -0.23746386897131422, -0.22095628073377344, 1.462742178626185, 0.17492233413434444, -0.47629935870845136, -0.7073282667330745, -1.2161675452141454, -2.0592524367276215, 1.0548719751392828, 1.54258697109694, -0.3466805493958038, 1.1950112030145534, 2.8312995648126593, 0.1576368388635777, 1.356264806402305, 1.4030875962634377, 0.8495839220697418, 1.90360813572453, -0.5750711776669037, 0.04460657288683109, -0.5157883310210798, 0.9267312437361596, -0.07473748106019869, 1.8169066891231407, 0.5919712372854379, -0.3837537193913216, 0.5319911163359128, 0.04614221760189481, 0.5836267356713147, -0.7117396590160006, 0.3757396623377468, -0.804865941783075, 0.9413049734418737, 2.1391343732373524, 0.4769849678194622, 0.3160189075765083, -1.2014570698641431, -0.4278352826021287, 1.3498911192788055, 0.9755497488880811, 0.6891640849278899, 1.3739867972822994, 0.07545883369544776, 1.373794812625509, -0.6114769603053539, -0.41215216465146765, 0.5724054445697851, 0.2339335945541243, -0.04494506080681476, 1.1369498308853232, 0.512720294181708, 1.3312274771632582, 0.10254380597102467, -0.21170635747341043, 0.03827630107468142, -0.907146280347811, -0.16171269825565573, -0.7155341773659912, -0.44323848718543457, 0.49163591468583057, -0.4382083302856911, -0.30525237919625875, -0.9773979756225051, 0.8221919055936548, 1.6219403891611197, -0.2812305959223421, -2.833145508507978, 0.1672114111715493, 0.06827627090570532, 0.22573894574923814, 0.6889142830955294, 1.1616166897895688, 0.1021578083885929, -0.9496635360304578, -0.797617784882118, 1.5624319637810378, 0.2700909833752438, -0.1489901152500374, -0.20439269808120816, 1.919641473296182, 1.0874663370311337, 1.3719322604366406, 1.6987251329324082, 1.3407242691753318, 1.402979574157858, 0.7778742367172196, 2.3663726203764193, 0.509998605953465, 0.9385125492034639, 1.546228701050441, -0.07862220968747544, 2.48248057793129, 1.8568330301829081, 0.3002593282693979, 0.7665441241747558, 0.6632640578716673, 0.6872784829704544, 0.8890706242672511, 0.9158857594935975, -0.9034288686449283, 0.5468888318014242, 0.06928525822798597, -1.443576482625889, -0.22784290709424143, 1.159342212171907, 1.7350652194228062, 0.30378767863833317, 0.18464116824456117, -0.45504522414377113, 1.3245723719956617, 1.036093506275941, -0.036963446730793534, 0.3843436458205896, 1.2904409636829184, 0.3223335388364762, -1.4790233647339943, -0.43970491591921373, 0.1406807888072892, 1.235423154467501, -1.3984484433338693, 0.6833513677041518, 0.048978183935585416, 0.5546708037586708, 0.46800860696997565, -0.20027305004484705, 0.48081465587235483, -0.8493475617071639, -0.1158551327025754, -0.5763467973733122, -0.23137060213180974, 0.9756553596398266, -0.9109881721185041, -0.09656216593259685, -0.6561231642742228, 0.09913792864138131, 1.1066215350908728, -0.583036959044575, 0.27361065035653925, 0.6237750932036948, 0.7205953345720144, -1.1320062639625241, -0.7598252990567695, 1.8299821317208376, 0.1034016567744809, 0.9605504487304499, 0.8862786885309363, 0.09591277076944953, -0.17231403462861225, -0.5987197101767143, 0.2605180799952737, 0.8955213115316464, -0.7424087290201644, -0.3437092541131162, 0.011412285287555654, 0.7516431259513962, -1.0946644829727328, 0.538712902171138, -1.343854270915847, -1.1103861157052575, 0.7759216265843336, 1.9521205350062036, -0.10258488341768632, 0.409483553313152, 0.8586878133709075, 1.3524528139361645, 0.16627872749176567, -0.2808441606649253, 2.1007689714255653, -2.0505764686803447, 0.5514744852650554, 0.4592450168188601, -1.0612971307135683, 0.17986687947000732, -0.41941699234104407, 1.2926448585431347, 0.11431507998040412, 0.5510797377935613, -0.2590685542521916, 1.2222217618237894, -1.4885920582297958, -1.2200602812429477, 1.0804344900188183, 2.0762943641318894, 0.49025270776587365, 0.9769066243790923, -0.8311967382724723, 1.6093825982609504, -0.2701208691109612, 0.376986286347485, -0.13211285088528796, 0.31861596969219846, 0.3730979518485359, 0.17717630993513198, -0.14010296974406175, -0.12455044015846738, -1.108620416448591, 0.9830019659459783, -0.6193353621676065, 1.6350335338728228, 1.4139697363251598, 0.0007340636509126257, -1.066009927869367, 1.023061642107958, -0.3888970029292189, -1.652305832973701, -1.9822237405140564, 0.9777930608983251, 1.3908270024725122, 0.12825530026431495, 1.6656141465183798, -0.06564512362585673, 0.40733085754143955, 1.1087475477849076, 0.5976289993013852, -0.42174838485194965, 1.384979597678716, -0.2978753745721454, 0.647764201048115, -0.8634180732422885, -0.6731740580319192, 0.895003195417667, 0.8277546550482837, -1.6066786922552359, 0.41280868301848267, -1.0826052305681897, -1.485625413616716, -0.16023209635892832, -1.0793204670247736, -1.086570484218613, -1.6704525356886875, 0.2630979741668666, 0.5677474122519961, -1.1187016811445096, -1.0518484635712564, -3.013385793739632, -1.0216612474434492, -0.6192950631846136, -2.4893299829278956, -1.16776454808753, -1.4599842807997492, -1.4636511968452004, -0.573518853395037, 0.13014304032537466, -1.0133477290672313, -0.5747469340051907, -0.3954985227661023, 0.4206418782462769, -1.8302578987773857, -0.5031930287714553, -1.043548018921802, -0.6089224230606161, -0.9501386469878272, -0.8827148629744406, -3.614738118796335, -0.2920186307749756, -1.1346691467748724, -1.7155404135914174, 0.1391806276923726, -0.7994936430735096, -0.8365843990708863, -0.646630188685251, -0.9404859290490474, -0.0953346632283994, 0.3515899344972604, -2.248436887628797, -1.562553816091543, -1.3090450794590165, -2.5968119419070295, 0.5331707812835901, -2.0048665854913663, -1.4697366839262302, -1.0820040363838963, 0.9789864680079383, -0.9945044533154006, -0.017861595637007975, 1.3651965052625918, 0.2837325664091463, 0.0887405312556607, -0.47016089457531896, -0.8392749601498845, -0.08938519084988615, 0.8951826127519096, -0.7636086557823719, 0.0923965589292651, 0.3056821333099525, -0.7402815886401308, -2.251948397258263, -0.8301984394166187, -1.6702923708237545, -1.2062869319845042, 0.45736526900188784, 0.24292139850983613, -0.8553404433613238, 1.2313605650557673, 0.8233557522188615, -1.2539326940560127, 2.3320083594314904, 0.23525307254480946, -1.246364668601344, 1.0860281788858164, 0.2419925830119999, 0.9035713951751697, 0.38115435921229096, 1.277218945750677, 0.4010407221005293, 0.13111819772262132, 0.8865107083342566, -0.3671308211935175, 1.1640270121159153, -0.39560164344659166, -0.4482335987216503, 0.9229200198931304, -0.349004921322905, 0.5568877001682992, 0.5101108878197969, 0.3276000731949085, 0.15975398029984392, 0.5557308235454685, -0.18198901973031353, 0.10315525320043542, -0.7739768919509808, -1.7023640774416269, -2.003667684895657, 0.5341387095060077, -0.4968962487039592, 0.32329759459205865, -0.5082070764824815, -0.6989126790605685, 0.3068771694927171, -1.882338709312806, 0.14969668476547685, -1.356642390378555, 0.2474155253431454, 0.7764072921932825, 0.5950875600559156, -0.2776716682669528, -0.9955030746996649, 1.042342136683312, 0.3673871088375277, -1.7069922484345268, -2.3079769879342567, 0.5855272374486471, -0.7581745918289786, -0.47885835238165614, 1.5484483092545178, -0.43306694825232267, 1.4576043502017622, -0.5336533100409789, 1.2504164948254555, 1.431334320854587, 0.05518778846645191, -0.2736749131002704, -0.2575973841375192, -0.6553431888049568, 0.61909033494895, -1.1327953252422283, -0.07971496741026758, -0.4418396057085597, -0.025990954706897586, 0.9355984478508913, 0.8261706262698552, 0.5167664415757172, -0.577975643212957, 0.9574927300800232, 0.30666407782509897, -0.2298566395032457, 0.5940949350263025, 0.6687403360974519, 0.4364710543640723, 0.3948286448313651, 0.20516477945716244, 0.7456366824232876, 1.5737211111401512, 1.1952734183671307]","['v115', 'v63', 'v57', 'v45', 'v8', 'v2', 'v100', 'v60', 'v84', 'v106']","[np.float64(211.78634769983665), np.float64(19.411162564932017), np.float64(5.752644284044633), np.float64(7.436340060319233), np.float64(11.218427404740405), np.float64(5.419292220529176), np.float64(14.504743000468794), np.float64(7.590411493903827), np.float64(4.731789501610168), np.float64(9.214670879016792)]",3.068730874733275,3.1336764463512514,3.0869047727220984,0.9646623444279048,0.8866026437255432,0.8942505179289869,0.8655601897846522,3.2449070406783687,3.5632834546604464,3.4879352531855865,1.2491422922075353,1.1430191308665596,1.1832789205851806,1.1292648955040745,1.1851781385922435,1.1640804504970288,1.2175116749072277,0.09484331305461377,0.049281170941040175,0.024999273887872545,0.013591648058895012,3.063355725594494,3.0633557255944943,3.0600935747053564,0.8480258671411744,0.7918841112191786,0.7680570686448691,0.7435354271144421,1.0715928100414516,1.2052076595033652,1.186198451446305,0.4821628602092661,0.4142256502149563,0.4464488229779341,0.41466706435334877,1.181528854298179,1.1976128189694024,1.18351552293682,0.22883152188875752,0.19651440285664395,0.2154103002963792,0.21242653345219153,False
m849,m1084,"['297', '298', '299', '300', '301', '302', '303', '304']","['595', '596', '597', '598', '599', '600', '601', '602', '603', '604']",m849,m1084,False,2,forward_no_out_standard_k10_lda_nc2_sex_on,forward,lda,,standard,10,2,71,8,10,True,0.001088462769985199,0.9989114999771118,0.08153398334980011,0.9184660911560059,0.5381627678871155,0.4618373215198517,-1.0138088873836568,2.1910700442478994,-1.9628696686852969,-0.9356498523935688,0.07280621466121316,-0.021448981181227036,"[-1.1876660574444693, -0.19580260998083956, -0.8977991018635921, -1.4800227947189342, -1.4549325747188502, -1.7184777119867622, 0.0006677036123690746, -1.1764379519681751]","[2.0130677372258576, 1.8415451557123133, 2.7460464624523646, 2.4603882035473394, 1.6868053694056997, 3.0636908024923697, 1.494234089863947, 2.2227825332833056]","[-2.4034973783565574, -1.508585228437434, -2.1081482618056597, -2.0539209426999814, -1.1914118196331298, -2.4876974551459, -1.7811623514353756, -1.944053589477387, -1.7463970624080345, -2.4038225974535106]","[-1.182001879299907, -0.662001931385113, -0.8031027611210798, -1.5306800337255149, -0.025335502265321806, -1.0450518940093632, -0.3298298416058242, -1.2727338258822691, -1.323173984941854, -1.1825868696994413]","[-0.8343382729976742, 0.21262852454405878, -0.5844939008654095, 0.483470826273076, -0.046121659870637, -1.1022420809425593, -0.6135241284503082, -0.026402670388663303, 1.109516846986159, -0.8550327012169536, 0.0990521724927552, -0.4313845286818983, -0.12407438629978541, -0.7407261007777355, -0.10615032732473478, 1.3653440032055293, 0.14095721699422176, -1.2071741720262703, -0.19706718950832738, 0.8624860832398771, 0.30133849568199483, 0.6344661207307086, 0.8671830239226126, 0.31784412326427286, 0.7392293827614546, -0.8847960581856444, 0.5645718244028748, 0.026345468637109546, -1.0991085272011647, -0.6776863059715316, 0.7797342248656532, 0.9462527993063651, 0.0339930252128326, -0.5965393804687378, 1.0041100769306197, 0.08022324314697407, -0.23555721327337178, 0.8607373749196888, 0.5292021548690874, 0.9158658818466445, 1.0585582737003465, 0.19991534191035115, -0.3432128505295839, -0.3116681288494882, 0.7701668873820562, 0.6692541717914184, 0.8093665711407143, -0.024411239638833092, -0.28306240633904645, -0.04234582026051895, 0.26340382764638043, 0.5676152395723505, -0.33565261509213745, 0.4229787192050427, 0.7302951079135056, 0.16010986281428044, 1.5591007247560869, -0.05637685427246471, 2.1090253606772715, 0.3264081319689403, 0.9368227880337769, 1.7423990225428783, 0.8246483244758954, 0.42724034733808225, 0.6096950215036115, 1.541040983112007, 2.363773683072347, 0.5742789692689655, 1.509947599212173, 0.11109576845434027, 0.8153386193755061, 0.95062704468837, 0.7378914388699794, 0.3374073444924139, -1.135574868259521, 0.3412230924507894, -0.589866011950332, -1.408128607411239, -0.36110221551105665, -1.3131489292252079, -0.6103581672434673, -0.35286563588376496, 0.4541679451203584, -0.29084116536636934, -1.3592147195394915, -0.8702694519976567, -1.294263033291675, -0.6683178737632053, -0.48042859007047894, -1.1029540824785091, -1.235015699116629, -0.3439173273414799, -0.49006906736206773, 0.16684053776533184, -0.39108291893533137, 1.3628553338012763, -0.13803244238354273, 0.375976489440847, 1.3928858175084147, 0.20181635433155687, 0.46442537394762806, 1.0196877690316621, 0.5327632457453716, -0.6147459299741018, 0.12149794706693942, 0.7110072542603194, -0.7168465027603126, 1.058470442110888, -0.06150449827980444, -0.8426456125015942, -0.6258429060632279, -0.5454348838467753, -0.46736277331522746, -0.698858429413445, 0.12271907569941205, 0.7880318289899416, 1.6615517511205922, -0.5641149295157254, 0.5040879196221308, -1.1601180662457509, -0.5886708493149974, -0.34221276453365884, -0.9448699647309013, 0.1658540975991628, -1.1017076376079713, 0.14922169630657736, -1.420228389308278, 0.5883443444874503, -0.1224713740153578, 0.014472613588007603, -1.4499877353613073, -0.0059178858893529866, -0.8634487088131575, -0.33918723606466133, -1.012593257831131, -0.8198582123432387, -0.47146288828221733, -0.9206166013304878, 0.15224810923147689, -1.158311018939021, -0.478703342849255, -0.2836351311502104, -0.4642427835580851, -1.1755717675364104, 1.1251004224592824, -1.5592592996709824, -0.23797535535534933, 0.9372262961990186, 1.2176293393923203, 0.07667657509673033, 0.7274380292180797, 0.6062527996381906, 0.23685937336741747, 0.6906137011801896, 0.8798954954193855, 0.9431813782933558, 1.0066818735590854, 0.4083725671522299, -0.03832600628085343, 0.7482333808575812, 0.372629818581527, 0.33561105701474, 0.6932186506191204, -0.35263745347051806, 1.9089080732347679, 3.291851226523878, 2.331424410188834, 1.4141658516734479, 0.3384717498530489, 1.461621771649547, 1.2442272270445935, 2.126663118712668, 1.561133252691256, 1.3395633279367711, 1.9437103354170595, 0.34781079750893806, 1.0633539468134554, 1.5274868204030019, -0.18376077042113584, -0.06324953705196291, 0.40642722319277613, 0.4289026583432051, 0.7617349515713625, 0.12268736706925701, 0.45405510062730753, -0.11485694244506386, -0.14900967631927733, 0.8642632565090338, 1.3681347145322496, 0.6474934933490226, 0.20893356377658068, 0.26809511706017997, 0.7968121765800998, -1.8977474837749746, -2.0627964349072174, -1.9221425325845773, -1.145300359683317, -1.4363238977718362, -0.8432958667243756, -1.7661697383641528, -1.6864402215484253, -2.1188525336510824, -1.4203364471553264, -2.2273376387525654, -2.6534993027068206, -2.252956987283439, -1.9134851008677556, -2.331481447502891, -2.0940884303625915, -1.4812885209665616, -1.9862410952890686, -0.60096718345589, -0.19597549750905757, -1.0058688754529381, -0.09314536382878362, -1.3685351224710989, 0.5894324721500694, -2.060963808852432, -0.6290767337927899, -1.1499265803762144, -1.124366081197864, -1.8739198955352183, -0.4599485860242912, 0.15196190367986143, -0.696377328377882, -0.3113043661986848, 0.23786152524148269, -0.5181825980151246, 2.442659042373817, 1.657695963676136, 2.474629812644733, 1.40075248195793, 0.9933457422531744, 1.2761448098854444, 1.3783941389411751, 1.9848353833648689, 0.29293558791197716, -0.25197122029514346, 0.5618904063823995, -0.5337755617075278, 0.17445941221752753, -0.9161279875167689, 0.09556448836434756, -0.753828914239823, 0.44375912625338765, 0.41075229255479506, 0.12734282480252723, 0.45059106550949635, 1.3176293993267785, 0.2709840723075335, 1.3902660243513407, 0.35750767800307554, 0.6735562548826151, 1.2082210331770051, 1.5684428769002672, 1.4008323092827717, -0.2994522642403184, 1.830876312963868, -0.08522151840339703, 0.6741027691379649, 0.9340784418213206, 1.3458108329597098, -0.46799565091152123, 0.29820172555026514, 1.1884053627389737, 0.059294052678963365, 1.3785917818988707, 1.1179691021814864, -0.10755034054701255, 1.595064462612549, 0.7495905402736986, 0.5566458363406608, 0.947812779137879, 0.8209475035659097, -0.2707593764014136, -0.5122020555311606, 0.511968445479665, -0.058774407957527704, 1.2581946042146963, -0.7052389479401912, -0.7389525834540557, -0.8063023873510652, -0.32849795655396735, -0.1452609728471342, -0.9990524122120619, -1.080484188561105, -1.6752511219533386, -1.3331838986051985, -2.0137853688990157, 0.7373926342752717, -1.397583163360724, -0.6848057320426449, -0.7030238691039115, -1.2359947880299225, -1.0313496899114534, -0.7455498976169141, 0.8349441792072566, -0.9754292434758952, -1.6294934998823478, -0.005597398251180635, 0.9172657649315415, -1.6324057790545061, -1.7607959013769579, -0.3098620298910685, -0.17915566040910808, -1.4505301827998758, -0.9581967507377045, 0.8448133361792028, -0.9389542512115822, -0.4659044815321179, -0.6328340482864954, 0.5462621105497668, 1.858022209873387, 0.7968025542618749, 1.5876726957694232, 1.0251476827486548, -0.13034161833621266, 1.7939412465802915, 1.5363391178574402, 0.2959846369226988, 1.1574858205927832, 0.6074932169785764, 1.1809971627657523, -0.25113242552167525, -0.3877341181770624, -0.2647663001472493, -1.5677870710152852, -0.6429663953095262, -0.9354583639062791, 0.30320330232635745, -0.9253067211173026, 1.3695772772514407, -0.28155323911467417, -0.4562079636270916, -1.1974562569052352, 0.6964363595361801, -0.4062535245442059, -0.46136811073421824, -1.148944461253756, -0.9057802330636665, 0.6518898163122443, -0.7625793050161713, -2.0432318383239116, 0.5693003965779401, 0.9281658836476986, 0.9185775009311644, -0.19415060803965628, 1.4861152489154459, 0.9936441623508001, -0.3669410510839971, 1.2021739740439616, 1.8178593776305942, 1.8098839258136379, 1.0314891230559553, 0.659550906161138, -0.8856433052805169, -0.6873444770236885, 1.0243344113357522, 0.35789511242939176, -0.08290148543359709, 1.5187081013178279, 0.57895308197193, 0.7742498037721373, 1.4549610196302758, 0.9043476493001891, 0.35620491830261997, 0.620667001103621, 2.393714921909309, 1.272585791921532, 1.6097369715730738, -0.10678195704238304, 0.010870693005175675, -0.24243784356727904, -0.5991804399615369, -0.8218549541912634, 0.25295011565858355, 0.16502899176376884, -0.5614257607139695, -0.11771720027323154, -0.5087752346384158, -0.6527872273580907]","[-0.1186654997293677, -0.223397925682289, 0.6546738324116098, -0.5799881195571832, -1.0374036769074015, -0.789493378449511, -0.15240360130068603, -1.919481901545811, -1.3893523535373382, -1.1682630803226413, -1.3029513770646455, 0.12586009026471648, 1.267054943583941, 2.0071600905655234, 0.03150206670770841, -1.3773694901097198, -1.0959005965827582, 0.2360142990124012, -1.6365992226395492, -1.9854093458111572, -0.2859971653216765, -1.1738835850599132, -0.8084713700082822, -1.606613434287546, -0.6129389019737669, -0.4700220899641115, -0.47899474177813417, -1.1598518728017833, 1.1079156462771422, -1.115685792020212, -2.0720081263167645, -1.3068435511481238, -0.4697488140141136, -0.9701539990027936, 0.281711725932328, -0.2944716791319978, 0.5629685341376621, -0.5362920299053486, -0.13721349791277912, -2.743254348930541, -2.7998172756881137, -1.4015134583331124, 0.045640119324502675, 0.07123964499486994, -0.8353202083160386, -0.560102212863286, -0.9368899480137086, -0.2602404595478362, -0.4095432843943762, -0.21646720001538305, -1.8121176863891835, -0.2567808787023486, -0.2792217549254124, -0.5098684280491591, -0.2634199651402925, -0.7202841961650095, -2.2385014241459156, -1.1177144312550686, -0.3541492373605542, -0.7655735109433158, 0.8631779180083232, 1.0469747164413743, 1.2620745513567404, 1.041689944337619, 0.001684694964361217, 0.12242818814577451, 0.016967059693401152, 0.2996917963823693, 0.4011496687743019, -1.0703856108357512, -1.3952028497407667, -1.306432834046865, 0.38614917642721774, 2.7352270803065997, 0.7551735943891987, 0.035816604520335846, 1.111147517601521, 1.3692167871311711, 0.45277571705333114, -0.6530541570420944, 1.308349101989928, 1.518263545075027, -0.929151646883768, 0.5724575574237525, -0.7513498609346706, -0.8525092867730366, -1.0884763347440847, -0.597684519366569, -1.1132962641000996, -0.9536907296339875, 0.008690491823010562, -1.2735587510340167, -0.12037143452078834, -1.3103002215351778, -1.8828069897726456, -1.0879971724775281, -1.9191748296260958, -0.9509758592681166, -0.38378028173102136, -0.8940090882282734, 0.04562757592019671, 0.18090193938429808, 0.9329818786667295, -1.091565290900631, -0.39798005791030466, -1.1186838174952314, -0.020528307017156737, -0.9349585736740742, -0.03332926528140648, 0.29291318156893925, -0.23200904160130847, -1.1601452428161023, -1.4308302767448282, -0.2425633987493584, -0.6169140835514343, -1.1006348492158593, -1.9293940038397812, 0.9634429110994759, -0.969188797898196, -1.084135434687349, -2.4004547413031063, 0.6582062940574192, 1.383844153587823, 0.9462564516273525, -0.806717651430071, -1.3566519568574926, 0.5826357574452384, -1.1443529928866711, 0.861989194152149, -1.144154406232249, 0.34036391075836275, -0.5699864163549662, -1.5251916157986654, -0.3017873395535418, 0.3714399365976856, 0.360235839462141, 0.271705072727838, 0.19961646974911293, -1.2458174063709302, 0.7800416941508116, 0.41762423933233633, 0.006907574130714281, 0.24533172313436613, 0.34103058132927444, -1.3545536869702908, -0.4566047425435028, -1.010192067418928, 1.6027375739040897, 0.5842621079861928, 0.4276773907475227, 0.6375159452117622, -0.1642194651225533, 0.611859559558491, 1.6028684783945826, 0.5375870239472293, 1.0954318909493204, -0.3814411639947137, -2.0783177387874883, 1.9736368452513218, 0.8299122390834359, 0.8130280491135043, 0.27795362520349093, 0.44247407043990805, 0.8561749860342771, 0.9727206692542804, 1.5012912491779133, 1.4244941433878449, 0.013656529049676255, 2.1779881989018395, 0.7499604645324093, 1.5108906994450984, 0.8092689822526854, 2.252486169405049, 1.4475795478335671, 1.497006198126155, 2.0107567067391092, 0.42084327555774875, 0.7354822621308889, 0.4803898957602708, 0.05352710281505792, -0.793744053329318, -0.8973532696667083, -0.4380433403488394, -1.1510447518928022, 0.4415139467776647, -1.3265925005714234, 1.1361635503673833, 1.4197675330818447, -0.1412411444960249, -1.514198128292917, -0.3608171112086014, 0.018631535006137977, -0.5005927288067106, 0.06097700704813281, 0.612056089221742, -0.4434082755959602, 0.9261906549712375, 0.1601842153489738, 0.07758168609425553, 0.7746516062679186, -0.07769338210257723, 0.4675658073621922, 0.8488248202240488, -0.9191609863304424, -0.14163526148627534, -0.2975486990679684, 0.08856547632099308, -0.6608122344484564, 0.4412116234092486, -0.636187571235214, 0.4546096300775529, 1.0304581655849936, 1.9476000423898174, -1.1079100627730825, -0.7096575699174115, -0.08673821709888636, -0.995430923424652, 0.6834117600710872, -1.033060846372658, -0.025365876707943966, -1.2392122618782877, 0.8436687675645742, -0.47282608312057384, -0.014806140776885565, 0.5849470013910895, 0.5574016072407906, 0.6504671910738062, -0.09297210856121976, 0.728029720777138, 0.7597454476388563, -0.6928709190352846, 0.5684547383081782, -0.5904945710292187, 1.1322414930739437, 0.034260645433248284, 0.3662727986882917, 0.01770750805004224, 1.8420136067151263, 2.373516011027709, 1.2000046981142178, 0.37036304564882655, 3.1148760854757107, 1.0932376450048455, -0.19214518406120823, 0.9922144806242686, -0.07579220781621354, -0.12221934725189866, 1.1582189903930642, -0.7606399860287939, -0.8955546021728383, 0.07600773416971324, -1.4560157938875242, -0.754122859961535, -0.11648136296891219, 1.495362420958637, 0.36159730314733296, 0.6489215162625843, 0.04797824666026204, 1.7015614126227994, 0.8785037684839169, 1.0023277643117694, -0.06976220117523282, -0.1330183152631396, -0.050303298727715176, 0.2286644104261222, -0.17883881153109313, 1.3181045634922, 0.2088373308195649, 0.5293455228687519, 0.8038033600405635, -0.15818683743942177, 0.6072826690314337, 0.5657728232494342, -0.6827773707307524, 1.685492980766252, -0.45575037182051237, -1.6307062489620794, 0.9521352562273356, 2.2276119126069722, -1.8446272326657815, 0.6946073748564467, -0.5020480082110679, -0.5058811664878098, 0.4382376433143236, -0.9822423304748736, 0.5880454959086389, -0.22346875998409307, 0.5859454876505503, -0.4762308276933829, 0.8342963406077494, -0.7387756156444673, -1.8555001975609717, 0.4955223482054918, 1.1977636794035882, -0.3211107759849435, -1.2664249153237683, -0.662502620829137, -1.2141972633121134, 0.8567510386763415, 1.4905559623837559, 0.973995004064055, 0.3409016550298366, 0.4325264201395439, -1.653085672829182, 0.07891192677794266, 1.7927436175482638, 0.05397272002638831, 1.1222544419487481, 0.4830631998015404, 0.34575691417616117, -0.5425588698601082, -1.0557045812178558, 0.6438547724664999, -0.8351787885667118, 0.43756552091235734, 0.15338317959555123, 0.2767617459831837, 1.3919331230651355, -1.7385620289472707, 0.9319258341003476, 0.21940194317156753, 0.2459473277222729, 0.09528682626132172, 0.9126355873314574, 0.6333328448567073, 0.4218717393492189, 1.7149416864681601, 1.2278160141506755, 1.453591869146987, 3.100434405338667, 1.214718248185661, 1.3110539047081853, -0.5778307820972124, 0.32091028622837264, 0.529837189148216, -0.011456360118103802, 1.0504652818509237, 0.6219354253028387, 1.7228627405163983, 0.22698223707940957, 1.015145140076333, -0.6583368201866939, -0.15636748080613075, 1.9744114483990716, 0.8957858820205304, 0.08126446280712375, 0.758499066892075, 1.1732955516862116, -0.20690505688832664, 1.32070866634774, -0.15915422726232087, -0.8985691799151483, 0.2573436760676448, -2.251532326114915, -0.8896556594565447, 0.3691073817061052, 0.7450602040365755, -0.3657091632569727, -0.43175196442510805, 1.0900662161908468, -0.4569572053324182, -1.121122840347574, -0.09809781675480374, -0.3678114865406327, -0.6098904310633222, 0.2164199635214839, -1.3830242278031735, -1.1020832972798043, 0.3227599332431314, -0.8970693801866944, -0.15907791193205215, -0.010604094631356403, -0.6355709611835791, -0.8488785977897548, -1.382700537064089, -0.9683535305232951, -1.5086425236654568, 0.31844135990534106, -1.5045704586618722, -1.734892168690574, -1.4253817292402535]","['pred_proba_f', 'v103', 'pred_proba_m', 'v37', 'v63', 'v75', 'area3', 'v14', 'v98', 'v46']","[np.float64(63.759728547631596), np.float64(12.893827060191244), np.float64(8.891259301917566), np.float64(7.449926603352169), np.float64(6.852967713500128), np.float64(3.3553902323869442), np.float64(3.687028528320126), np.float64(6.051728295504339), np.float64(8.976752993336898), np.float64(12.228160575901294)]",3.2675822374744468,3.349318869410756,3.4189150715200314,1.046411925861341,1.0293598274520148,0.7878264493353933,0.6722894251005396,4.075780677943108,4.108007930594971,4.259798055053567,1.3745140625043313,1.3724103743929896,1.0475584563735307,0.8942448711427482,1.011448208268968,1.0145148416941354,0.9703453586100879,0.05713157074275318,0.02432610077560371,0.037988828916468514,0.01824814431265598,3.126719896641468,3.1267198966414687,3.101652643176137,0.9196275815323565,0.9425683243636935,0.6751959038617648,0.6366664291197912,1.3188321356925363,1.3812936641922469,1.2538935991292715,0.6281430848258599,0.4326772427862354,0.5116298713561207,0.40611551047754657,0.9630636997643585,1.055021639802055,0.9338891618128491,0.22743461276835308,0.20256284372090877,0.19860306281928822,0.1544036675666291,False
f440,f1022_a,"['451', '452', '453', '454', '455', '456', '457']","['552', '554', '556', '558', '560', '562', '564', '566']",f440,f1022,False,2,forward_no_out_standard_k10_lda_nc2_sex_on,forward,lda,,standard,10,2,72,7,8,True,0.9783520102500916,0.021647978574037552,0.9976875185966492,0.0023124595172703266,0.5381627678871155,0.4618373215198517,-1.9589361602305968,1.3520847581929913,-1.9316173851356784,-1.1991685087766173,0.07654984830104866,0.0003379390101362616,"[-1.5054271792872749, -1.3906992984238815, -1.7320240813107957, -1.188391150493087, -2.2357488657699167, -2.664609031987612, -2.995653514341609]","[1.394055909927921, 2.4058591467235932, 1.4176157681352135, 1.6092063394772322, 1.5466111853283153, 0.4337683021790825, 0.6574766555795828]","[-3.5799115121125302, -1.646440026885898, -1.6807368337291773, -0.951471568915836, -2.050497276413154, -1.684191604684077, -2.800529176285343, -1.0591610820594113]","[-2.6168943444595505, -1.2827987480996723, -1.602732742623701, -0.8320657615749698, -1.3973472424083, 0.09811106632158816, -1.5588273054470474, -0.40079299192128576]","[0.7672186118245747, 0.13519692588972643, 1.0045317918176375, 0.20247006705602116, 1.048206140605483, 0.8063174662401503, 0.7798540653321455, -0.39572262693565524, -0.4745944749300688, 0.31553412181439167, 0.6288250604637488, 1.442017897076646, 0.2527838444302311, 1.3584378471457739, 0.2544197143380744, 0.24956165740656083, 0.26747176347692747, 1.3208844120305199, 0.5265743064911264, 0.7149686243736234, 0.3763298703555541, -0.24011709085850294, 0.38354403810079474, 0.07578500302947318, 0.3694898149639519, 0.31791738398586294, 0.44350030283890407, 0.07872269878001603, 0.5509814371935273, 0.0027140602552164204, 0.5922224340898337, 0.4649931163606113, -1.1403810113684898, 0.09214199932356487, -0.5708025588923672, -0.6003129100078034, -0.43239075375314207, -0.699926122217214, -0.4152957039046272, -0.16328281268414752, 1.1043574800749842, -0.3193358276004695, 0.03626916414656437, -0.5098924205731975, -0.036554162833070586, -0.1561180608591136, -0.06017927060956094, -0.175137320362114, -0.06256332946192372, 0.5681262879837649, 0.09860713752851483, -0.13357644396501592, -0.17693881107820378, 0.5731918239404058, -0.4280286972987149, 0.04808572937000663, -0.24201568853958497, 0.6439369652784989, -0.49067960156486073, -0.8340130056191867, -0.9314883186312325, -0.5398371463357003, -0.9698907717177953, -0.4767667661224097, 0.871670121556144, -1.304145386605955, -0.9662828450103121, -0.3819509548619258, -1.4422533308092595, -0.5304804106614653, 1.0449928246445308, -0.11025809873700038, -0.3440370634235219, 0.3437640164568916, 1.6421521914174437, 0.7006081486574313, -0.1199787665733227, 0.9422305441128466, 1.5223883049834306, 2.4276505319341606, 0.6690686892445208, 0.48586955203395576, -0.08199130977537576, 2.055338166075985, 1.5335375602391619, 2.188302206150321, 1.8871258050897208, 2.3600107349880295, 1.320969358768145, 2.310239643627282, 1.773630604527741, 1.4037322948911708, 2.4464219645884233, -0.03164808705801507, 2.111829704435655, -0.2629134918268054, 0.43861997116092355, -1.0873505597835043, -0.5146788203889073, -0.4252016175020062, -0.08556923459036675, -0.2219644946343173, -0.294266963996147, 0.7394154047521226, 0.5446949389259951, -0.08464701014163856, 0.9960684004956114, 0.46039174010582207, 1.0430985992667643, 0.06384620639132854, 0.5506839133123431, 0.9024746931394728, 0.9177342610612254, 0.22058636642597063, 0.49960158965444684, 0.32437471230095444, -0.5096620392345053, 2.393706725205053, 0.9725088785178353, 0.8351350634221353, 1.1967673253606244, 0.51441014229682, 0.5736431143201537, 0.4836712558750138, 1.73416095914786, -0.2975675443141569, 0.4040400466222169, 0.3909769979462185, 0.7591109162708547, 1.0370462121121673, 1.4839584009380693, 0.8151496605067454, 1.0258422764946127, 0.5679962083044463, 1.5031534188972404, 0.3156154551774397, 1.9450876020214853, 1.2411024420924082, -0.5294176072192509, 1.0628062004098706, -0.5265078484119278, 0.07185962742425432, 1.1491035021452403, 1.0813526715599642, 0.29915273405820647, 1.1482212519102508, 0.024985683833456177, -0.4631114006987541, 0.11918311020259428, -0.5448564838356283, -0.6366072538637298, -0.929335902030717, -0.06599606734507996, -1.402325392644212, -0.6371316234344796, -1.7854259808458726, -1.0966644589342673, 0.4755866770741877, -0.5710246637548049, -0.4888049065935931, 0.04430709961425161, 0.33448216546717124, 0.23320593886929034, -0.15377024557403013, -1.9350087292843334, -1.8357439462377416, -1.5819045194152348, -0.11471548072673644, -1.574082111877025, -0.903153525505367, -1.7738012220705672, -2.214504679709144, -0.00017705152225800373, -0.668469008484487, -1.0092172295494974, -0.08406286431983437, -0.890581785782237, -0.566637913342939, -0.9220537675770616, 0.49734194936946485, -0.5517665081224301, 0.025407969908331513, -0.21381696972292838, -0.27401741787259304, 0.46643559093083636, 0.48164030916712863, -0.5650418348988995, -2.2329711951356854, 0.705348297286614, 0.02024510662868396, 0.29768954056018454, -0.1676656032626221, -0.9169358299133143, -0.03925095705000225, 1.0433037897293334, 0.7900995138271497, 0.20559441146755603, -0.19876658460543925, 0.9819322318492927, 0.5478988099389314, 0.047466043406873305, 1.281318100742187, -0.016255450982249106, 1.8593123634833912, 1.0517808216301123, 0.2759426589994964, 1.0231950810375368, 1.869755136447999, 0.8719165559525252, 0.6765901637078445, 0.14595240622374941, 0.8676802092748542, -0.7462906381098624, 1.2055575678464376, 0.7474956704281324, 0.4706030677011382, 0.9400709102828654, 0.7555495207868531, 0.047818377503510374, 1.680947298178457, 0.42703061240989476, 1.028074753347321, 0.43800638112832374, -0.39934736951993927, -0.49638628603036417, -0.06880944660557668, -0.7454340878738125, -1.025850807220727, -2.9163497540709398, -1.7057315507554336, -2.8144633717684004, -2.5452523668554528, -1.6374801359379658, -2.220509947505777, -2.239702369159346, -1.938977382219938, -1.2628599222770116, 0.47611561378291795, -1.0641069362149098, -0.6494325720006415, 0.29752445756533813, -0.6216846187806011, 0.5280860617621078, 2.2669399211738632, -1.1671938681431817, -0.33799952468797895, -3.623546526267933, -0.17368522519916507, -0.6463436105877851, -1.106730853912433, -1.609968788812499, -1.0487005803628031, 0.04986725690957752, -0.12160710969466296, -2.9908603803123412, -3.017683054494585, 0.5055559493104547, -1.3307098052447028, -2.205345379843361, -1.8875458713337643, -1.0020289807860918, -0.11269260672253606, 0.02198740152780183, -0.021208827709667675, -1.1450168644423087, 0.5948303796966521, -0.5653418801055675, 0.14024911610195576, -1.9653503513471713, -1.791355460736508, -0.75905623894153, 0.2167465300672188, -0.8201640906358478, 0.19101438556826125, -1.3795799562843094, -0.393779940361355, 0.22961172989247428, 0.5950683106706232, -0.6427294143952191, 1.0019533313570572, 0.9178973716601267, 1.4114035913531506, 0.16699080605201572, 1.643795186506041, 0.8318949715512691, 0.5993255885783324, 0.760088726895347, -0.046826428875317114, 1.7755763168083851, -0.913519640598174, 1.5216520824286268, 0.1990049759466951, 0.5946959648315685, 0.8217124293597271, -0.19419373425729394, 0.26997097027246997, -0.8139134573095748, 1.4612430569090364, 0.7402153118734942, 0.9757079944628296, 0.7775447824967805, 1.7610946907633325, 1.115522159347879, 1.6745938388468098, 1.5042487228229016, 0.5406063889608722, 0.3872223044201322, -0.20582590788947486, 0.6769774428871803, -0.42112111091178067, 0.941221780816061, -0.48244751194471885, -1.2127721380746865, -0.9034177505045575, -0.32588004072118354, -0.4079236933521183, -0.35856481357532044, -1.3463051387505622, 0.6386764320664636, -0.7549436135706228, -1.7224367577928998, -0.17754060806063818, -1.206148087176644, -0.9524379258664201, 1.5885873558513606, -0.35486979149717635, -0.9105512962171941, 0.5933363677888303, 0.13626005205377856, -0.20998554671083472, 0.1510316213793022, 0.029714992752431734, 0.06559369924937516, 0.7162755658391392, -0.34336434638882335, -1.0284275360514934, 0.06320976433269694, -0.2487179809737987, 0.603104247388229, -0.3113306366207611, -0.4554958910907906, 0.08999527026860009, 0.8411835819050381, -0.1718302307577492, -0.3198967152567023, 0.745453528303655, -0.647587730888856, -1.6493809527371293, 0.963287683054602, 0.7112035179080133, 1.6726541508232318, 0.555549253321978, 0.3645138899513066, -0.38651537612938053, 1.0160754178274873, 1.435959649892857, 0.4043573191297445, -0.8590959788387396, -0.6733471493567963, -0.5263047259617555, 0.17275150234577644, 0.8907509220100808, -0.46784776149255997, -1.4312155648744234, -0.33977897325769485, 1.3616888436062877, -0.025486210802890204, -0.1695047014922867, -0.5717207530623385, -0.4043491845868921, 2.1229219884933173, 0.14956921486367192, 1.1743279440428578, -0.37906897006161205, 0.3311063152646489, 0.3642036455945683, 0.2169158850497526, 0.6136540216546357, 0.38126256770876826, 1.3071389132833469, 1.0068322387681348]","[-0.6745074917402906, 1.390534316884712, 0.163619500451725, -1.217415980103896, -1.8975340896000927, -0.45466479357501904, 0.39792347016875473, -1.230845265992201, -1.5811581651069435, 0.20344166207057526, -0.5178757202296956, -0.709704839689806, -0.8309736475485227, 0.47211669429726494, -1.6928692155750076, 0.8951967985255136, -0.16410595223081956, 0.7751704583556209, -0.8451560736731051, 0.02839242657635486, 0.07321385477156919, -0.14051230513715043, -0.6788172261892521, -1.0461529029377608, -0.053516202583127157, -0.8920721413504384, -0.4682659500161694, -0.7816949657866186, -0.920456269236503, -0.5877566457235959, -0.8573304309405869, -0.09117586006913816, -0.4842911036197254, 0.8264893725989584, 0.748252931691289, 0.660960804040852, 0.248252323009185, 1.460860638611717, 0.6058483169720206, 0.7249297538395558, 1.8712397977719122, 0.5785384779691974, 0.7985009919922244, 0.006082700625860027, 0.39460116712811566, 0.9035192771880041, 0.3391410307332476, 0.5737413830784274, 0.454841208978529, -0.2194146856842099, 0.20542087835855477, 0.12844819639346267, 0.22553386308560952, 0.08695469061470933, 0.9322270365476726, -0.31356326088743985, 1.2636225748064334, -1.0004733353473367, -0.10991185338138225, 0.065954919140326, 0.13911476653512572, 0.1986946071504845, -0.8916426558758773, -0.04419255720116699, -0.04704101550196463, -0.7519798448454825, 0.06198273682936661, -1.2446171692604113, -0.021890060473219265, 0.3814612210338728, 1.1745271482193331, 1.2255185728428624, -0.021673626087869553, -0.6106401016633975, 0.4553850816265575, -1.0081767517526903, -0.9086996529219307, 0.07049875449288633, -1.4234899690709348, 0.3287057315723214, 1.5729341735860651, -0.8858497344596001, 1.0676806715254796, 0.8044401744572869, 0.25587112273544876, -0.2708592215217412, 1.1599301953107324, 0.9595671542067808, 1.7254407372922909, 0.3408233456319253, 0.25901700769067265, 1.043837026142516, 1.9757473824358773, 0.5050479293472145, 1.245246725805249, 1.2962295823238015, 0.2727310054537553, 0.5099637759590897, -0.08630133915941264, -1.8473545963557525, -1.2289039342400592, -1.3037742267218349, -0.7746220139104563, -0.9238611148535291, 0.35389981533615905, 0.808335198006791, -1.352990066122641, -0.14818794229182256, -0.4540070755011591, -0.9600166333859296, -0.584654971191686, -0.28798875408639096, -0.3303018368235703, -0.6080389038554166, -0.046877577506792716, -0.6299976970083881, -0.7066399690905172, -0.9449034958833679, 0.14026262153498845, -0.12345412787226992, -1.1659437788782625, 1.5192079922428556, -0.4406329270031571, -0.4221426936641819, 0.8653931642850741, 1.0996627334242803, -0.7164175265637737, 0.3998380151998279, -0.1811653222982462, 0.291562047522505, -0.9087795576686454, -0.028855314704862314, 0.825805630504864, 1.0366371882572865, 0.006498530890467378, 0.16390892764074957, 0.6946897600386894, 1.5340408148713118, 0.10209851338105431, 0.011732097271937568, -0.2588685765637457, 1.7994258724465377, 0.884607018584783, 0.6594651593068592, 0.643230769905087, 0.5443521210803216, 0.05646840792327159, -1.4079448343411574, -1.4203844950053717, -1.5570159677524469, -0.8862753036473535, -1.1048376586392417, -1.5034934965162063, -1.284939123097115, -0.8138489718069991, -0.4675593035133917, -1.1083336639786552, -1.7764085815173647, 0.40697843188576555, 0.5154726738056028, 0.5388654908092997, 0.36926672950403794, 0.2302674949760213, 0.3416018875824684, -0.06314315400591802, -0.1614570115216926, -0.5385247648572127, -0.11368132721357425, -0.8890948387733086, -0.09297639667389232, -0.17449059039930168, 0.5537358259001713, -0.4209156157061886, -0.8443934919350126, 0.8876383542491233, 0.8815083907003785, 0.7781951119317311, -0.019474364875348763, -0.6698672628665716, 0.056742896162584114, -0.22691527096903522, 0.922170510198045, 0.1321010821799007, -0.1293416335268663, -0.12005317874856491, 0.6201272926412008, -0.18387693051589915, -0.5361685917821588, 0.9592745691054737, 2.502028541221622, 0.9106429665474471, 0.9800062989960375, -0.03384049806631329, -1.0040960258831026, -2.412154251306604, -1.1937496879224199, -1.08500017947799, -1.6066162172901177, -1.637886547912916, -0.8788109479901709, -2.1936031443392108, -1.0680479138204246, -1.851801419377082, -0.39213610391692194, -1.4266499213056854, -0.8096386471690292, -1.1628377332680049, -0.4482608282301182, -2.0118854070023446, -1.2210558516894794, -3.104312559894559, -1.86902951567539, -0.9190399780888155, 0.40447116568207797, -1.390392923605041, 0.7742556838053475, -0.06550321506702074, 0.10100832942712822, 0.9330473573057755, 0.8241285967118733, 0.6189120837629056, -0.3225853023005168, -0.3300831136763196, 0.5422044289306479, -0.22740444269194882, -0.5038124043409427, -0.6612951592077412, -0.6111497042590563, 1.5171828951380182, 0.12408604341290197, -0.44116116290410934, 1.3326622917542992, -0.0814087681104952, -0.2490760815255595, 0.6317490904277386, 0.1268439570512753, 0.12993262566530653, 0.2871380481435575, 2.1050104781840404, -0.6632623481056604, -0.896713682826916, -0.42318142800939046, 1.4112485535431234, 1.342980244248891, 1.238871911854774, 1.569804128840072, 2.32115737119154, 2.0825417345520365, 1.187003108750024, 1.464066050966907, 3.3144091849327486, 1.666128057527118, 1.3373414667993475, 2.0071184613822064, -0.11919439540522703, 0.3212453188339426, -1.3488380015409422, 0.7214378311956026, 0.04885328520991766, 0.46909877879875556, 0.3844607374543856, 2.4220504475849687, 0.7692976230196019, 1.5313603636006763, 0.19455348670211323, 2.121185928225137, -0.5601245340278969, -0.8955294496972057, 0.7647633934625991, 1.486255530504526, 1.5265457395499396, 1.2887809649665685, 1.5539253103272006, 1.3950730407310312, 1.101821715168248, 1.6076983057572247, 1.5739482485081788, 0.5073819456489606, 0.18161130323463953, 2.3450433614078854, 0.43047827058755417, -0.1447386697321016, 0.9029339389215285, -0.10175514919746596, 0.5691669811145559, 0.6309591119317682, -0.5797112818074577, 1.1726332120575929, -0.17746626480017308, -0.23510782050653298, 0.29463933913587537, 1.5024597008717306, 1.2493020504129357, 1.4269557122650602, 1.14726031645854, -0.1346952394103291, 1.3883176711625353, 0.47168693759680425, 1.358047222253936, -1.1279490556224445, -0.2182554347411505, 1.3086481620243307, -1.2635853757850082, 1.4860416762191666, 0.4494319246624932, -1.7428014599322144, -1.809255755768389, -0.022551955765783845, -1.2161314344892458, -1.1040453264407193, 0.8987036597109745, -0.264655840240698, -0.0010660422513125915, -0.3534108688671167, -1.6976774544415592, -0.8364969134974705, -0.7637100739725333, -0.7177860349100607, -1.07015176128327, -1.0294996492976187, -1.2206423767081616, -1.7473979621125197, -1.3201099422642688, -0.6320451068600925, -1.1624637587568345, -0.9618019165158123, -0.7432321639194479, -0.303893917983077, -1.690839453212307, -0.9752111016894809, -0.7830179579543649, -1.9167778740944208, -0.6199876560159312, -0.9810671151091869, -0.6789968527244664, -0.6788602407549801, -0.7892844792861701, -1.409523870644329, -0.2867578725060406, -0.07800562581436524, -0.08835907625857735, 0.06322819888894379, 0.0016647946604387903, -0.3454982185018839, -1.0083104793698108, -0.7094155708279617, 1.9355143396367225, 1.5384237581751898, 2.0329915123601117, -0.048989232302300484, 1.9131008347969234, 2.2935562690189575, 1.2439485423943357, 1.706149569711023, 0.09957414278827112, 1.4061988956336013, 0.701615518165733, -0.2262255106150785, -0.6533319194849552, -0.8351532759935153, -0.17621175072580275, -0.15747931433972628, -0.4824121714805898, 0.5295170520171625, -1.1967939036883588, -0.36180417165847106, 0.12201358170647746, -1.2081208278579425, 0.005159703198559841, -0.25790713918862146, 0.894702721488445, -1.0893788773314268, -0.07918613370530249, 0.20424955079702214, -0.36876153320965555, -0.6494263409730763, -0.47804791376438893, -1.8228916095072154, -1.6692413338138588, -0.5678612179309075, -0.7554655562558593]","['v36', 'area4', 'v63', 'area6', 'pred_proba_m', 'v86', 'v60', 'v66', 'v2', 'v59']","[np.float64(39.26074168942093), np.float64(9.946104430116767), np.float64(5.712405319316568), np.float64(10.958262081422712), np.float64(5.889518111823034), np.float64(8.096696153502338), np.float64(6.627087430269089), np.float64(3.3397220746306235), np.float64(6.347106426325953), np.float64(17.759068249120602)]",2.5513995272586745,2.7744349063403875,2.702502017781127,1.1906610920533953,1.1696218563759686,1.4973689351351265,1.333641077800654,2.5785720420645273,3.385682857101503,3.13581328032761,1.5878300401890375,1.5417030493669281,1.9868255838552893,1.6843028841154186,0.6003935374311609,0.6281000749738389,0.6805757877741115,0.10823333270691847,0.07475898876751308,0.06835494105552069,0.017716650329709316,2.5512532669696086,2.623537354113246,2.6886345871312396,1.01230847594785,0.9882433785883797,1.2806501903726863,1.1369407459778051,1.0070218221588174,1.1877372749582804,1.16659002402178,0.5118628701237429,0.45041920083916986,0.7325829721499665,0.7264966190985254,0.6377127004612964,0.7581738891144392,0.7964163479820019,0.2385849553721533,0.22177948316827156,0.3216324696178911,0.32644482997948926,False
f440,f1022_b,"['451', '452', '453', '454', '455', '456', '457']","['553', '555', '557', '559', '561', '563', '565', '567']",f440,f1022,False,2,forward_no_out_standard_k10_lda_nc2_sex_on,forward,lda,,standard,10,2,73,7,8,True,0.9783520102500916,0.021647978574037552,0.998424768447876,0.001575226429849863,0.5381627678871155,0.4618373215198517,-1.9026860550485283,1.5200719613093108,-2.141916515772951,-1.1868526806804438,0.07993211157880131,-0.003007040114754981,"[-2.2611229930088608, -2.019014468902493, -2.3253464259802468, -0.8314013150973936, -1.4269227114922391, -2.492414301874437, -1.962580168984029]","[1.8453284289969092, 1.4101989157559263, 1.524662725584505, 1.6321423799191768, 2.138503976492676, 1.0108171320660704, 1.078850170349912]","[-2.8052755387749735, -1.0621009929790668, -2.0516770057975138, -1.9943647443520705, -3.2074595309031726, -2.64115273066944, -1.90566249407125, -1.467639088636122]","[-0.9547533875182169, -0.7199469415406667, -1.0208164888771198, 0.16664538274250185, -0.8214772329277031, -2.197701203291484, -2.1764654603002285, -1.7703061137306326]","[0.5771153999915457, -0.056519837517245014, 1.353539586329578, -0.3288350590301334, 0.5983356767385871, 0.21627148901663618, 0.3340009126094935, -1.312744861503438, -1.6577664269259367, 0.7052445250489495, 0.17318348891687244, 0.3712810628990684, 1.703195133202676, 0.2345989627301791, -1.0411628434870226, 0.6583937496774454, -0.13353263660748838, 0.5818497876298236, 1.1463299425610802, 0.00023257356719867214, 0.3344460591628408, -0.594296233612626, 0.273227872238082, 0.840660754794197, 0.3590399393753086, 0.10084446280317512, 0.23066914343891357, 0.567907152566869, 2.8091971846820805, 0.11891748940050857, 0.7399889535947782, -0.8445343072658342, -1.8408487623605911, 0.07335916535651008, -1.2702993947376664, -1.071680681197673, -0.7142190650900556, -1.0973031700319318, -1.3456379467949604, -1.4263322194875707, -0.3444789828312758, -0.29977582022288624, -0.13565951939138846, -0.9445199867516259, -0.4377818182530236, -0.4424217924858177, -0.7059588734268057, -0.3696673410412772, -0.7505023789249928, 0.713745775029656, -0.5059673578492067, 0.11333633448169161, -0.7496092833900094, -1.2683762455342147, -0.1112278417082616, -1.1819527628016249, -0.3337598130817982, 0.7093366740465742, -1.1873313468491034, -0.8089570213601303, -0.2962212749108046, -0.7794046921273501, 0.44241003155104397, 0.8106826444578424, -0.0333620219436567, -0.5880291267656339, 0.14154866672364902, -0.10847863048908837, -1.095106494351307, -1.4496523219511048, 0.20967862958759467, -0.7650509538199656, 0.011331515768742379, -0.10415859345796234, 1.095795712976418, 0.13602733619327456, 1.1403144940761265, 1.3695615598701754, 0.4492526323168733, 0.5993370013957944, 0.602066610580108, 1.097718082200613, -0.6377487081997782, 0.08026726018987494, 1.2896240721599759, 0.480340476507128, 1.3914088525469486, 1.9631365953120177, 0.46462576259774585, 2.314644511863257, 1.8202046643429735, 0.10383116779848672, 0.6788230036463098, -0.4071610950132424, 0.26421753974633133, 0.11032435039318243, 0.5010685189942369, -0.6735829613250213, -0.7801566539688596, -0.8755335957961156, -0.10430842180841321, 0.3683638491397164, 0.24346162934115445, -0.03720755420310923, 0.14537025503495524, -1.2944591226072173, -0.5326894248035119, -0.17762942977268623, 0.10852767026676166, -0.3099830064528702, -0.42481685988196877, 0.7725277350560864, -0.6954466493729886, 0.6392273042912293, -0.5240873513828616, -0.3499482046606563, -1.1770110047678202, 2.4292392838488786, 1.4162920638329204, 0.1017881273524238, 0.41593887842781924, 0.39240377188554637, 1.2034249207986483, 1.1595135679954016, 0.925136538404557, 0.3931093287685306, -0.5075959146872725, 0.09943017998064867, 1.1507582403371277, 1.6120471265141352, 0.9919616024880921, 0.6612200744585409, 0.27301334089447393, 1.2101414008210984, 1.668897632472741, 0.9588595226345006, 3.3794647820415373, 0.852018031608618, -1.4217600088061253, 0.8493527310141874, 0.004531883544859441, 0.4644065718924982, 1.1560662282792966, 1.6707658539064925, -1.2176705606130782, 1.8269929163816583, -0.12077496867809165, 0.6874382516016035, 2.286229633695325, 0.6836003315770277, 1.5131525986074217, 1.4015175999715594, 1.5726414375389166, 0.6358040488455248, 0.3727405618894315, -0.7719474190036638, -0.6574312866615575, 0.6060999768216174, 0.057841051142631654, -0.17549030028198703, 0.23533183928319704, 1.5636659717944876, 0.09076836096591807, -0.08803545705434955, -0.9654326731734693, -0.8943346122393182, -0.13238560424764462, 0.9439422282974388, 0.22480375408557532, -0.9526732029979774, -0.3975501120558314, -0.8521955939050418, 1.798758531437356, -0.6689832826891497, 1.2699998973994202, 0.2635235580046443, -0.6256339755157592, -0.27754621689677134, -1.0386425745078278, -0.754205465326407, 0.20010283075795637, -0.7794111687420349, -0.806431102104611, -0.6599252784751237, 0.4547748016200797, 0.09639785103186344, -0.6685865295208442, -1.606484511378856, 0.9537362603122131, -0.4766798840001182, 1.4154565386125437, -1.0905606729182669, -0.37805739056662196, 0.04491595666237467, 0.8905514564960734, 0.13354602695783288, 0.7123113520196972, -0.14723382434561222, 1.0811222932526166, 0.9643392156936056, -0.3150962964170872, 2.310682690283468, 0.45638023964216806, 1.9071849707994517, 1.1532458895457338, -0.15028508534045992, 1.4820652413475428, 1.2728880811462118, 0.17370217668309829, 1.1878790492846523, 1.3203589918082215, 1.7420862210866606, 0.034935167278555536, 0.46250158469162334, 1.2727571052309405, 0.03381372717028784, 0.38326700500358646, 1.230343921379892, 0.5532724786245058, 1.8275152114134214, 0.5924534288127004, 0.5972057365531359, 0.4853607814670574, -1.3038805509428784, -0.5712046062909801, 0.3774378760494534, 0.4202513903907658, 0.14674448457556383, -2.6349448430279243, -2.0967146478902245, -0.6443754944047827, -1.630900835303899, -1.0530954822904297, -1.4232123471509344, -2.0273967252946625, -1.5140959062137356, -1.4961639050299227, 1.8176522252592306, 1.0309773553679031, -0.16801995717998225, -1.3271682202750619, -0.9877990229242096, -0.998233591858667, 0.35919225349397255, -1.428679130981641, -0.5513581648313882, -2.8480141897539197, -2.046412408040749, -1.7933488281799979, -1.2194126797693379, -1.532260813288353, -0.03752826985846969, -1.0181088506969709, -0.7516662120386589, -2.0519728747826096, -3.458107992216028, 0.2431019401096262, -1.7146784750773174, -1.1789929542257866, -1.2588063766885011, -1.550889001389982, -1.0254937822570949, -0.9038313854651735, 0.050865515106112924, -0.9672479689917287, -0.5290266740972779, 0.5438258831965723, 0.863414040290404, -0.8603867552054301, -1.3872920725750462, -1.1765717737084973, -0.6688776908015605, -1.0639659575561742, -0.26710496945331885, -1.5972111072763366, -1.136807795884442, 0.5472249873491569, 0.8072200143875894, 1.3498539653804091, 0.3706556768525661, 0.7422075539747772, 1.4749507040959964, 0.023593390808242028, 1.3495004726853654, -0.5867896712157903, 0.5122816109797391, -0.5842824302735351, 0.8861932041863502, 1.1859913528840704, -0.8374608041665165, 0.4273227664913484, -1.512503525583871, -0.590239763051259, 0.3005097793550945, -0.5150954106587599, -0.12864470243719045, -1.6596840028240338, 1.2416079843840426, 1.2639280673981537, 0.5980903577712832, 0.8550957473137203, -0.09754707273617709, 0.524808707711369, 2.2228963975553993, 0.48020585557576884, 0.27052279086042536, 0.3685129504142811, 2.1297094652596913, 0.19745131915328573, 0.5362713713656944, 1.1821335338806211, -1.3108981232095056, 0.03332943107555114, -0.6941643666300265, 0.6634612042017295, 0.7373849974051001, -0.5568671505314101, -0.24673291820289006, 1.262250081253243, -0.0004395861262347104, -0.2625552657012147, 0.82734801395128, 0.14433219491217975, -0.2728851957743893, 2.1061753823505462, 0.9030713358944501, -0.5192776168099019, 1.878828799813988, 0.2639472409271593, 1.264213781668308, 1.1127423186298167, 1.2254209859166807, -0.5139001124034223, 1.4708564364297443, 0.6144464276015537, -0.24492608219932308, 0.2467233560494769, -0.12901808393531972, 0.5224884727314857, -1.4679287992233392, 0.20924978475023773, 1.045849782753468, -0.1699905443897787, 1.1835973894614544, 1.6566195861480448, -0.004575173545561834, 0.5285153400036852, -1.5783215031314237, -0.5357637451911962, 1.996116717721543, 0.23426968468109985, 0.05505898206533969, 0.1189077678702564, -1.2668338405985318, 0.4687351873922648, 0.5645546005852852, 2.405026450612716, -0.5019594699279333, -0.048306969196122845, 0.1530126116308448, -0.21751753474544394, 0.9652315418173018, -0.34141942092667177, -1.7589764807860249, -0.33594219677958664, 1.1364064282993358, 0.33444635884946045, 0.017602968435668574, -0.20699244990645418, 0.5324940540987485, 0.06474627950028161, -0.48963115284483494, 0.1890648995192723, -1.0839714165368768, 0.5161948547776711, -0.4177433733253191, -0.8845731221151368, 0.4462818442925574, -0.5080122303544964, 0.40872738525717683, 0.9760120109463636]","[-1.4949010583599665, -0.8797684517971663, -0.03714612946586468, -0.8838304526258205, -1.2738793690586268, 0.6406825727512363, 0.47032141420627027, -0.718863299882122, -1.7152138054263204, 0.07717581684755519, -0.4722932496578594, -0.4496148366484102, 0.6249365334657545, 0.6823071535672992, -1.9665691489379835, -0.5913644221066064, 0.31708185329233607, 0.2603866338368579, -0.13491492100856994, -0.3932103469548514, -0.77582979199043, 0.17827590157569734, -1.0027264838495302, -0.6462454644015558, -0.6245401266150541, -0.06384105585203809, -1.2642101544137414, -0.6208063730267328, 0.18538091837550302, -0.4393044256621647, -1.1619608939469832, -0.18266858825849816, -0.05275337885111541, 0.4018003846931728, -0.07979631555021445, 0.7479464928626692, 0.1268892980561032, -0.3796182281004147, 0.15141864829956853, -1.8995963363721582, -0.9310417857049256, 0.16354941438094972, 0.746176930174073, -0.5623181561269839, 0.578359216653467, 0.08845073871285859, -0.5268365383789411, 0.6199828156902726, 1.2262287357468356, -0.609635813475756, -0.7079948005679528, -0.4105729694380151, -0.2478020527869966, 0.3704120403489493, -0.008008302009277473, -0.3451338905802856, -1.4799270209986715, -0.4498067917391052, -1.1492061696196672, -0.2693028397683815, -0.14931720506346413, -0.14818710597943083, 0.677860062238427, 0.571850457852184, -0.5432310106975878, -0.4565956823269774, -0.9120102491194993, -0.1932350583163015, -0.7488879757165507, -0.7509183825720146, -0.741403568596357, -0.10387146747658729, 0.15608731585128416, 0.1089782328453608, 0.8347245190022463, -1.0285941324370194, 0.4161854210481593, 0.5825865899218973, -0.9132744441202341, -1.6940667936130736, 1.5546285699859994, 0.3425491543136178, -0.315128872850212, 0.5956867298228851, -0.3956764371928608, -0.6805660562498462, -0.3009347554859639, -0.7551724141533568, -0.7936020756844115, -0.39625777748063457, 0.4782639035131633, -1.1958554996803306, -0.8925897532900299, -1.438295258346594, -1.704912729212448, -0.02455845293458479, -0.981626713203187, -0.42495550311572833, 0.7733691989984458, -0.7088033601192824, -1.146410025356447, -0.5246190239687858, 0.22423422496838782, -0.01456034197858324, 0.4469652694325695, -1.5960617888074045, -0.6353989185118597, -0.6681202822926767, -0.8071459822089772, -0.8271349786188663, -0.5170633141099299, -0.8585033578301955, -0.9457080697194468, 0.30912615930287546, -0.3142772796498063, -0.599916149611877, -0.8421758706210604, 0.30890271939251, -0.3766145130312975, -2.370602519533525, -2.5361898866680264, 1.2543843331278415, -0.8884348891628898, -2.6341617540071844, -0.0814221208138321, -1.3934915752646153, -1.0146475465810327, -0.1311987571045674, 0.2724085081387316, -1.4278152068604506, 0.028489313492351186, -2.613514190937944, -1.0114580956615915, -0.20883537145275635, 1.2973170055602095, 1.151034318175019, 0.7832027675927186, 1.7865222773402372, -1.1264780036526911, 0.2699554573152799, -0.5941029543607073, 1.5595982603086536, 0.49742058066917255, 1.6405743318497408, -2.420373818853727, 0.04613630978637016, -1.285191325931989, 0.3878642016486364, -0.010145167124341938, 1.1412379448310896, -0.12114668667521149, -0.5004518152274526, -0.0762231327002084, 0.662465134890515, 0.09699190746197074, -0.10350634567110377, -0.9356730485178362, -0.7199755340878863, 1.3878171563253292, 1.1081558991585627, 1.1660642411777866, -0.10453310694070682, 0.3080867584763513, 0.10473639576410912, 0.4050227982709825, -0.5518282508862772, 0.9269214192688815, 0.7139416491459634, 2.5641431346002577, 0.07528684355275958, 1.2715035685909757, 2.1094756460078727, 0.749259845728317, 0.10021909704677902, 1.1637285849663412, 0.9698392430047738, 0.6981369599480728, 1.4975561527577863, -0.28331813246610615, 1.3879909622183884, 1.3923237214311857, 1.6360928152137257, 0.943835881663513, 0.5574898532515716, 1.348376026788428, 0.6245392924166954, 0.618829720311118, 2.004669587182819, 1.617135152648453, 2.0325971189988628, 0.5178662065031334, 1.679499874651198, 0.3459695836886803, 0.4586775863818034, 0.996909072565101, 0.05626943278076396, 1.2877110832729286, 0.15262796295062261, -0.8359617768898254, 1.262282051119163, -0.7483113260689793, 0.7252754775479225, -1.7235933429776689, 0.31974266800744205, -0.344896319560215, 0.7646132777730993, 1.3524114690167552, 0.6822202626512522, -0.5334070691047855, 0.2582771508145498, -0.813861894954853, -0.7610228288368074, 1.1824127281017758, 0.08714464866049217, -1.1233809567935487, -0.12185152316939991, -0.1051661721735441, 2.1320916978878888, 0.7981773949931082, 0.6395619085773236, -0.5174676862479227, 1.6119108403631786, -1.1620366479660906, 1.0391655528781187, 0.03243413147369206, -0.6751343373464838, -0.5269514000993019, 1.1640135600869923, 1.4625894770878556, 0.13825087869111752, 1.2937728297957864, -0.1078171661718044, -0.15558846756507932, 0.36030669466377946, -0.759583969772791, 0.4695567830536206, 0.19898996249974876, 2.2464470429018153, 2.6441349171178885, 0.9852134699460026, 0.4272544272058364, 0.9926977338386388, 2.351733070178347, 0.5527281419129533, 0.8464773930424242, 1.4137142710023185, 2.3016478722374627, 1.9672065759436115, 0.051469885471131537, 0.8247741236580053, 0.8745482618272837, -0.38696063051791346, -0.3331354415518521, 1.1350688731136802, -0.5785384953114093, -0.07194858025284442, 0.15076465508181588, -0.737601206155857, 2.4878202151372335, 0.7738283669545489, 0.5576175594974071, 0.05146837083654591, -0.2874707575544386, -0.9163721132045887, 0.8279117817545321, 0.6017806098679631, 1.6980073091672976, -1.0399758245032755, 0.6736366755084084, 0.7667669175098911, 0.6890797282459167, 0.3497078229474788, 2.0628023623570826, -1.3693797243824022, 0.5890537451253492, -0.15321760964185674, -1.395686213101625, 2.1024117972115755, 1.5670119983131592, -0.4595726723638734, -0.8593400816075066, -1.4002187176543115, -0.5158366844169516, -0.6704746273259742, -1.2033310182560744, 0.5723447118383572, -0.1724844851350709, 0.4594090057245759, -0.4051716492919086, 0.8541176979690129, -1.3363286373925956, -1.499341448308854, 0.6821431118222215, 1.5451081267352016, 1.053223068025898, -2.585269503733863, -2.224899370881001, -1.3135551643842618, 0.4455736128248172, -1.2745562241348571, -0.27553138310128633, 1.398759076408706, -0.7652782109424972, 0.028573730462303337, 0.033619327305401875, -1.490068324215259, -0.9132995812649941, 1.3679936858431432, -0.6228147931604069, -0.21947184818834384, 0.19321296987952558, -0.403012134755296, 1.765083908046075, -0.5560800522880188, -0.13043684455759208, 0.3461189470153118, 0.16221191550407082, 1.5757774000561804, -1.1634505434794498, 0.4219730538306288, 0.3608581176539809, 0.4259964816645373, 0.0844060416578942, 0.00036784796998703273, -0.3872710843363507, -1.0345109644389499, -0.46496194027898835, 0.24574603410467777, -1.215458755800842, 0.4101830378017842, -0.8159999689003938, -2.219725217959807, -2.0780753950656328, -1.376088441992278, -0.8273037814225089, 0.1880834830442671, -0.601546022407911, -1.095298697171711, -0.23188171018343834, -1.1271720826201812, 1.2520364956315295, -0.5145565714436815, 0.13263104089889646, 1.3375247404482185, 0.8290090381551279, -0.05491369970499662, 2.6467670152218874, 1.5890982237817852, 1.3708645177905037, 0.4121427949104938, 2.0750212587678383, 0.4133369088061527, 0.080137744184359, -0.01237218292377955, -2.365183812618717, 0.6360478655912281, 1.7914947664051064, -0.51058335564422, -0.9665985959117701, -0.8290824645985893, -0.5439619011696053, -0.6623763758851033, -0.2500478229503359, -0.2332904703722467, -0.8955470363491391, -0.5208244407470294, -0.4163698918206818, -2.03833984750435, -0.1657482306036857, -0.9513265651646949, 0.14664431257868504, 1.1750126193139414, -0.6800886710878034, 0.40023856280686915, 0.20520193598313166, -0.7292576187648772, -0.19739221330917997, 0.43831749813763116, -1.5955135986756512, -0.01909199709491493, -0.6448354417550659]","['area5', 'v50', 'v34', 'v53', 'v19', 'v95', 'v60', 'area9', 'v71', 'v10']","[np.float64(25.631153749843335), np.float64(15.609598826359637), np.float64(10.025231669586237), np.float64(4.871309358392409), np.float64(8.718796120489083), np.float64(6.21803616931532), np.float64(10.683443138377687), np.float64(18.62175221896804), np.float64(24.656817013209697), np.float64(8.681821681629653)]",2.7174753413324253,2.8522185465851737,2.8777126363445302,0.9076608577927461,0.8659704234337002,1.4354563281044581,1.350067557556419,2.9461551027141777,3.4252099538627467,3.388688987418433,1.1634656883875274,1.101882992968345,1.8112515509716578,1.875582820169897,0.6191366987199882,0.6555565950901665,0.655688014820903,0.06506626573086685,0.0440450160494914,0.10248484288862526,0.06256949927271532,2.7069246419897546,2.706924641989754,2.659882265360454,0.814505736966622,0.7664782586469971,1.2884504019356817,1.200278329085362,1.0591480761176082,1.1619151100359881,1.145430341512625,0.3622777467492685,0.3408376135570312,0.6563714199967042,0.5816151792156496,0.6729728167760263,0.7624790709354864,0.782621629249036,0.17513258930884984,0.14899813934138362,0.28697225971855905,0.2802612686369252,False
f440,m1084,"['451', '452', '453', '454', '455', '456', '457']","['595', '596', '597', '598', '599', '600', '601', '602', '603', '604']",f440,m1084,False,2,forward_no_out_standard_k10_lda_nc2_sex_on,forward,lda,,standard,10,2,74,7,10,True,0.9783520102500916,0.021647978574037552,0.08153398334980011,0.9184660911560059,0.5381627678871155,0.4618373215198517,-1.5571133618043727,-1.722752061125585,2.352755598237809,-0.7702736022440014,-0.03314373346390409,0.05186876758613929,"[-1.6907677071397147, -1.5140757984650384, -2.2579641012689504, -1.4678548137530287, -1.5158305488900385, -0.7830254640846611, -1.6702750990291781]","[-2.884845059264365, -1.3359699042261828, -0.7092508361807154, -1.1427909183557117, -1.1127485136073092, -3.4494025032627618, -1.4242566929820493]","[3.0728504911654935, 1.377840900790806, 2.9182515461982006, 2.0355708547021334, 1.6866945737332115, 2.818898297944845, 2.7386543598210227, 2.0189105142076964, 1.7870339526491883, 3.0728504911654935]","[-1.38552510070588, -1.498201591265929, -1.290904399074963, -1.127815668037811, 1.9164823763527057, -1.1771983999672655, -1.1847944854434254, -0.8934731203739256, 0.324219466782361, -1.38552510070588]","[0.7764158808505506, -1.258513225993318, 0.3451668359569273, 0.37823112035090517, 1.4475788263364644, 0.0799783951783608, -0.20193629658901907, 0.013466061913997683, 0.689814129098209, 0.3406243383740393, 0.1441793328291361, 1.329011096505756, -0.3710224690920082, 0.9931294086495215, 0.3245374959166717, -2.295548069332052, -0.24559047542007656, 0.6044925158960424, -0.11709745024495362, 0.20512150502665605, -0.5661033959806936, -0.3356740598875795, -0.6224764556594564, -0.12677563725148241, 0.23730639012173993, -0.1229143023306963, -0.6109393773380497, -0.6455862592682363, -0.41705862776156, 0.5681954958176387, -0.08071096546329959, -0.11547410199500023, -0.09064733000722394, 0.16570429530139527, -1.7043243350541604, -0.002381583206843141, -0.3507453584862007, -1.4137138837698735, -1.0180617209671816, -1.2885779623815863, -0.6202561416858311, -0.14437746551386238, -0.6692749790390999, -1.2040545114672068, -1.8980988480493193, -0.657250191202744, -0.9806039724459175, -0.1405124416608926, 0.09274335968122409, 0.3335986492483966, -0.9169088740906448, -0.44679350104453563, -0.7390518685870318, -0.23871318997081054, -1.1738102331213451, 0.45070438633458115, -1.6551001696317564, -0.037163082387040976, 0.30386074526865436, -0.4964991831238921, -1.4662658381419618, -1.2489923090173234, -0.5259226971009171, -1.0558532671512908, -0.3787868256901274, -0.7786930163016453, -1.4972583755291242, 0.3014929858299682, -0.9201465928145136, -1.0481519396350205, 0.15259908389226384, -2.452129989829538, -0.7797831855193069, -0.6304373371586287, 1.1216700765384269, 0.18951551676065576, 0.1803598498741856, 1.0002076574409233, 1.2169122663610774, 1.0449108988002567, 0.02432779902421727, 1.4213122899513846, -0.6824112732758556, 0.6691778552863319, 0.28863823475525074, 0.6877675906697995, 1.3790342705446301, 1.017902637086736, 0.717927039474911, 0.6469212214508254, 0.9784778195442224, 1.9243256659609886, 0.34986630126961743, 0.06705263579908222, 0.6291238780616225, -1.653710728244783, -0.5295811606352814, -0.41212693305227144, -0.45172153557774064, 0.9347110100249283, 0.9193418164608811, 0.6486486196922224, -1.0484390087339284, 1.1540876657669792, 0.1442924525337766, -0.8783174643695838, 0.9980293618043347, -0.637427562559157, 0.4411921811111615, 1.0126220020935166, 1.1576634412969378, 0.6144653170746563, 0.3958805805725217, -0.11503137308509018, -0.19796214000041887, -1.1996694216403931, -0.6320884669720654, 0.19855029180303024, 0.3803887328631282, 1.9193231545704397, 0.5425648893817941, 0.5658725059657682, 0.5572338646373486, -0.5049509877232333, 0.24552865913179162, 0.4729977547826617, 0.09290131859742953, -1.188974907977926, 1.0615031688531722, -0.1690322647969477, 1.8714604971191857, -0.5151077726317947, 1.477427146903105, -0.975614285658435, 0.7341401565276221, 0.07452338652561609, 0.09045173934160423, 0.4529968507705203, -0.6443642038465593, 1.1336231057704118, 0.17877912520454697, -1.3615763999109267, 0.531472437771558, -0.03876885770127964, -0.6826947251979548, 1.792648363766507, -1.2950199916844403, -0.07269381623559519, 0.01232697112534448, 0.24931632148991628, -1.4849032694931212, -0.22973623716583685, 0.642917974219188, -1.7546210273972744, -0.13948789613896734, -1.0983607482020812, 0.17255544101204412, 1.2578769852881373, -0.15689907212058266, -1.6284092841986697, -0.754802012113855, -1.4749909357485003, -0.7899108414877578, -1.0411049661846914, -1.5934035012664034, -2.051186906823609, -0.6594824584157315, -1.099044811433468, -1.4437376763589929, 0.08342275127768738, -1.3093085959629964, -0.9993301618269255, -0.10336262206879508, -0.790450653890641, -1.2019002876411733, -0.9585258140503155, -1.6730025188277218, -1.3229242722610792, -0.41907124048433264, 0.936089413760271, 0.028076149763836652, -0.08649126790570275, 0.6510618632813756, 1.1125434531806853, 0.6582376923162675, -0.7397805396579247, -0.4470228647030499, -0.24086887048015104, -1.3507762910801469, -1.103396331374719, -0.005391204362087458, 0.7377146771343132, -0.6781098409994962, 1.5718477720943704, 1.5319042512725483, 2.5873058863081755, 0.7009097670561909, 1.6969661650604881, 2.2052534442766047, 2.2171215699112925, 2.46540003520348, 1.536869747270416, 2.6371930318454577, 1.5329625120880148, 1.317170341083482, 2.6114268536736107, 3.2882993911021376, 1.5602808629781448, 2.3784135073784913, 1.7118116617906236, 1.660278327449611, 1.7982178938178206, -0.08439826059080223, 0.22616979511979832, 1.133600315713612, -0.18019694911715667, 0.6366125597753834, -0.254740132107283, -0.35246868719818364, 0.7482612707306349, -0.46673696751353394, 0.32241289293181113, 0.13936878905387148, -0.4502999186879662, -0.5585675749984712, -0.5127743955791912, -0.1940607257651306, 0.21084018853043107, -1.3068832968023565, 0.39495724521181796, -2.6640982352927023, -0.6133270397882462, -0.6826450371855592, 0.6598108809558166, -1.0074518419325516, -0.8091033093913188, -0.7271423261970867, -0.4511106636961718, -2.231593446656706, 0.055241510093097, 0.18150585197957916, -0.6482320255210566, -1.1518821793302059, -0.47105173510095677, -0.9038109839734463, -0.6087363951380644, -1.9432531854359862, -1.902563152478762, 0.7713803191746862, -0.19725657177469152, -1.1959656130716836, -0.9977942073565632, -0.5949092922624135, -0.5417654685058384, -0.7247140655899748, -1.4116775905813925, 0.5744264404545215, -0.7725896643428934, -1.644296165292625, -1.202847127950717, -0.6038768652564135, -0.9501403837445183, -0.12461926280542861, -0.10452088184697378, -1.4712468891910435, -0.7033523697723852, -0.5346125700002751, -0.5735875326600615, -0.971571837164922, -1.1685694757946965, -0.9105354742240642, -0.17736361662078248, -0.09919799398882477, -0.21507096028759431, -0.4996952884791922, -0.01944294376366259, -0.13052667113380922, 1.2048244480965498, -1.0960961763419446, 0.5610899591180629, 0.3858273886144563, 2.2919614291846733, -0.28302684166046754, 1.143478108705142, 0.7086027682508786, 1.055088237952695, -0.007292504884785996, -0.359556810228404, 1.6624702747434685, -0.09691734133949768, 1.1396457921848826, 1.6047842324731703, 0.8108507294675187, -0.2183175057620184, 0.4912468029669466, 0.36529041473413465, -0.032507202817157424, 1.6297878646303134, 0.21709477809867297, 1.5679765365497655, -1.0881587674606723, 1.360935885584327, 1.401027081811598, 0.3183811090591332, 0.9130277937905756, 1.3110144778093475, -0.0659249240588234, -1.3140489040265757, 1.034968139250392, 0.40586583048927977, -0.29458358650382616, -1.1509693654526298, -0.9089294853424599, -0.9051066621993835, 0.3807798195743843, 0.2760427101610873, -0.3332598023361334, -0.7015701902422001, -1.3727221507808434, -0.4637223677931323, -0.46162428035146086, -0.8675442321328989, -0.1330109926467436, 1.0747468615885816, 1.2305314798747014, -0.02185278749221707, -0.09318937134384755, 0.3565144319860001, 2.1634283227816495, -1.1130700740945798, 0.7109968466924288, 1.6754893781998172, 0.5138119731071513, 0.9968980279304618, 1.9187711850622475, 0.028861074001721894, 0.24735782419399377, 1.610821598923982, 1.7394001973889257, -0.22823199657249407, -0.07260414345108158, 0.09653485049961541, 1.684689309277395, -0.9474076550848872, -1.1080901074746021, -0.2490728385487776, -3.0586972916187993, -2.4645797952371136, -1.0116672885588986, 0.38360485678909306, -0.6280330951634988, -1.0633377430105289, -0.03422281755367206, 0.3176856845208791, 1.3346196624886282, 0.5872755231208948, 0.5024032783016684, -0.5313408547713614, -0.20749420319966902, 0.05582684577650283, -0.8180637262200426, -0.08943132923954396, -0.3150208932175318, -1.1669581166646152, -0.07797470698370444, 0.19278951502301914, -1.509803610346624, -1.0872508810953325, -1.5359602981920122, -1.0099651255207254, -0.07227499495472188, 0.46452801963322193, -0.11805556134115808, 0.2081686958668012, -0.5754768468271688, 0.9527518646501931, 1.1192708362977188, 0.06873916165750484, 0.8476723680335178, -0.30792352195195394, 0.7215797433601829]","[1.1172907913397854, 1.8903831042945676, 0.6282710475640375, 1.4499689866692524, -0.33403990765582975, -0.2113465688763978, 0.39354189904594383, -0.34946356793680905, -0.04438488694026858, 0.30324954681893374, 1.6450587433950248, 0.06489418227742141, 1.432483934014354, -0.29762122284497844, 0.5688678483315057, 0.5576601039005243, 0.48603962677828977, 0.8525859374246935, 1.0758855018020546, 0.28254002091199704, -0.08947640759323804, 0.5117492363318444, 2.1998497344624934, 1.068748710785557, 1.2484385936020932, 0.27442639811012143, 1.068426285285779, 0.21375486629387075, 2.196691395608097, -0.11745741486930292, 1.0643343423379024, -0.3259735178434565, -2.470379034674963, -0.16287585478182287, -0.19970465716395247, -0.30432462520816417, -1.0205168459285339, -0.21140453411081547, 0.5173217222783468, -1.7593275376243602, 0.5085138562497554, -0.7619079015088085, -0.8795609829713503, -0.18338307657900751, 0.8784233859656726, -1.4952434862841966, -0.18357895847505887, 0.3513670249436089, -0.6072844987107531, 0.14093475068103614, 0.07743866625946867, 0.4539023005104926, -0.18593317928651318, 0.3056997869546926, -0.12654126771328067, -0.8512196062257368, -0.016957003909206143, 0.6271219333040576, 1.2219828840552112, -1.2323420001365994, 1.9399141088665166, 0.3274537936016, 0.5890459620233437, 0.992278085300847, 0.5755148092631773, -0.3325159158042786, 0.9850239042261131, -0.12878311536049084, 0.28081116537904444, -0.07499009180753172, 0.48692880885408907, 0.765815255205461, 0.3065574145660121, 0.7050140125701233, 0.38542532895936504, -0.2479220779128781, 1.0137248314536618, 0.6215078312464896, 0.74986490885913, 1.1572292991170428, 1.1176472886180449, 0.15627010975297428, -1.2380370482662904, -0.7155262872615111, 1.221262153631803, 1.533233574653532, 0.08697472339660048, 1.5854618778481926, 1.5203122624631793, 1.3071789935617029, 1.0655552000976525, -0.24509552271545393, 0.9278646528237569, -0.3897893399507824, 0.06358423735244122, 0.024441962340904316, 0.3889294626517028, -0.6157977409582108, -1.4208951903616642, -1.661240264346724, -0.14659034840575566, 0.5035943760084891, 0.28500179761490124, -0.1929396360208201, -0.5137747672648426, -0.2197541907715457, 0.2755887175037228, 0.1226460870755959, 2.3743480485017328, -0.5622147822747746, 0.010630300459407528, 0.9882103353286577, 0.36816628456653433, -0.828945528097599, -0.4320113409690187, 0.46992651855689643, -0.42446337488374714, 1.1649075768017179, -0.5128799163577341, 0.19225067551233865, -0.16063736341427212, -1.0260938063521308, 0.692487334762355, 1.7946374321758316, 0.2647856693431953, -0.887465647543221, 0.5328122058092132, -0.13734981941854074, -0.19835987615210282, 0.5937182980749689, 0.6386816241602359, 0.21901004410976957, 0.9077017348444206, 1.0022159111873548, 0.23153534201317938, 0.8321894156953288, 3.232642871175163, -0.4818676765225716, -1.4636555781526075, -0.7086279134705533, -1.1469257090471376, -0.09558733366876224, 0.338835302466598, 0.5970515070463417, 0.42021181428740817, -0.28764545680558035, -0.3190631661201812, 0.03639920424621221, 0.469780000054899, 0.32455570032593506, 1.6370506559977132, 0.773999316655081, 0.7086958637178639, -0.0016734330601299297, -0.5107043769847964, -1.009755683145095, -0.21387362607310342, 0.29022569473243676, -0.5265734961598358, -0.9437504654159551, -0.48804877751007414, 1.0371771901977576, 0.4507599468685998, -0.49811310925004426, -0.08235329794485029, 2.0858047419571117, -0.343688098268882, 1.0556026674619603, -1.0694045757945088, -0.8711249094985972, -1.1613270903825745, -0.6832366968749471, 0.5200222694878931, 0.03145864245778007, 0.7310896815872311, 0.2524592186244493, -0.1663235146270516, -1.5233738007169468, -0.3460523563908314, -1.532899414333121, -0.8235485221023899, 0.027214720316904813, -0.44521558092449226, -0.4514593171792472, -0.18963594930125105, -0.4968782740133508, -0.08398604989503432, -0.8847065679856405, 1.0045947554280992, -0.9546146722530413, 2.0683280793893615, -2.564205039049262, -1.150221345893292, -0.09236380285579683, -0.6029163206505241, -0.6432278540945008, -0.6134736227530299, -1.2211608756851744, 0.2183241302386288, 0.343013924943856, -1.1710859037825176, 0.414542968785888, -0.18471602548950425, 0.529030825740437, 0.2560899513270625, -0.9541001783014508, 0.7260929915457137, 0.8415930342259129, -1.3261664225258527, 0.6138941050697674, 1.3706109457080087, 1.1717840714449905, -0.24728598130510815, -0.7365960465646635, 1.5097035441925766, -0.9215910123303213, 1.6060971676232256, 0.18362059243687986, 0.2465756160705948, 1.169509572948708, 0.9365310695761494, 1.1978453912229357, 0.05164166807895825, -1.3927113409108483, 0.9208593416270755, -0.28124644970324575, 0.22665480834891558, -0.9423810461597638, -2.728941572963693, -1.99408716271964, -0.12628533537527997, -2.942316305055101, -1.4647408068562129, -1.0019973801901156, -1.3788492770338707, -0.3541243275619036, -1.8578701971095353, 1.237438297861138, 0.42990610123562045, -1.4542882220671292, -2.4326497828928386, -2.289948594943629, -0.7634170535927555, -0.877198296442084, -0.8085391905466215, -1.71162470579912, -2.614659949419068, -0.533350296270911, -2.2197646815280163, -2.2206419221784746, -1.3435006837700936, -0.760998928421194, -0.29213579623409663, -0.7266382400015814, -0.6983612942005567, -1.8107419394371431, 0.779306075405194, -1.4715749149429798, -2.068369794388508, -0.8548756349293862, -0.725628776620351, 0.2885863406930719, -0.8281048237043137, -0.390569647067726, -0.26194570257233046, 0.28543303513572277, 0.37000384427665206, -0.0897982791436051, -1.1869493603203312, -0.9903497783725703, -0.3056880582033296, -1.5717553131537088, -1.2730439145341583, -0.5380737312902106, 0.9333954326191688, -1.0064533649272978, 2.9192727914185594, -1.0684293006667258, -0.6335850105698045, -0.22476539347924568, -0.18522021044206083, 0.3373808244842306, -0.09249628919022641, -0.07460874842649395, -0.1796022786133698, -0.1491650620206988, 0.6195479399129863, 1.4369131019320291, -0.6607904565377978, -0.5470387134257645, -0.5016079898382013, -2.8950068747855418, -0.9162229063907511, 0.11003461605650458, -1.6758692182322694, 0.18421153001568394, -1.603594530966912, 1.112170913605351, 0.49519511000879535, 0.7777751902844909, 1.6003369937064733, -0.24148171263523552, 0.660763371137633, 0.8521255234642048, 0.16246235115538313, 0.04084840416488753, 0.42353017814956234, 1.2513246070216324, 0.07331574399779019, -1.1214843377471193, 2.055851777650491, -0.19011578324660022, 0.4853889465513803, -0.3737859135918055, 0.3795082749966274, 0.7252201701333816, 0.08062151745282108, 0.7583539483608969, 1.2846783120056557, 0.972057318186534, -1.0911376449647372, 1.1687195732542295, -0.12760142282052003, -1.318754649024043, 0.08053935003742703, -0.3683473589195146, 0.4777998662202932, 1.102919264117678, -0.6296077147535929, 0.7601346619111732, -0.27883744388663206, 2.085633457039212, -0.0850296391453556, 1.6166836273272043, -0.6276828298758076, -0.3280338531775982, 0.7567861809328886, -0.6328323209479852, -0.36838983718035484, -0.13958268345410438, -0.19874053788587265, 0.23748019153787717, 0.1721926592705262, 0.7007087166795855, 1.0477944626340214, -0.6656421091479626, 0.6425217705587607, 0.3667886522415842, 1.749776194342922, 0.771839618815553, -0.0760206072562849, -1.0538936738647455, 0.06187885566422298, -0.2747365946220369, 0.14888759688855654, 0.713470777053556, 1.4575662450609137, 1.3790826040339434, -0.14070413764129142, 0.6174292032444956, 1.4763449870884195, 1.3821524409157877, 0.5937490391615424, -0.19448550358423378, 0.9297637840716518, 2.5746493071084915, 1.1956864612248765, 2.032842856357905, 0.3992042717156481, 1.0989828857530464, 1.215355008241832, -1.0596890806972559, 1.1908707979669428, -0.6839947349061408, 1.6933717977177096, 0.15005057868859054, 0.2206479162191993, 1.152915393615883, -0.14605491473195834, -0.2777104569223505, 1.2248251629582954]","['v11', 'v59', 'v51', 'v88', 'v89', 'v26', 'v60', 'area2', 'v85', 'v91']","[np.float64(17.470636201917305), np.float64(10.508688547816643), np.float64(9.138434170162524), np.float64(11.638499026536737), np.float64(25.672022499385495), np.float64(5.325331518079856), np.float64(10.008916223984306), np.float64(15.039307618921285), np.float64(39.143501236555), np.float64(8.648630758498763)]",4.024213028572763,4.2707593705476015,4.3546834122157705,1.2992649593804253,1.0689813316427108,1.4203808787802814,1.163144284419779,4.862347418923766,5.060371615249235,4.782648334869766,1.62599570153114,1.4722996870534506,1.7638844982379192,1.5459919572897514,1.406431847851517,1.4143369947424265,1.435175803102839,0.10532464339059333,0.0631097546393038,0.190919986188707,0.08035760984617235,3.909868960042182,3.9895157380169484,3.9948283644601505,1.2063634614608763,0.9077422430550536,1.3222186971966368,1.053939976957797,1.3820572218234644,1.3633421949443887,1.249565167989935,0.46596564947679464,0.4560712503472921,0.5936371339401534,0.4228964230322896,1.4785157903037272,2.1243490384661996,1.2266849225243601,0.2357538432116893,0.21937610890302014,0.31758833544912113,0.21522224816444088,False
f1022_a,f1022_b,"['552', '554', '556', '558', '560', '562', '564', '566']","['553', '555', '557', '559', '561', '563', '565', '567']",f1022,f1022,True,2,forward_no_out_standard_k10_lda_nc2_sex_on,forward,lda,,standard,10,2,75,8,8,True,0.9976875185966492,0.0023124595172703266,0.998424768447876,0.001575226429849863,0.5381627678871155,0.4618373215198517,-2.941027960429904,0.6704446733606764,-1.7439940689518916,-1.1060500082585838,0.09837316597127128,0.009146568711767127,"[-3.3255329569250884, -2.758031659790639, -2.9739112655124416, -3.115233557061825, -2.773574926637377, -2.7659475865031187, -3.2882270091356753, -2.5277647218730683]","[0.9179804085332516, 0.6376615198209464, 1.327805919969447, 0.5036088825110009, 0.8963645684529544, 0.38518354977396907, 1.1088237859238723, -0.4138712481000311]","[-1.6963729571789214, -2.249103040695112, -1.540338687280466, -1.4257548141561238, -2.2311768526335336, -1.2163709603158532, -2.162139356126802, -1.4306958832283196]","[-1.2747377003228986, -0.7984706880865884, -0.6792528489759033, -0.7236039233517264, -0.7952333978831158, -1.5156792257212701, -1.4487512254139399, -1.6126710563132276]","[0.6854498177091519, 1.6456864170474743, 1.1754657935169808, -0.7300179331662966, -0.2513068330391949, 0.19229201359722956, 0.344586778388201, 0.8089314732709653, -0.440524894514429, 0.4897450343698242, 0.8334767057645167, -0.7438627224996095, 1.1054356089576174, 0.5300744216462023, -0.42714245049407795, 1.6956756563134865, 0.7931039376081181, 1.7812635719968253, 0.8648536029939861, -0.7723206588602275, -0.48182467030631065, 0.3786371536541843, 0.48878447090836435, -0.3530496510415265, -0.24045175198336738, 0.23948567632856352, -0.29939365333787354, -0.35526050521484354, 1.237400674674753, -0.5495705415018454, 1.7128111865738496, 0.40573512392616673, -0.6766672455223629, 1.2856028036452234, 0.36197206392469766, 0.6963399578804751, 0.926374271595387, 0.1425892864032802, 0.05792674504256916, -0.33213393794132046, 0.07840998217523318, 0.6700098364307403, 0.3512595778358907, 0.19447041964504355, 0.16639738233478338, -1.2382118073914232, -0.48172536107270875, 0.8524583715233871, 0.6940524139443099, -0.0972858424006699, 0.6579900360511549, 0.7011071999899287, 0.5016854948035606, 0.2854257156134511, -0.10665851877840879, 0.012458363626125252, 0.7398165395435955, 0.5446819191366677, -2.208414737768147, 0.4139942470207324, -0.35522824205371817, -2.042766822347657, -1.1615268485443688, -1.420776130709361, -0.12870848863892806, -1.4398022363800216, -0.8040923887918777, -0.8629216129926465, -1.1736508880546181, 0.38423098157001306, -0.8650907202743081, 0.37369846795683354, -1.2139969318898232, 0.7408793261730422, 1.6493414082683635, -0.5178310102990455, 0.6613157127717149, 0.8903224362266935, -0.1475246421833133, 0.39353499161577166, 0.6979756189476989, -0.05810572276080556, 1.3456049194423696, 0.5673487405857714, 1.3879642307603968, 1.4584905023665309, 1.8151946734006181, 0.9312469170700945, 0.6316932507528037, 1.8248506468861925, 1.5742429299012985, 0.041072890074530265, 1.3272330404436867, 0.23119547929403084, 0.4514886051111559, 1.8115913183351127, 0.46448037039002776, 0.4153850480804071, -0.76520134350088, -2.005633474060766, -1.0186271676609242, -0.7445746930322257, -1.0885698098376029, 0.20685585832530778, 0.293250429438854, 0.7730727176125991, -0.464093738889988, 0.2018899150786814, 0.7258301980223407, 0.905140341830444, -1.052949009849603, 0.8631139850495713, 0.1684172527830785, -0.5136636751277633, -0.24376264383243165, 2.0739505850000683, 1.0959622725064342, -0.5890909379454896, 0.20731572648578256, -0.596360992488879, -0.3431998231090155, 1.566416178279072, 0.6531707211239128, 0.7142738736524817, 1.3072792733056529, 2.1078524214559953, 0.2894391276060115, 0.47415261573402284, 0.6511326820667388, 1.2333813582540831, 0.8835721288923766, 0.5367987693200322, 0.16123684627168217, 1.3887578260405433, 0.6995628270653346, 1.5527650426446642, 1.2567830780034004, 0.9218803692222107, -0.3205509783798359, 1.6606006258137576, 0.22149696922879, 1.670337813006734, 0.4620278459980871, 2.32168543240083, -0.9056077720850506, 0.8297844236542335, 0.4138007134895971, -0.9599401086221596, -0.7380570068656213, -0.5254428348483067, -0.10477459131065187, 0.16413859592374747, -0.18245863412216276, -0.23337543677577635, -0.8802418176708913, -0.6230782690474616, -1.1176525810166638, 0.21321629335411857, -0.012873990230996755, -0.13250447997556614, -0.4000920456421067, 0.38077077325225483, 0.5017875788031256, 0.5635197877974399, -0.772000548760408, -0.9972736284899559, -1.6205516502369592, -2.604990606259865, -0.25668558612769127, -2.098287693555092, -1.1211747151321794, -0.6465703719107543, -2.1406362393623595, -1.1168205856391658, -0.39207694496509987, 1.322055746584595, 0.1195603599748941, 0.06452303808027139, -0.14978308011998884, -1.1170594427953655, 2.4962096844605375, 1.1802642190423982, -0.8571706223352106, -0.9391473943367505, -0.5408640332833303, 0.30324516597145096, 0.9334835417332464, -1.5968774203101894, 0.7345198138356656, 0.243893442738091, 0.9859693200383858, -1.619942691781918, 0.03969307644923636, -0.03442081653153087, -0.5374940671808113, -0.7502639798495717, -0.4039765182424327, -0.5563875205171276, -0.15090885587735825, -0.2457203997494423, -1.0507229433977463, -0.6991508614532712, -2.362424503809851, 1.0100051817969884, 0.2442023603557431, -0.7981539065240684, -0.3127752851348316, 1.5014161752782769, -0.6867306343446259, 1.3010496726162093, -0.12420669348977137, -0.8892221570351327, -1.4185475424630631, 0.23161557898972046, -1.5620170120150318, 0.35444453928346253, 0.6037617407500198, 1.569314906032948, 1.2896539937551736, 0.7861806821339851, 2.4803060543237443, 2.1981101450757277, 0.9928545199474303, 1.0211114940899064, 0.15566994716532376, -0.9411961145305207, -0.10231963784505828, -1.005671860652263, -2.4111304993645932, -2.155212746660608, -1.7083816936318523, -2.3868763376312745, -1.3830347666546134, -2.5160547050704287, -1.533400312785101, -0.2042740052606183, -0.3200573467219459, -0.9577101418814616, 0.20656270997723045, -0.49827224568018963, -0.12699512702162338, -0.1919015228496296, 1.7242740097409388, 1.254291582830234, 1.5179676735505507, -0.9125041844948462, -0.3461687259255128, 0.3284823572990776, -1.140332784629438, 0.11337890714345146, -0.6177506432948056, -0.8486402981628537, 0.42874295277329505, 0.26920344793117096, -1.1745571028917143, -1.9555051919845055, -0.26419097876912295, -1.9821090288280039, -0.6986226951572456, -1.0956812326622518, 0.3617284189288296, -0.2776640317447929, -0.8181728837545992, 0.6704056925947108, -1.0529663990951703, 0.07779198816127669, -0.010246123426716896, -0.977604488494736, 0.9132450252256729, -1.0010542654588725, 0.08557545052986354, 0.6581079464135373, 0.5816790144903785, 0.046139480866025026, 0.3312017894785162, 1.5491584275021377, 1.075619651821173, 0.7825810322394735, 0.42515231910201173, 0.07950904504809295, 0.7711179793588081, -0.4475045478468585, 2.3450141705461918, 0.9680574151608733, 0.6309456772273655, 1.3838529305117033, 2.080713288366583, 2.458404987180707, 0.2943187169942955, 0.34826220495305193, 0.700745121248233, 0.08564762763388618, 1.3404474033345621, 2.9821693275723264, 2.2665284529955394, 0.9907717575269964, 1.2062086250520727, 1.7429457944304827, -0.23471959550122667, 0.07793289801440036, 0.03637625333098665, 1.4789006435084342, -0.46077564389995457, 1.2923896169986544, -0.002394077650008438, -1.1416857262773643, -0.04161258052910406, -0.33950746819173905, -0.7956950927098477, -0.4427190677143186, 0.29903048015219186, -0.616493049379531, -1.3970845881970495, -1.0229723101205521, -1.581847991412129, -0.565255437608034, -0.9714071832507788, -0.31708863221835876, -0.056470409602095484, -0.6283783945317275, -0.8573150307970414, -0.8497873150042827, -1.554865599160566, -1.6070005388532984, -1.3784215785363316, 0.9190196340561402, 0.36946542718432834, 1.2540721708906215, -0.6540670034006749, 0.4248498505935548, -0.5931258701149112, -2.2651819775028135, -0.46324915001594463, 0.28261564110741655, -0.6901383693347366, 0.3730493589755963, -0.18489452035665457, -0.07384374764529646, -0.7153551040092334, -0.8095415284810467, 1.2146008156249224, -0.1202780783640385, 0.21203997930074125, 0.9349117396744843, 0.6247831864516409, 0.8112384758119294, 2.8720252370897192, 2.1445712637297762, 2.04558109814127, 1.239889060508937, 0.33398659855087104, 0.021278042726716333, 1.2237221819484405, 1.4684711834776303, 0.47063585976628525, 1.5251028548804433, 0.5226464825295211, -0.08238386835047347, -0.35422929712740003, 0.132377243864192, -0.2960089454663352, 0.4776591226149821, -0.29005965435746117, -0.47289239420586054, -0.6464103974439673, -0.54658205457737, 0.6775480652655136, 0.2841077392627214, -0.08189994848825552, 0.4732471417191115, 0.7099867339038338, -0.3091628511373367, 0.288603382617316, 0.3498573030576483, 1.4882572480720768, -0.7019054009733562, -0.011399601749803789, -0.1669271765334924, -1.430744711992611, 0.560695257801509, -0.20733052468675642]","[-0.5527925719869357, -0.1361384589459043, -1.2973439340544588, 0.5413587235118613, -0.6623957341644499, 0.15018651054642448, -0.24513021047698838, -0.5739266407793832, -0.18019766473891302, 0.25063144344060995, -0.36772396969905435, 0.4287306357390368, -1.7438655774576304, 0.20740614358381806, 0.18774459640267566, -1.0234257067967087, -0.960256185559558, 0.2150865142456513, -0.6499279043446792, 0.2511206927696998, 0.12178708004412032, 0.3361137242080841, 0.0919775915148351, 0.3893240483149815, -0.6831700155983312, 0.6907046160614766, 0.012535895612873455, 0.8086801413076634, -0.7117474034640161, -0.08464960841186242, -0.1992367018026213, 0.3918166606916257, 0.3202410821655628, 0.1453373992879036, -0.18850448321598678, 0.037933546973103686, -0.31523281536769765, 0.41107351346823223, 0.34820256486354023, 0.4086180628619278, 0.906823288933377, -1.0435223438085812, 0.2916038293155019, -0.849363884584335, -0.0215186264565355, 2.5075306028452977, 0.20542806002304861, 0.8493330914272603, -0.3133883560765702, -0.3956544873745592, 0.4761676196035404, -1.142662555623073, -0.3799856717791319, 0.4621033620369353, 0.8308815678108099, -0.158699441625533, 0.1611664255241988, -0.13199464188736715, -0.13654856903708143, 0.14178578836421002, -0.46435322276723584, 0.1990024501030866, -0.028632542651930038, -0.3698096938145942, -0.21986079110004464, -1.3341229287181395, -1.424388661653403, -1.1144457024105252, -1.4804805791781692, -0.23555384248369202, 1.5011200186800893, 1.1859835227120163, 0.4181639947045354, -0.7978533804477687, 1.2978318478791422, 0.899736352872312, -0.08982349115137386, 0.05093274742335684, 1.0670003447755076, 2.689594715291931, 1.6470673854840787, -0.8763205474715033, -0.7807433391842411, 1.7738212684240833, 1.5184954970252131, -0.712838471628349, 0.9681413660431692, 0.9618512871519593, 1.2799449985814557, 1.1586474836580833, 1.9598416082743586, 1.797110591138241, 2.0697969565663135, 0.24585815943074515, 2.4347182690224556, -0.919938215736169, -0.586255851612627, -0.5445131825945242, -0.12915160303537396, 0.09736870824149808, -2.2450298255811374, -0.08989498686776949, -0.9748535106126076, 0.04924750673015505, 0.3236825709492271, -0.06501832465628146, 0.9228239436205156, -0.19772259059205896, -0.5212309459346203, -0.7233083317323323, 0.7140313123527171, 0.45517530445762255, 1.5046877670221177, 0.28149881504041807, 0.08711131914826084, -1.3560860629832703, -0.4119191114768303, 0.6080563230526111, 0.5934339605841069, 1.80300379137638, 1.5856584489544998, 0.3586621626001062, 1.5474816457584695, -2.56177611108624, 0.07203190092080936, -0.7488784649459838, 1.4622521635940535, -0.24469728258994367, 0.21924705247655712, 0.5170877906752961, 0.9913512529689577, 0.37056433006466755, 0.9682176872014082, 1.0727428915484463, 0.44473824221390634, 0.6863792580218863, 0.4922815068717313, 2.5078252919205006, 0.40055295683137687, 0.7267521600779637, 1.437134754165757, 0.5169982295064323, 1.3143316332999508, 0.8410867428022805, 1.0722601122274245, 1.2303181844196116, 0.22389225983886565, -1.1219258899458413, -1.0571003635795595, -1.1723297167390947, -2.4063022516770416, -1.677119473773516, -1.6742053297268926, -1.7046847206900564, -1.7300325569530322, -0.9526419606364303, -0.6600185173906742, -0.31667036977154706, -0.5984569302289691, 0.6524458764454457, 0.3308214197029182, -0.020556988937914016, -1.9610420368565178, -0.06037695908531646, 0.610406778137411, -1.6219406796723408, -0.38592269183299854, 2.1198454411716257, -2.355808979563678, -0.6354826878755971, -0.9724077878425863, -1.4614892086103124, 0.8420076135555795, -1.6908808778666538, -1.2447755000527756, -2.2437382808335715, -0.04403082225737524, 0.48501023934206244, 0.3408866215572544, 0.23556588859890618, -1.2385350733303235, -0.5909656556698212, 0.7437988716962841, 0.5134945810648949, 0.9617920409828251, 0.20644243041312382, -1.039609597398086, 1.0317578233888305, -0.6787806056736383, 0.46860160563791525, -0.39925940571845475, 2.988121910130193, 0.08896416715639062, 0.6696900616030833, 1.7601325636195935, 0.7140244466558826, 0.6683184974655189, 0.04060222041382722, -0.8783356116633938, 0.2809548043462315, 1.1818016753721075, -0.17885636791363183, 0.5257229363186158, 1.7876954643796414, 0.2000418046166745, 0.890898653319765, 1.326683724714583, 0.9362307235911663, 0.33854650342944337, -0.40394991943701464, -0.4440726108463054, 0.13015671942810175, 0.060331079469759616, 0.5626352451476397, 0.32976373499430267, 2.2076388946382886, -0.47557668679213827, 1.3835020266783553, 1.2999814959329237, 1.437965339808075, -0.6250123315644509, 1.2451072458587789, 0.37804759379715264, 0.5771576277164518, -0.11323943849983814, 0.8271777322413699, 0.0746543075788716, 0.8906108273606524, -0.38903046194320173, -0.0780630031946051, -0.883899577036394, 0.178348810561925, -0.7684851773500169, -0.005197775009214231, -1.0904494312921564, -1.2941998095168212, -0.7936948418657929, 0.7010395211424978, -1.0227071990612313, -0.5888810442766063, -1.2436275865534712, 0.580262148046388, 1.0165923537031647, 1.9472771321443128, -0.15098152002824694, 1.6996948122040187, -0.01467567508181508, -0.5904928593096633, -0.06959949990815675, 0.31128293651139805, -0.22085061873233186, -0.11813724041932237, 0.18409296152419194, -0.6540295618482311, -1.9394929037077087, -1.3520169257382197, -0.42461212673982796, -0.8190763822861584, -0.5935531098697844, -0.28776806981970676, -0.7601579529585855, -0.3577418086003004, 0.46018851658066934, -0.5115060771926316, -1.1353498330659897, -0.8476114305718015, -1.5872471357132012, -1.333407403871165, -0.3034280008598814, -1.5938065531472856, 0.6690969089793004, -0.6246137198203346, 1.4382090330467723, -0.6807001686464139, -0.3898359163352541, 0.37574214971926845, -0.43513844562133336, -0.6820562923237924, 0.2250263371674286, 0.8549549131209139, 1.6637946127436727, 0.454409694642193, -0.4571707716996895, -0.5793686752355928, 1.0213490038008362, 0.11460182485916087, -0.05551518841395451, -1.2795022580573816, 1.2655548119469024, -0.92158406191703, 1.3335412104836726, 1.6779645947090507, 0.23611420869124172, -1.0882093215501203, -0.38148783885369714, -0.4865813176511563, -0.9890024769610074, 0.08311484484347595, 2.544925030668106, -0.9529573487111107, -1.3574197772590115, 1.9189152160288578, 1.9484282657262675, 0.6593177717252398, 1.969273994941062, 1.1404824887947267, 1.179261437335604, -1.0535747755561313, 1.3524269656454704, 0.6367105655244403, -0.5471667051494717, 1.0288646640564179, -0.6812114036012565, 0.4173248064386255, -1.3869727765582878, -0.8890992793436303, 1.443698656895846, -0.8693572942811599, -2.116634673954229, -0.31918907258592044, 0.020869702052300713, -1.2105529037929794, -0.6900640990203811, 0.1270862901880407, 0.3745105281003245, -1.8353615668153314, 0.33897014792091623, -1.9253847674291982, -0.3807224378464847, -0.9896512436249704, 0.6084211456660634, -1.3509691521396918, -0.5990354087932676, -0.7068056982511338, -0.1552808322581222, -1.2039878017803394, -0.21497216923838966, 0.06795159374949726, 1.2014738008914392, 2.683875030500871, -1.2855324591733215, -0.2606450757600285, 1.029669615936077, -1.340904657049213, -3.2269701744835197, -2.0366966440977943, 0.16765199709012477, -1.6845841023565424, -0.12097173264874468, -0.449558689575206, 0.8553639601924169, 0.3525789173974372, -0.6638784619828199, -1.3033443088226804, -1.1577679536271848, 1.3980747177613413, 0.41353439376565837, -0.5049330527628165, -0.02319169442897708, -1.2909195915795868, -0.9765988461377312, -0.880130988499643, -0.13186763305068164, 0.6111254227476843, -0.6699631608299315, -0.16000823776778078, -0.8157424570902366, -1.1510736975531162, -0.5912167387468283, -0.770691408869189, 0.6959883184750042, 0.9045460378720689, -0.9903027840430989, 0.011572269872335532, 0.20392117292950873, -0.14437528698492932, 0.1873168853532608, 0.54106415799976, 0.7723518631658891, 0.9161877856927623, 0.8961775134447074]","['v93', 'area10', 'v68', 'v65', 'v96', 'v53', 'pred_proba_f', 'v8', 'v59', 'area6']","[np.float64(11.998033351577417), np.float64(19.157807006244962), np.float64(13.479437529871872), np.float64(8.029799755499228), np.float64(10.69359971656217), np.float64(8.160442140161996), np.float64(7.3345533560918605), np.float64(10.435310342666913), np.float64(17.921250846776474), np.float64(28.987648610540127)]",2.1421539373183505,2.181895872051128,2.1825596620329373,0.7502729353095877,0.6312060176127057,0.7482821316775377,0.7396014782753563,2.9735285730972727,2.9735285730972727,2.9514849034142463,0.9569752723776831,0.8130142706667383,0.9477758536311977,0.8946857529157336,0.29567462005264944,0.31246957366496714,0.2723150561811383,0.03065900070072399,0.011447424160765496,0.04570131491044598,0.03073859053415373,1.7764946816192602,1.8303538008985238,1.881125168874258,0.6809514839234619,0.5557717003548406,0.6612258959627375,0.7201039131565642,1.2555022973149104,1.1893267389338922,1.2572668744312383,0.4997938707405535,0.3731323858376938,0.345847374487554,0.3310229018881249,0.5806961455230879,0.5738399098117049,0.5840702087234859,0.14006255977702667,0.10587114743460975,0.16682471552750816,0.16480247655153887,False
f1022_a,m1084,"['552', '554', '556', '558', '560', '562', '564', '566']","['595', '596', '597', '598', '599', '600', '601', '602', '603', '604']",f1022,m1084,False,2,forward_no_out_standard_k10_lda_nc2_sex_on,forward,lda,,standard,10,2,76,8,10,True,0.9976875185966492,0.0023124595172703266,0.08153398334980011,0.9184660911560059,0.5381627678871155,0.4618373215198517,1.455238816705694,2.514198865726046,-2.48143402560297,1.1357154867775519,0.034573306357963705,-0.08260038266032517,"[0.7567776948765316, 2.02437145586036, 1.0472260095432548, 1.5267316477211579, 0.5986128298035738, 2.4670646432945604, 0.7711881241547633, 2.4499381283913504]","[2.7799925955085616, 2.4611403115051327, 3.05276543211005, 3.283211718899748, 2.897289013746252, 1.6052702500766742, 2.766050317602235, 1.267871286359712]","[-3.1738978249209473, -2.535175746417441, -2.791033012283221, -2.5004707183695354, -1.2414893264790288, -2.4973229394561933, -1.8078356309261823, -2.9161263635300703, -2.1764144792536917, -3.174574214393391]","[2.8610980708265346, 0.5936381952742796, 0.5017441068169604, 1.0658064306771367, 0.5112535874326275, 0.8300131400678401, 0.2723979978810755, 1.4679027660876747, 0.3924919974562932, 2.860808575255098]","[-1.345056208574295, -1.0174039424289927, -1.4871050591663284, 0.34009055280331735, -0.009564632460515815, -0.6268254827042943, -0.4884927027305033, -0.6952023439882182, -0.1826742841053606, -0.5704561543062988, -0.2699943975264274, -0.6269817620789974, 0.5392161181524705, -0.28007862963226765, 0.5350852838842002, 0.3762256955920036, -0.15980351314160227, -0.8803270874944136, -0.0029122931006054717, 0.16467718787430854, 0.4718011691226974, 0.24022611227570173, 0.5430192100321479, 0.37413815812108187, 0.674892282830774, 0.4311709379413929, 0.15648437933511358, 0.7527100350361441, 0.11857974137206036, 0.31579252408487457, -0.5456788317413946, -0.1943934574261353, -0.48859481436174707, -1.2124676629253779, 0.21304749071799975, -0.9467632291191934, -0.34389855755004833, 0.5403484705914702, -0.03525329170243275, 0.05527139612977621, -0.12304535077441073, -1.1173553920589638, -0.7673716365332661, -0.618627565095981, 0.19460988149581468, 0.20922847527803787, -0.4411399477550744, -0.18325399453354063, -0.9627658760943932, -1.0570593878499182, -1.175689171678118, -0.24490530167801514, -0.39420751508734125, -0.4308530307876859, 0.2516244502076718, -0.21901625014326534, 0.8622510490716372, -0.10742162206443961, 2.691384907829858, -0.8091418131774161, 2.657017783201965, 1.8967568914075017, 1.7206253231571649, 1.370224407333099, 0.7757932005565076, 1.4008584836890772, 2.719749864721785, 0.8177108969320437, 1.9549434378404298, 0.5450717438872345, 0.23356307639403032, 1.172473746947535, 1.0142529438034886, 0.5915030657740117, -1.5794806879797416, -0.47318210267327315, -0.15061457439157372, -1.0015834754162078, -0.8023601399883442, -0.7516943612149356, -1.1607654382436343, -0.18625825630622295, -0.5127562800933476, -1.6458862497867133, -1.6588223147995667, -2.46557848590384, -1.550646696749814, -1.626732532876736, -0.2120356910640984, -2.2827972472908167, -1.5452647708338647, -1.5133255616387027, -0.5106117180982336, -0.09531823416134826, -0.6715786330859146, 0.547038377991712, -0.597744648988687, 0.06285544261192841, -0.08814736705065228, 0.6229720449769248, 1.034522682022119, 1.5245774728136554, 1.0887453194684258, -0.8849134484655569, -0.6724984568719148, -0.142237438613331, -0.09191758882001798, 0.07804953140197853, 0.5774277527969662, -1.5815885427858773, -0.018969746619066093, 0.07300720305583677, 0.2974793569358367, 0.07277917350346876, 0.9556507190727673, 0.13087227012225247, 0.4872773177088194, -0.41224468873191733, -0.7662804770398391, 0.48036390590280925, -0.8713809592641995, -0.6566315948497502, -0.4433340187577037, 1.0870941332540307, -0.3065468740814507, -1.442460808389921, -0.24122118398436151, -0.1694183520572087, -0.26917326955814347, -1.4803773713152797, -0.5978837064507663, -1.194973324849189, -1.1671377483807261, 0.32859563960961996, -1.320960381448146, -0.8803005442743792, 0.023329493159534958, -1.3559256131215025, -0.02992982456840277, -0.7979958765205667, -0.9771460474432794, -0.7563104807027422, -0.5787813254105595, -1.004310526725582, 0.9380903649960198, -2.0170917209901105, 0.1920480066874587, 1.275447354697311, 0.9676147910232595, 0.3423710915946633, 1.2645168891100607, 1.0322382129599619, -0.14921810573215064, 0.54104406226794, 0.3526045561820613, 1.5668105836424926, 1.8550302602175615, -0.41060448729421994, 0.6400005466058071, 0.3017234307495676, -0.15101213283037568, 0.4986615504193539, -0.2830354741819846, 0.4806005187659255, 0.3380288821936208, 3.187181410522607, 1.683273365222548, 2.8324039533470096, 0.9687893682339281, 1.6291782572664355, 0.9721602759756791, 1.3645813145698127, 1.657514727365022, 0.893892989187229, 1.5420957906483852, -0.13756586190897904, 0.6377372711710523, 0.008665215673411443, 0.30653590170357164, 0.1500048135062664, -0.3252316027163953, -0.6924150199401086, 1.2922285526719932, -0.38171826645896584, -0.1322364706544707, -0.254402277592411, 0.2520026445215851, 0.9090775289841831, 0.7379428356556516, -0.4562317676418961, 0.5145199311386269, -0.4732448785233256, -0.045279158190057026, -0.8392669545872355, -1.0684650023270477, -0.746827311462204, -0.8457474403138635, -1.2988726923285396, -0.583647300446941, -0.16362066941433429, -1.0580179497440845, -0.5261273985350772, 0.21291167429029173, -1.9454835755859337, -1.4520758766080837, -1.2026025664761095, -1.214640627741733, -1.6599700681520448, -1.1038866986115397, -1.462223000569705, -0.5387466571460224, -0.045365311560693435, 1.0085291420856517, -0.6788644757292166, 1.2244998461447523, -0.52563277277708, -0.47874358918571497, -0.820051841943329, -1.8419102073094065, -0.9638931270897204, -1.435934548216131, -1.7249616916094934, 0.28226876922664634, -0.766674374888346, 0.33469953045138734, 0.21567149941956196, 0.4538163129051839, 0.41426247184977405, 2.0836771711505464, 1.495752815345725, 2.392669496173144, 1.7268498777783272, 0.7234202113175787, 2.37713850138579, 1.4911216044621596, 2.300724064729557, 0.32285831614111105, 0.20726053454832719, 0.9044175810271324, -1.033018653908752, -1.0268202557945731, -1.2710191639140536, -1.0250590113624332, -2.121694316213996, -1.5960228699319765, 0.4555755500707588, 1.1492935217763072, 0.40366358281699855, 0.4418945696746448, -0.9613403816798127, 0.6249293071699991, 0.7046236275338362, -0.03383167842859176, 0.21226057315655528, 1.6206678698745243, 0.8873900427353689, 0.39386780997197, 1.868713111293366, 0.7876036049821704, 1.2719975880301713, -0.502770075405509, 0.7865678594713059, -0.17121418449467551, -0.25516014813934745, 2.052090005081909, -0.07082526243915992, 1.2475254406065321, 0.6178628338669163, 0.11251439923449072, 0.9731543363806169, -0.06351099957515194, 0.10899494011124404, 0.5046977446808818, -0.29296064698536933, 1.2005991636137543, -0.5322523565524044, 0.5165447075813975, -1.573376992162873, 0.8539646349260859, -0.894633899054185, -1.1997632353090062, -0.22908815742895708, -0.7576190789405393, -0.6050988085417307, -1.0157253318941903, -0.6854828873519863, -1.349312796054328, -0.6604866846292183, -1.0304500421101708, 0.829505329785517, -1.148078166959851, -2.213718304557027, -1.681421104266443, -0.3290111990954379, -1.6767651349737414, -0.5825857947208383, -0.20700035458960064, -2.1526942852707314, -1.5126559340322172, -0.3151330491632686, 1.438540070874297, -1.597846194197927, -1.2276457926886786, -0.3418655261487346, -0.36671398746060074, -0.5083846082192514, -0.691137693949217, 1.8877096661378716, -0.12601262485364387, 0.12082117978821873, 0.4380830830422869, -0.4610137878448277, 1.4908263849002215, 1.0705346525026915, 1.7650751798308664, 0.4263452993921351, 0.006083708940059075, 2.0931758131374765, 1.3568514579725535, 1.6677491940399791, 1.505225053775471, 0.6001479429076294, 1.1985949664400757, -0.8358730542866872, 0.882992791663137, -0.18378718475238584, 0.09971570054207249, 0.4049202969708587, 0.24839395361883324, 0.1533161796236097, 0.3462068308882491, 2.271220238833755, 0.1038378240842815, 0.590437128734643, -0.6713562711838782, 0.8366228899238273, 0.7390425937524887, -0.25494008835903686, -0.12938550938591376, 1.01078023227743, -0.024300881552109112, 0.3108295261759283, -1.6340701736243899, 0.8912035316998397, 0.8198306386137065, -0.2343113133364569, 1.3044153241814411, 0.1992229068219187, 0.5488811679254033, 0.3987433702733286, 0.1368382284176373, 1.0245708111087446, 0.5306065782442453, 0.20020434537377055, 0.15621168114186726, -0.876380024487196, 0.28946247971822336, 1.1204639650515205, 1.3927423753572896, 0.1816537737465803, 1.0927685794447954, 1.1851309515058477, 1.1191724811366495, 1.2434414320743779, 0.8663531666200803, 1.226257622048345, 0.4114724802503033, 2.3269091433164317, 0.5277493221183046, 1.1246458646686646, -0.45497776646334875, -0.5408653284706832, -0.18867111094979466, -1.1639373648294007, -0.9209461610061044, -0.7930269349100058, 0.22942071548772852, -0.13654959837934663, 0.07384058317144873, -1.2106919401618614, -0.32293966931477613]","[0.31175330374489524, -0.8181477671182393, -0.47204515842716854, 1.3037616601500206, -0.21119910423902022, -0.2503665834858265, -0.26902482663231825, 0.7631413538091554, 0.565487203870906, -0.39660357291968623, 0.9961225796990815, 0.2181072567543143, -1.593138328643065, 1.145544373779621, 2.1837508685445686, -1.5260862273781348, -0.41664918646102655, -0.4088415744193682, -1.3192265640390397, -0.4194278379568852, -2.0971974870997343, -0.34295526286407196, -0.3092605124573635, -0.20386678065400177, -0.9535772638712814, 0.4150381145194285, -0.024315592235126207, -1.6068062123993796, -2.4446515345902817, 0.1435703363123106, 0.20826709467373422, 0.9972046560241472, -0.48176784922552385, 1.034157785166806, -0.45298749089768614, -0.3870524667074195, 0.7905525171323542, -0.3794623441945037, 1.090739593211806, 0.4596294591091443, 0.6545283704510294, -0.5567053872994217, 0.4614561231958099, -0.6628914782525519, -0.3244371661835877, -0.6598102316100622, -0.8898430146486169, -0.1296102872344641, -0.46718350356250543, -0.7976216127174589, 1.3615340683626695, -0.8978860041750818, -0.3388915584469434, 0.3390094190766496, -0.5884749975773157, -0.005962706293405008, -0.4753033181668464, -0.4792789755884927, 1.6367026807560303, 0.07365557667671217, 0.168499621687387, -0.035724774912514086, -0.2124280670593384, -0.02329076029682295, -0.24717244113052472, 0.20857962018413947, -0.8247215993068903, 1.2954216410860144, 0.15960083867345673, 0.23620630572377915, -0.2184589334827405, -1.3476894045055854, 0.6631664335083047, -0.20403395362859497, -0.5926413208869652, 1.1781409858030494, -0.10588366497863344, 0.46245990018804156, 1.6705916049750174, 0.04406799211119746, 0.4742808176054846, -0.1756876779546379, -0.08861519897414163, 0.3328883411336238, -0.35919274878178353, -0.20596422906826936, -1.2072170901600332, -1.3319109263743527, 0.08716089062129218, -1.1192855083186848, -0.6419319402797756, 0.3451154187309693, -0.11359165416799635, 0.21288269493680695, -0.48387751035700827, -0.30962317000327216, -0.6349331649924389, -0.9088963461751971, 0.9675847157993795, 1.1706193594267134, -0.25391113988815445, 0.3619347233857003, -0.9277675012722411, 0.4451667685879972, -0.5617101562486844, 0.07572517596910865, 1.057743339799171, -1.1237880638949351, -0.7531773782062875, 0.16262693817654883, 0.3062360245089497, -0.8003376250074776, 0.312575433067366, -1.6697288755044193, -1.0297398258641273, -0.2536342672155151, 0.6221603741946432, -2.9235271252248274, -1.5689605822270387, 0.1687083840203933, -0.8636717950306165, -0.2700328891154314, -2.057836138294596, -1.9278863717278285, -1.4666105918993089, -1.0761056824988748, -0.5292303248933647, -0.19610854416872828, -2.864832385151969, -1.9133384802914488, -0.7681353528313134, -0.5960598382900278, 1.0292919188194665, -1.3315834863610458, -1.005105380285149, -2.035545483140452, -2.226541382324381, 0.5640020073127521, 0.7151592498774431, -1.0538314639120936, -1.1185197763575625, -1.3500021178838328, -1.4631466616519968, -0.020144947633603676, 1.1144452781882275, -1.5947109500781966, -0.49025067373265785, -0.44505192700327995, -0.0269344400251476, -1.0180856397270714, -1.1003199790288474, -0.843912537157863, -0.7814979599893234, -1.7026973947498838, -0.6839879207652328, -0.019842189462963542, 0.6209747572573279, 0.46683263252729834, -2.157114829694491, -1.7454601426185694, -1.1925624745453218, -1.4814215309276169, -0.48744584096047266, -1.1747103772332819, -0.6775892806766426, -0.1288202814732398, -0.5772410288991668, 0.42540483136111173, -1.8884838916790458, 1.0979245473616424, -0.49836275457678586, -0.19039464459842398, -0.6331092118471888, 0.7909045008713493, -0.5638460649898392, -0.2590824320807628, -0.12326765431220793, -1.415105843881862, 0.6257699699049726, 1.6052097200662916, -0.1540033997834866, 0.4317263010328518, 0.5032696110814491, -0.3375292988999087, 0.623487671543107, -0.2655199762179012, -0.5733266341013744, 2.116338870027221, -1.8706897309769137, -0.767081474652255, -0.7716556814368637, 1.0821475203423292, -0.3126779776019518, 1.4244107787714273, 1.6297261685064797, 1.2230349251648884, 1.1444372611428535, 1.3707811388349012, 0.817318963951432, 1.4430279265779975, 1.8422676922925887, -0.03152682034990911, 1.6730312781068106, 0.5393427166688304, 0.742284895199762, 2.01363851359373, 0.7500598645675391, -0.2896246704647285, 2.0402188737881213, -0.4021430119895022, 1.6438649455507373, 0.9889361153094625, 0.590176535447627, -0.671457502595399, 0.4382541433754243, -0.2103349632597938, 0.7318662345312817, -1.5294867517167101, -1.1743039266897308, -0.7494171611233881, -0.45391542344444524, 0.5124755185627221, 0.5035138048201083, -0.5337474994098624, 0.1752001824568371, -0.49028215267158715, 0.46440342379338895, -0.5855807550170229, 1.6126844296462604, 2.8504232785981882, 0.7009478478803957, 1.3940939003918797, 1.2106326756038215, 1.7871741576212494, 0.7853589462718327, 1.4696805668102912, 1.8840212229407574, 0.5268151424144235, -0.19058030194246486, 0.21055311637052146, 1.273285135650528, -0.08033301438592999, 0.9214521850613092, 0.616769705118775, 0.32523933097729224, 0.7912379244039888, -1.6873758649796426, 0.36016182429669596, 1.7716023306675803, 0.2535913311989627, 0.7410270368160828, 0.7936953874128319, 1.4155720241342222, -0.19132926207084083, 0.8145253122182334, 2.702362472552419, 0.17428631556270996, 1.3105374648137462, 0.8802304624863274, 1.4731745756661587, 0.4024322595134979, -0.7689394891107135, 1.2671181301647165, 0.2936088060693641, 1.072726617054591, 0.5346824321742419, 1.534258664169063, -1.3609411987326974, 0.09435837241551374, 1.4306531957037072, 1.7308022402002343, -0.6854686166308318, -0.01724985642643139, -1.5360794842193313, -0.13979797260247656, -0.1253953157629752, -0.5567944682351127, -1.0866583106929752, -0.7984185890063314, -0.12587092497075855, 0.5713469452886805, -0.33900637503727665, -0.11922246563540449, -0.220536306248818, 0.8756308881642358, -0.3158219969673116, 0.11721229068442256, -0.9419459339192852, -1.5366228224366134, 0.6025300906878275, -0.5138618199939379, 0.6009733007298711, -0.40529710214735437, -1.4952499587701193, -0.8367645460178817, 0.050560863998560114, 0.22389428241287976, 0.69053758099101, -1.097340144773837, 0.27177741308271686, -2.268958396399686, 0.2772427688971599, 0.4595937048681616, -1.284365516064891, 0.8390814648922797, 1.144832429112949, -0.7403982164536363, -1.2313825942962464, 0.1584692400158064, 0.1376515111520235, 0.13271686460858645, 0.47570006369527407, -0.16441050032371182, 0.4523783862921644, 0.8046068034782698, -0.30614610292820654, 0.5183174396270829, 0.8543316036919625, -2.424387579945355, 1.1525699060988663, 0.43654891677112057, 0.9093089090858528, -0.27007583232143834, 0.6578135613577606, 0.3530100603019839, -1.3963939295559302, 0.5278077965791136, -0.7850552015127515, 0.6645454601998395, -1.5084028335461637, -0.41981024287135094, -0.4335257035713399, 0.9545625117239934, -0.3719429862038428, 0.11238621303426546, -1.2065623141385469, 0.4245373468916914, 1.052852465773592, 1.2669839158373895, 1.274103307442559, -0.5520012889582216, 0.6522017869405715, 0.09949242145993263, -0.4875065253469136, -2.1318722446444758, 0.21542865232996142, -0.24775212757695858, -0.8502528558582761, 1.0278608099678892, -0.6783710780952196, -1.938440562271365, -3.3876006344382454, -1.129476704613916, -0.2369775489241686, -0.978718426010947, -0.680475575635639, -1.5386341179472094, -0.9334185600530832, -0.9166833042801907, -0.4199669300142174, -1.0810604419272072, -1.664782341938242, -0.8233635916447698, -0.0173169667517708, -1.005960575133925, -0.6537821874253783, -1.5290437783337791, -1.6046536855812266, -1.3136115736290572, -0.6910166907383493, 1.2889581103778391, 1.0255128520392234, 0.8207235232031264, 0.7355517924218771, 1.0601040751724264, 0.4518274964405038, -0.02088894268124288, -0.055944809345296505, 0.9523719073690563, 1.0380523529771422, 0.9257456312129761]","['pred_proba_f', 'v43', 'v87', 'v46', 'v2', 'v108', 'v55', 'v9', 'v113', 'v96']","[np.float64(7701.31648844917), np.float64(8.058732189577373), np.float64(11.472626142131169), np.float64(7.597122599186786), np.float64(10.096826606297348), np.float64(11.582057458106297), np.float64(18.711908819283877), np.float64(11.91270992578116), np.float64(26.94995612548189), np.float64(24.53843249778359)]",4.171044173034833,4.370319001958324,4.225817502669931,1.2736739627052647,1.2045891159188227,1.3703816574109888,1.2956564806612436,5.315156221257158,5.491379100957945,5.513778835938632,1.7304024220672325,1.5634319523623608,1.7529319442018871,1.4860435202394142,1.0953200803728071,1.1422343304664693,1.0936171259573675,0.11619451015585583,0.07210765606592268,0.04568031364531006,0.025217550858425475,3.9366728423086643,3.955841601775473,3.884467270811977,1.0664236428359535,1.085207235731263,1.2431782958674091,1.0754107686313814,1.3776755413460446,1.4711483689654226,1.520316203206718,0.4936965041605995,0.46227639704912576,0.5645996933894243,0.5310012785047916,1.1366620374191656,1.3383406649625993,1.1912975232960568,0.2190397136072444,0.188466286524297,0.23928060423326974,0.24381587850175682,False
f1022_b,m1084,"['553', '555', '557', '559', '561', '563', '565', '567']","['595', '596', '597', '598', '599', '600', '601', '602', '603', '604']",f1022,m1084,False,2,forward_no_out_standard_k10_lda_nc2_sex_on,forward,lda,,standard,10,2,77,8,10,True,0.998424768447876,0.001575226429849863,0.08153398334980011,0.9184660911560059,0.5381627678871155,0.4618373215198517,-2.362697382757586,-1.5825613185406961,2.0281496831047816,-1.470000613116537,-0.0036218314146644944,0.07181232724275811,"[-2.2586453016963137, -2.6336605846590264, -2.9055393469388866, -2.6481146008858745, -1.9931072036216837, -2.4262739891195175, -1.8333326875198321, -2.202905347619553]","[-2.101808319141633, -1.7629174374365821, -2.5388885503843097, -1.1930791737996065, -1.3766187413131021, -1.8667194394356983, -1.2667529642343767, -0.5537059225802619]","[2.402265802846162, 1.541856865245321, 2.4660239452655213, 2.29668788779874, 1.4492670102529983, 2.248051735887462, 2.0751052842342546, 2.008370220777144, 1.3908948484019932, 2.4029732303382225]","[-2.1063665243589065, -0.26974983475956177, -1.2454786537773326, -1.4255096739661834, -1.1130585523774739, -1.6618139573249708, -0.24220760460212148, -2.3720058115474743, -2.1578230301402685, -2.1059924883110774]","[0.5155984464626658, -0.002136359254807174, 0.016528629644060034, 0.789041369767091, 0.3842984775176676, 1.3037295036157908, 0.7038433435081654, 0.5202667225915499, -0.041097581676185935, 0.5037040579415414, 0.610294741859312, 0.4631132667502077, -0.9385683357053545, -1.061536841116007, -0.4225510398668221, -0.6313615099974793, -0.21878225663891304, 0.6332626704649527, -0.47052712197727475, 0.09824584561326019, -0.3791981512842019, -0.061342399551151436, -0.7180250136022701, 0.09853018494798868, 0.2717967202349156, -0.46932465292391645, -0.1361153687258531, 0.10120842017736137, 0.5141584779862226, 0.2941118452362191, 0.0550251230855517, -0.20616950534917372, -0.8767256783036051, 0.09646045288359312, -1.1574528900677976, 0.1696091177734412, 0.11202107890358894, -0.4578230067384009, 0.4301312079108462, -0.7380452499261915, 0.17366064066261858, 0.37809747091890594, -0.622813117527688, -0.46921354169996055, -0.013786117872566919, -0.3216614696580102, 0.18050426271769057, 0.10221632546140812, 0.34620815406597794, 0.23838279857191105, -0.3220987667063472, 0.3943553247085772, -0.2572385721379294, 0.037418422782109134, -0.34379270998098516, -0.23540229673863894, -0.7161847554917065, 0.30658315772555317, -1.4944612681938922, -0.2184530684557394, -1.3721945276267862, -0.9701070987915911, -1.6971655718047152, -0.4779767558274825, 0.026811252905006626, -0.39315734411250614, -0.9785212808146924, -1.2669649201483064, -1.921276560195006, 0.667054725770906, 0.061958274195848866, -0.5099387859259431, -1.1740231679840065, -1.0474148737578624, 0.8454704155556844, 0.6921846369899155, 0.45499083437904336, 0.8388807383980116, -0.29860493407095423, 2.4246552058348807, 0.7562492003609578, -0.5238458769812339, -0.08313460017975013, 0.47875974963167023, 1.3107224601852097, 0.4205077193627331, 1.131552314109121, 1.5939356092264803, 1.700317813439748, 1.8765594200719167, 1.5902055840443738, 2.8299157999045397, 2.1573045936596653, -0.6120859551682477, 2.1284925225273104, -0.5272024217860963, -0.057707766605164856, -0.5749177294143903, -1.023647187014772, 0.02759846539484157, -0.936274561787093, -1.0804925698043597, -0.5159862370156443, 1.0449655729009657, 1.0105386637592302, -0.3445964395549311, 1.047995406496115, 0.3199055575326272, -0.06366394025727899, 0.5202666301260336, 1.1642403421841352, 0.4603629610804732, -0.040222084521372325, 0.43667993448911, 0.7279992436396917, -0.6096327850534978, -1.6492290971093242, 1.0875794639433192, 0.504394357146683, 1.5208104733478078, 1.6669145680065236, 1.7775116673913303, 1.3122138197857915, -0.6705411285755158, 0.9707356893837655, 1.5260805632221233, 1.8774960606597972, 0.08238495572964107, 0.35438066863065754, 1.057454086630864, 2.0102870496690177, 0.8577048898954948, 1.5065235494194729, 0.9570143841264204, 1.3418063705962795, 1.1044911698983724, 0.7451965330312713, 0.7871334999576846, -0.4773073007356699, 0.7809514535598966, 1.2679294462180424, 0.7869810891930065, 0.8585991541355847, 1.3547961230798335, -0.6066703913175335, 1.8316545507891722, -0.6144490845403736, -1.616001334032361, -1.3659131387181707, -1.4690224204464777, -1.9401978176563917, -1.2150246403133502, -0.6478103516509685, -1.906435957663919, -1.0726839588727144, -1.8557522686982049, -0.68851680295029, 1.0110832570576413, -0.6059721875376531, -0.500370287625088, 0.7551523670448943, 0.2997094811253234, -0.04374165555645272, 0.31705308504902485, -0.7771848890829643, -2.4623154644337824, -1.7187211774213988, -0.9039496513340084, -1.100293907094842, -0.8959727000100337, -1.1884660268699336, -1.94639233034343, -0.9917123501221792, -1.2941588269488091, -0.8839813943778586, -1.248541694621407, -0.1484864460360053, -0.4313409876863856, 0.46424601441062097, -0.06566004305227573, -0.4719150668453857, 0.6384137287270018, 0.19021746258188374, 0.46602461024443786, 0.35003451189726226, 1.1898073038788393, -0.05113060955093238, -0.1061085141927029, -0.170830867093143, 0.2557613237289589, 0.4518177267346421, -0.09803977880086191, -0.035307329634029376, 0.9902083847544617, 0.04336401999093289, 0.3749119145617965, 0.0038975270227126105, 1.3483891975617377, 0.4747055300194814, 0.905799642089668, -0.06983996143480364, 0.2035108602688993, 0.1270830182101818, 2.0315872923098692, 1.341022759041739, 1.9634195172105204, 0.8120967438292528, 1.9122022148434459, 1.380806517818741, 1.462243480109714, 0.776192978257896, -0.11501657475084137, -0.8337015793750943, 1.3229815045285223, 0.7178771046003848, 1.1769155182492241, 0.8684064508958595, 1.7590345911044696, 1.649109119844874, 1.65178461038035, 1.2039326267636412, 0.13960029166363325, 0.8690088119648728, 0.46926381521947164, -0.3800042796220797, 0.12788753813971704, -0.4038862820328375, -0.09533203414265201, -1.4683047406709295, -1.6656477217577341, -2.748219485571669, -2.2355040387460923, -0.8977023154561616, -0.8195681662845422, -1.544038262331393, -1.8717219407506944, -0.9450493640851163, -0.5255679050128276, -1.5142705986950875, -0.12014495260097004, -1.0708036334020696, -0.613358477100891, -0.013160681221452355, 0.6548112778973142, 0.747597507830304, 0.05436375036338466, -1.5391973913480326, -0.766785208235501, -0.43392939973772093, 0.35333074158607514, -0.07237580726225226, 0.5162571561881761, 0.12041337534334137, -0.15271845701433268, -2.58714964375605, -2.0293282701606814, -0.30226373386105265, -2.0241174954780736, -1.5083363293702596, -1.982211149139982, -0.6065441255710962, -0.42030833878543594, 0.5892829641931497, -0.015190538241418495, -1.382014608973375, -0.8677920994839529, -1.7618248163216406, 0.25699379360185715, -0.6058154832333165, -2.608062883921301, 0.04639176062747469, 6.615477939296333e-06, 0.1284836682736356, 0.005089747514554886, -0.6887481415816895, 0.06967754255931423, 0.6605083893323934, -0.2326483426008596, -1.9546022260279552, 0.5525989495618723, 1.1079520823684335, 1.99650221750688, 1.3214491754030413, 0.7031985016060678, 0.9529084878940208, 1.2061705297574292, 1.4055662101998299, 0.5994960135831847, 2.2860531952169225, -0.1385107210272844, 2.5704087333761403, 2.3566299763414933, 0.3005267038721441, 0.003221575823656602, 0.8572412606636837, 1.2643072671503364, 1.4218656810457961, 1.732573511682662, 0.2551596001120273, -0.21546990243034245, -0.9619927178037094, 1.497313192763186, 1.9482017192330212, 1.6338164279734786, 0.5084669691259223, 0.25875984080414927, -0.24429852602611726, -0.7596221429133807, 0.262473704596959, 0.475287626816288, 0.38570043929815284, -0.09006537479554838, -1.6278582456098458, -1.0291632705220042, -0.7303671611446141, -0.9794921423193036, -0.0318755397749805, -2.2180395357413327, -0.965301536788298, -1.1069603187748722, -1.339450519042084, -0.6240555568026405, -1.2757768410813297, -0.5487593618756471, -0.31563716955555526, -0.12725035505719076, 0.40939565923051097, -0.7101862855510982, -0.042729273801999416, -1.4748181785953196, -0.1698803541160458, -0.4200795338930138, -0.5249562557364721, 0.630050703361461, 0.18667330261457998, -0.9371172620838796, -0.05782801371234341, 0.38546275392793233, -0.0909093660267832, 0.34540241440095004, -0.884179176325202, -0.013800839384170668, 1.5475723827566354, -1.2550431852486745, 0.1636112428229023, -1.000209194864947, -1.5906291681391587, -2.108374773962029, -1.2868398249536601, -0.9804225029126371, -0.7469126516310384, -1.0030478803387881, -0.9256319645310208, 0.1922016308369215, -0.2010006423183936, 0.8067252511176108, -0.4090302059836499, -0.1481722712487938, -0.3164735601161119, -0.601149057669812, -0.4407099482597154, 0.11024058574094234, -0.7993960403066279, -0.7828725705830601, -0.6533876608180545, -0.72774447039829, -0.8802841652296537, -1.2641450084926273, -0.8582197726787218, -0.8733726304619241, -0.0066669124336286795, 0.33020408179177807, 0.5474844569452303, 1.1541159905151426, 0.7701695046400773, 0.664984784612347, 1.04557704624853, 0.33564945276585106, 1.0371785536052873, 1.2161920637618673, 0.7068240128898565]","[-0.8427367002914354, 0.7770222267709835, 0.5848324863395878, 0.6381946281917599, -0.6235476890762172, -0.6595076076307115, 0.5315858740882581, 0.29708488335411165, 0.32278280523260494, -0.7548327080223588, 1.510415186396873, -1.9827730849144884, 0.3126324208551499, -0.2751440977870802, -1.8559105316864333, 1.6780030992952581, -0.1768251576676243, -0.878035762049445, -0.7158549464472818, -0.2986887831057464, -0.10437663303244167, -0.19343547121033214, -0.37238199684838247, 0.5488581501764165, 0.6435157727239227, -1.0932504788240922, -0.5012472559207694, -0.451682077201307, 0.21702921304313913, 0.6546802125100161, -0.8814084646205015, 0.8402042776595089, -1.5689457591713423, -0.4455247501066738, -0.03917780604778291, 0.16771000728088908, 0.04252745128085073, 0.9271967406641912, 0.9831125175971382, -0.9886862737763266, 1.1467243884876779, 0.708877125979708, 0.32038783152040445, 0.24492896123431715, 1.549477931935582, 0.41976744545727124, -0.9254169022395683, 2.1332090201539167, 0.7640103867538175, 0.6213020672295271, -0.4049343180512481, 0.1816032160315088, 1.1952583586948036, 1.3725064085832395, 0.6115109897018766, -0.36037804595991013, 0.20924853511989255, -0.10567436615998559, -1.1788246973594065, 0.8237448219220472, 0.7524359829348479, 0.7026962495690261, 1.3172114732600764, 1.619938745665331, 1.0688300455003437, 1.4082852331275375, 1.8410842999618584, -0.2786069210209835, -0.16552941810322727, 1.1548348443015577, -0.7327791586695835, 1.9802728417315705, 0.4937716699104555, 0.5053508542726295, 0.5027717116250948, 0.1787367003471426, 0.8787536792588159, -1.0131279206713166, -1.5525683288770469, 0.2191988812285226, 1.6597520447039413, -0.30733204821514226, -0.16383687350801646, 0.06407634216783488, 0.22727331342926732, -1.8044116786412687, -1.521816403941328, 0.4213740062572664, -0.8929208928824764, -0.4989756578029778, 1.3457415792556449, 0.7577651783622946, 0.4901620299544017, -1.6817079927051475, -0.118862479650784, 0.8930280070145964, -0.6729872298494518, 0.3148109727817336, -1.3862946916896832, -2.10293994553212, -2.182547012211666, -1.6451663618137045, -0.11691830719818672, -0.21128205170389353, 0.7826740219819563, -1.4801688825703672, -1.321532462726062, -0.32498950421616635, 0.5450328446823944, -1.8615910754132328, -0.7443961938923317, -0.20036302104900916, -2.334367279840246, -0.2128896208493991, -0.10593960980410456, -1.1138244227026874, 1.6130376065855954, 0.6781591512907706, 1.3652852647330163, -1.5545894045005464, -0.6876504407920373, 1.708967259246591, 1.3621691592352863, -0.005109820317208804, 0.6017259010079377, -0.33999630232948713, 0.7310149528787531, 1.0484187307466362, 0.7467494745481742, 0.049470835127386176, 0.3232993008603535, 0.10884446124180788, -0.568081156470207, 1.5471355219791352, 0.2743111083553099, -0.12928143701406744, 1.2304870157531962, -1.1655924669960973, -0.1830745676624521, -0.4040340600763255, 0.21423591153761506, 1.821157265224787, 0.2759653138351295, 1.0262358650985766, -0.24452653265594404, 0.4374368047532916, -1.2745585805516384, 0.14722575752069492, 1.6515742635931798, -1.7015060412726037, -0.39881008295981746, -0.43645303794038104, -2.1140538414568737, 0.04821531182849949, -0.10215964688675665, 0.3876801225522616, -0.7824834306081563, 1.4526278592227932, -0.2520118524304295, 0.5348687103243313, 1.7380846186275, 0.3846498554910437, -0.4464165484830239, -0.8396952339044309, 2.5405594211596565, 0.9702244846768606, 0.2251159377663279, -0.5809266074503167, 0.7542688731638324, -1.3060892430865554, -0.28090167938042987, -1.1187565432287387, 1.040375844951104, 0.17552626275314748, 0.04966891638742727, 1.3164087150091213, 0.1625742078224143, 1.8576624343797303, -0.8866148491505959, -0.10901099533378837, 1.3458238230875532, 1.4063116706625267, 0.5197593433110538, 0.33546807436317544, 1.4246854250128673, 1.0158024760091962, -0.09891103781256719, 2.182339555733737, 2.312105940619794, 0.36145905272771495, 0.690533338236298, -1.52575789975359, 2.321570519109871, -0.7227455433674344, 0.2970064054076119, -1.6214598877005664, 1.206341869317129, -0.42663632889619457, 0.46327700698455754, -0.3660652503521675, -1.9397057360909422, -0.704905770025979, -1.740250386898088, -0.7715821924295825, 0.388139555485726, -1.0633476094266976, -0.5587150848613567, 0.09104198830566806, -0.3961254547963087, 1.3107917522867418, 0.18316069452947606, -0.0849842252428313, 0.3592991990435302, 1.0022958519397969, -0.106910528055116, -0.18888739005644772, -0.2614273037479677, 1.6115305434081144, 1.6996978158875935, 0.4779362512332908, 0.4083199487988409, 0.8683167939757863, -1.2177852945762127, -0.27580106465340415, -0.46975078128755754, -0.5753519074192698, 0.1361487634161261, -0.5466967897728512, -0.512041678922201, -0.3516749384891907, 0.038494862358179636, -1.1554705483454293, -0.03357468934453723, -0.705580380913, -0.5757509953035522, -0.34022200514411616, 0.6899119331859843, 0.8620189948713874, -0.035180722184884466, 1.4740832703585662, -1.4162944151068604, -0.46402234606280984, 1.8403276522919698, -0.1641932305112235, 1.212684167743371, 0.755461904744633, -0.84001224342614, 0.7156640520482037, -0.6239924947098981, 0.07334352413875864, 1.0144386405953953, -0.23844681717370628, -0.9121875612367284, 0.05245472572631582, -0.236882788282572, -1.8283970796815867, 0.13571008728301717, -1.3445612888062193, -0.18629923779924348, -0.22097584360732567, 1.334991502357909, 0.4564029582443055, -0.07424717561963239, 1.219797691139242, 0.7048542923028913, 0.9427272086769821, 0.38560949897605945, 1.2530772816718756, 0.3136920843521509, -0.7745633774332201, -0.3293982287152158, -1.1112053179016292, 1.4874330214327112, -1.3840289073392429, -0.18724052593857426, -1.4861591172506174, -0.5392535056249531, 3.2020977097630636, 2.129097988367773, -0.9365549073391854, -0.25342654923938374, -0.164429889868619, 1.5083546916709754, 0.5465456530070417, -0.35283586398283484, -0.8248677103367349, -0.11156115560819693, 1.552832053328727, -0.2670533821817206, 1.6131226495243707, -0.10508944817819703, -1.7840439876975063, -0.5234464469766329, 0.11726278526765274, 0.9079865086625469, -1.355848406477724, -0.2671248523733908, -0.7796297174916782, -0.3143289642276943, 1.0481576562243173, 1.1791773964689949, -0.8064850030524171, -0.00551466377307809, 0.5136631219696455, 0.02603514929828392, -1.3813715653372467, -1.770731811612308, 0.7954659644892887, -1.0005694147553923, 0.8101727655471094, 2.006917884728538, 0.408572849596823, 2.2436268776309127, -0.26799301571023415, 0.020959503085398082, 0.7661719843501353, 0.9416125654648085, 1.151900419921515, 0.5350786814037028, 1.4132822783391177, 1.0867124733666362, 2.109780426089189, -0.2707152242733357, -0.29293590068183434, -0.4961597250992285, 0.25328782322394855, -1.5993778389984603, -1.3188468272186986, -1.7838811613401695, -0.42420045547410207, -1.2748522129704112, -1.1661835177976212, -1.0420475219906322, -1.1090284513144306, -1.2200143535104673, -0.5834048368709155, 0.25647661137582284, -0.7513352155995839, -0.05788843270231167, -1.1237928300761684, 0.6405523596767466, -0.8871179914250217, -0.09560222193590251, 1.3781439831477245, 2.2154026560240005, 0.2669169031344129, 1.2659913956701254, 1.608252624439033, -1.4516721229525762, -0.016331213529444583, 0.8341903010749547, -0.42896451493027626, -1.139150209472758, 2.008196613601396, -0.9358135530610573, -0.5855346586862915, 0.9796610621146528, -0.2304817070600073, -0.28547241202591994, -1.2577428103792345, 1.2703217081756304, 0.3789451060014139, 0.7109073248317678, -0.5169625991055774, 0.08272528554676285, -0.20411802602561596, -0.9244007469181684, -0.6030172491710588, 0.3183574364302256, 1.509994484882412, -0.3122052129614339, 0.2698704569780389, -1.7867590009440069, -0.8462392382271665, 1.2610396737417657, -0.9983895492964493, 0.05869405596723686, 1.4044844393306053, -0.9319304482445916, -0.4759848348918779, 1.443308553720076]","['pred_proba_f', 'v74', 'v46', 'v112', 'v10', 'v18', 'area6', 'v53', 'v31', 'v58']","[np.float64(98418.04840587424), np.float64(10.414485171722093), np.float64(7.485651753608257), np.float64(22.304413807072976), np.float64(11.729689109470717), np.float64(22.940229451397055), np.float64(6.928478083126232), np.float64(8.350694377327867), np.float64(5.904007052133986), np.float64(22.314752965930076)]",4.392289592934161,4.488963469062348,4.555204506176889,0.9116053223780242,0.8201640542934592,1.1052019369917399,1.0253437219541595,4.503407771286526,5.142943090062052,5.119210797342445,1.173803580137924,1.0832969891195428,1.3746918095584628,1.3475401305819605,1.346130501244303,1.3747866558005444,1.3307084285005826,0.02689347881841534,0.011598674579615498,0.07522505832745542,0.03856145112036691,4.390847065862367,4.390847065862368,4.415362321928283,0.8141624233007073,0.7191183097413227,1.013826009931312,0.9757288190177709,1.0368741758379494,1.2918906373274255,1.2234936902557894,0.34264832400019796,0.30080347857485334,0.48982850481871965,0.4136945831435416,1.3295724855368016,1.6081644579290184,1.3776847051993926,0.15032263607804636,0.14525198603158715,0.20998748780823648,0.1957741773483327,False
